chr8	0	100000	0	0.0	NA
chr8	100000	200000	0	0.0	NA
chr8	200000	300000	6734	2224.0	0.330264330264
chr8	300000	400000	3519	1067.0	0.303211139528
chr8	400000	500000	2176	779.0	0.357996323529
chr8	500000	600000	7707	2530.0	0.328272998573
chr8	600000	700000	579	220.0	0.379965457686
chr8	700000	800000	0	0.0	NA
chr8	800000	900000	0	0.0	NA
chr8	900000	1000000	0	0.0	NA
chr8	1000000	1100000	0	0.0	NA
chr8	1100000	1200000	0	0.0	NA
chr8	1200000	1300000	0	0.0	NA
chr8	1300000	1400000	0	0.0	NA
chr8	1400000	1500000	0	0.0	NA
chr8	1500000	1600000	0	0.0	NA
chr8	1600000	1700000	4299	1571.0	0.365433821819
chr8	1700000	1800000	2580	947.0	0.367054263566
chr8	1800000	1900000	0	0.0	NA
chr8	1900000	2000000	3437	1401.0	0.407622926971
chr8	2000000	2100000	778	337.0	0.433161953728
chr8	2100000	2200000	11699	3838.0	0.328062227541
chr8	2200000	2300000	3242	1035.0	0.319247378162
chr8	2300000	2400000	13050	4597.0	0.352260536398
chr8	2400000	2500000	0	0.0	NA
chr8	2500000	2600000	0	0.0	NA
chr8	2600000	2700000	6442	2291.0	0.355634895995
chr8	2700000	2800000	22630	7497.0	0.331285903668
chr8	2800000	2900000	0	0.0	NA
chr8	2900000	3000000	0	0.0	NA
chr8	3000000	3100000	0	0.0	NA
chr8	3100000	3200000	0	0.0	NA
chr8	3200000	3300000	0	0.0	NA
chr8	3300000	3400000	0	0.0	NA
chr8	3400000	3500000	0	0.0	NA
chr8	3500000	3600000	0	0.0	NA
chr8	3600000	3700000	0	0.0	NA
chr8	3700000	3800000	0	0.0	NA
chr8	3800000	3900000	0	0.0	NA
chr8	3900000	4000000	0	0.0	NA
chr8	4000000	4100000	0	0.0	NA
chr8	4100000	4200000	0	0.0	NA
chr8	4200000	4300000	0	0.0	NA
chr8	4300000	4400000	0	0.0	NA
chr8	4400000	4500000	0	0.0	NA
chr8	4500000	4600000	0	0.0	NA
chr8	4600000	4700000	0	0.0	NA
chr8	4700000	4800000	0	0.0	NA
chr8	4800000	4900000	24147	7764.0	0.321530624922
chr8	4900000	5000000	52086	16217.0	0.311350458857
chr8	5000000	5100000	38487	11821.0	0.307142671551
chr8	5100000	5200000	40879	12545.0	0.306881283789
chr8	5200000	5300000	47336	14446.0	0.30517998986
chr8	5300000	5400000	51852	16142.0	0.311309110545
chr8	5400000	5500000	54321	16581.0	0.305241066991
chr8	5500000	5600000	56527	17212.0	0.304491658853
chr8	5600000	5700000	36973	11492.0	0.310821410218
chr8	5700000	5800000	32401	9463.0	0.292058887071
chr8	5800000	5900000	50176	14725.0	0.293466996173
chr8	5900000	6000000	862	323.0	0.374709976798
chr8	6000000	6100000	0	0.0	NA
chr8	6100000	6200000	28134	8468.0	0.300988128243
chr8	6200000	6300000	12384	3582.0	0.289244186047
chr8	6300000	6400000	0	0.0	NA
chr8	6400000	6500000	0	0.0	NA
chr8	6500000	6600000	0	0.0	NA
chr8	6600000	6700000	15932	5369.0	0.336994727592
chr8	6700000	6800000	13609	4512.0	0.331545300904
chr8	6800000	6900000	0	0.0	NA
chr8	6900000	7000000	956	194.0	0.202928870293
chr8	7000000	7100000	0	0.0	NA
chr8	7100000	7200000	0	0.0	NA
chr8	7200000	7300000	0	0.0	NA
chr8	7300000	7400000	0	0.0	NA
chr8	7400000	7500000	0	0.0	NA
chr8	7500000	7600000	0	0.0	NA
chr8	7600000	7700000	0	0.0	NA
chr8	7700000	7800000	0	0.0	NA
chr8	7800000	7900000	0	0.0	NA
chr8	7900000	8000000	0	0.0	NA
chr8	8000000	8100000	0	0.0	NA
chr8	8100000	8200000	41219	11409.0	0.276789829933
chr8	8200000	8300000	23854	6140.0	0.257399178335
chr8	8300000	8400000	49706	13201.0	0.265581619925
chr8	8400000	8500000	53767	13440.0	0.249967452155
chr8	8500000	8600000	34955	9728.0	0.278300672293
chr8	8600000	8700000	68	22.0	0.323529411765
chr8	8700000	8800000	22527	5811.0	0.257957118125
chr8	8800000	8900000	25792	6565.0	0.254536290323
chr8	8900000	9000000	44590	11607.0	0.260305001121
chr8	9000000	9100000	30752	7793.0	0.253414412071
chr8	9100000	9200000	3852	1025.0	0.266095534787
chr8	9200000	9300000	2038	560.0	0.274779195289
chr8	9300000	9400000	36508	9271.0	0.253944340966
chr8	9400000	9500000	4111	1035.0	0.251763561177
chr8	9500000	9600000	0	0.0	NA
chr8	9600000	9700000	8656	2405.0	0.277841959335
chr8	9700000	9800000	46430	11294.0	0.243247900065
chr8	9800000	9900000	54369	13088.0	0.240725413379
chr8	9900000	10000000	3961	1047.0	0.264327190104
chr8	10000000	10100000	0	0.0	NA
chr8	10100000	10200000	0	0.0	NA
chr8	10200000	10300000	4537	1160.0	0.255675556535
chr8	10300000	10400000	9023	2429.0	0.269200930954
chr8	10400000	10500000	29794	8798.0	0.295294354568
chr8	10500000	10600000	23384	7010.0	0.299777625727
chr8	10600000	10700000	0	0.0	NA
chr8	10700000	10800000	40483	9947.0	0.245708074994
chr8	10800000	10900000	0	0.0	NA
chr8	10900000	11000000	0	0.0	NA
chr8	11000000	11100000	26380	6788.0	0.257316148597
chr8	11100000	11200000	10965	2990.0	0.272685818513
chr8	11200000	11300000	0	0.0	NA
chr8	11300000	11400000	14069	4081.0	0.290070367475
chr8	11400000	11500000	44489	12866.0	0.28919508193
chr8	11500000	11600000	18338	5166.0	0.281710110154
chr8	11600000	11700000	7112	2206.0	0.310179977503
chr8	11700000	11800000	14408	4125.0	0.286299278179
chr8	11800000	11900000	18025	5071.0	0.28133148405
chr8	11900000	12000000	0	0.0	NA
chr8	12000000	12100000	0	0.0	NA
chr8	12100000	12200000	0	0.0	NA
chr8	12200000	12300000	0	0.0	NA
chr8	12300000	12400000	0	0.0	NA
chr8	12400000	12500000	0	0.0	NA
chr8	12500000	12600000	355	96.0	0.270422535211
chr8	12600000	12700000	18695	4756.0	0.254399572078
chr8	12700000	12800000	36238	9475.0	0.261465864562
chr8	12800000	12900000	6459	1812.0	0.280538783093
chr8	12900000	13000000	16872	4808.0	0.284969179706
chr8	13000000	13100000	0	0.0	NA
chr8	13100000	13200000	0	0.0	NA
chr8	13200000	13300000	0	0.0	NA
chr8	13300000	13400000	0	0.0	NA
chr8	13400000	13500000	18315	4943.0	0.269888069888
chr8	13500000	13600000	44572	12124.0	0.272009333214
chr8	13600000	13700000	43986	11793.0	0.268108034375
chr8	13700000	13800000	43443	11621.0	0.267499942453
chr8	13800000	13900000	42100	11380.0	0.270308788599
chr8	13900000	14000000	22320	5987.0	0.268234767025
chr8	14000000	14100000	0	0.0	NA
chr8	14100000	14200000	0	0.0	NA
chr8	14200000	14300000	0	0.0	NA
chr8	14300000	14400000	0	0.0	NA
chr8	14400000	14500000	0	0.0	NA
chr8	14500000	14600000	0	0.0	NA
chr8	14600000	14700000	0	0.0	NA
chr8	14700000	14800000	0	0.0	NA
chr8	14800000	14900000	0	0.0	NA
chr8	14900000	15000000	0	0.0	NA
chr8	15000000	15100000	3088	756.0	0.24481865285
chr8	15100000	15200000	47194	12104.0	0.256473280502
chr8	15200000	15300000	47458	12297.0	0.259113321252
chr8	15300000	15400000	35096	8794.0	0.250569865512
chr8	15400000	15500000	0	0.0	NA
chr8	15500000	15600000	0	0.0	NA
chr8	15600000	15700000	33999	8962.0	0.263595988117
chr8	15700000	15800000	44396	11389.0	0.256532120011
chr8	15800000	15900000	38027	9854.0	0.259131669603
chr8	15900000	16000000	35746	9277.0	0.259525541319
chr8	16000000	16100000	18533	4890.0	0.263853666433
chr8	16100000	16200000	55617	13863.0	0.249258320298
chr8	16200000	16300000	42674	11031.0	0.258494633735
chr8	16300000	16400000	51351	13274.0	0.258495452864
chr8	16400000	16500000	30069	7576.0	0.251953839502
chr8	16500000	16600000	3529	831.0	0.235477472372
chr8	16600000	16700000	0	0.0	NA
chr8	16700000	16800000	7236	1704.0	0.235489220564
chr8	16800000	16900000	30523	7205.0	0.236051502146
chr8	16900000	17000000	5286	1262.0	0.238743851684
chr8	17000000	17100000	3978	1016.0	0.255404725993
chr8	17100000	17200000	0	0.0	NA
chr8	17200000	17300000	13579	3411.0	0.251196700788
chr8	17300000	17400000	24229	6072.0	0.250608774609
chr8	17400000	17500000	3194	867.0	0.271446462116
chr8	17500000	17600000	502	148.0	0.294820717131
chr8	17600000	17700000	0	0.0	NA
chr8	17700000	17800000	6525	1633.0	0.250268199234
chr8	17800000	17900000	318	81.0	0.254716981132
chr8	17900000	18000000	252	53.0	0.210317460317
chr8	18000000	18100000	0	0.0	NA
chr8	18100000	18200000	0	0.0	NA
chr8	18200000	18300000	0	0.0	NA
chr8	18300000	18400000	8236	2266.0	0.275133559981
chr8	18400000	18500000	0	0.0	NA
chr8	18500000	18600000	0	0.0	NA
chr8	18600000	18700000	0	0.0	NA
chr8	18700000	18800000	0	0.0	NA
chr8	18800000	18900000	10718	2647.0	0.246967717858
chr8	18900000	19000000	27852	6971.0	0.250287232515
chr8	19000000	19100000	0	0.0	NA
chr8	19100000	19200000	20325	5549.0	0.273013530135
chr8	19200000	19300000	2932	899.0	0.306616643929
chr8	19300000	19400000	0	0.0	NA
chr8	19400000	19500000	0	0.0	NA
chr8	19500000	19600000	0	0.0	NA
chr8	19600000	19700000	21138	5412.0	0.256031791087
chr8	19700000	19800000	13659	3639.0	0.266417746541
chr8	19800000	19900000	14511	3824.0	0.263524223003
chr8	19900000	20000000	12522	3369.0	0.269046478198
chr8	20000000	20100000	23826	6362.0	0.267019222698
chr8	20100000	20200000	22126	5758.0	0.260236825454
chr8	20200000	20300000	51250	13182.0	0.257209756098
chr8	20300000	20400000	68421	17929.0	0.262039432338
chr8	20400000	20500000	58147	14976.0	0.25755413005
chr8	20500000	20600000	42516	11624.0	0.273402954182
chr8	20600000	20700000	63466	16533.0	0.260501685942
chr8	20700000	20800000	64051	17186.0	0.268317434544
chr8	20800000	20900000	29435	7850.0	0.266689315441
chr8	20900000	21000000	66390	17620.0	0.265401415876
chr8	21000000	21100000	61830	16845.0	0.272440562834
chr8	21100000	21200000	54699	14725.0	0.269200533831
chr8	21200000	21300000	62475	16445.0	0.263225290116
chr8	21300000	21400000	67408	17280.0	0.256349394731
chr8	21400000	21500000	67460	17939.0	0.265920545508
chr8	21500000	21600000	28055	7948.0	0.283300659419
chr8	21600000	21700000	0	0.0	NA
chr8	21700000	21800000	4165	1081.0	0.259543817527
chr8	21800000	21900000	5772	1587.0	0.274948024948
chr8	21900000	22000000	9932	2841.0	0.286045106726
chr8	22000000	22100000	12094	3173.0	0.262361501571
chr8	22100000	22200000	992	255.0	0.257056451613
chr8	22200000	22300000	4636	1158.0	0.249784296808
chr8	22300000	22400000	0	0.0	NA
chr8	22400000	22500000	7713	1901.0	0.24646700376
chr8	22500000	22600000	11982	2972.0	0.248038724754
chr8	22600000	22700000	0	0.0	NA
chr8	22700000	22800000	5401	1402.0	0.259581558971
chr8	22800000	22900000	15786	4287.0	0.271569745344
chr8	22900000	23000000	1519	487.0	0.320605661619
chr8	23000000	23100000	960	291.0	0.303125
chr8	23100000	23200000	9567	2679.0	0.280025086234
chr8	23200000	23300000	0	0.0	NA
chr8	23300000	23400000	26299	7482.0	0.284497509411
chr8	23400000	23500000	34345	8835.0	0.257242684525
chr8	23500000	23600000	33107	8671.0	0.261908357749
chr8	23600000	23700000	35805	8969.0	0.250495740818
chr8	23700000	23800000	59040	14843.0	0.251405826558
chr8	23800000	23900000	61277	15204.0	0.248119196436
chr8	23900000	24000000	55621	13891.0	0.249743801801
chr8	24000000	24100000	46902	12104.0	0.258070018336
chr8	24100000	24200000	19513	5202.0	0.2665915031
chr8	24200000	24300000	0	0.0	NA
chr8	24300000	24400000	0	0.0	NA
chr8	24400000	24500000	0	0.0	NA
chr8	24500000	24600000	0	0.0	NA
chr8	24600000	24700000	0	0.0	NA
chr8	24700000	24800000	12555	3315.0	0.26403823178
chr8	24800000	24900000	39508	10307.0	0.260883871621
chr8	24900000	25000000	50546	13045.0	0.258081747319
chr8	25000000	25100000	17079	4313.0	0.252532349669
chr8	25100000	25200000	0	0.0	NA
chr8	25200000	25300000	0	0.0	NA
chr8	25300000	25400000	0	0.0	NA
chr8	25400000	25500000	0	0.0	NA
chr8	25500000	25600000	0	0.0	NA
chr8	25600000	25700000	0	0.0	NA
chr8	25700000	25800000	0	0.0	NA
chr8	25800000	25900000	0	0.0	NA
chr8	25900000	26000000	0	0.0	NA
chr8	26000000	26100000	0	0.0	NA
chr8	26100000	26200000	0	0.0	NA
chr8	26200000	26300000	11164	3050.0	0.273199570047
chr8	26300000	26400000	23545	6518.0	0.276831599066
chr8	26400000	26500000	0	0.0	NA
chr8	26500000	26600000	35751	9495.0	0.265586976588
chr8	26600000	26700000	3373	1004.0	0.297657871331
chr8	26700000	26800000	38003	9635.0	0.253532615846
chr8	26800000	26900000	36658	9413.0	0.256778875007
chr8	26900000	27000000	41573	10813.0	0.260096697376
chr8	27000000	27100000	28482	7552.0	0.265149919247
chr8	27100000	27200000	12115	3627.0	0.299380932728
chr8	27200000	27300000	0	0.0	NA
chr8	27300000	27400000	6489	1788.0	0.275543227
chr8	27400000	27500000	34460	10067.0	0.292135809634
chr8	27500000	27600000	25252	6410.0	0.253841279899
chr8	27600000	27700000	1885	467.0	0.24774535809
chr8	27700000	27800000	8453	1968.0	0.232816751449
chr8	27800000	27900000	18129	4952.0	0.273153510949
chr8	27900000	28000000	1528	332.0	0.217277486911
chr8	28000000	28100000	20856	5639.0	0.270377828922
chr8	28100000	28200000	1670	490.0	0.293413173653
chr8	28200000	28300000	1517	498.0	0.328279499011
chr8	28300000	28400000	2176	538.0	0.247242647059
chr8	28400000	28500000	15525	4023.0	0.259130434783
chr8	28500000	28600000	0	0.0	NA
chr8	28600000	28700000	3615	1012.0	0.279944674965
chr8	28700000	28800000	127	27.0	0.212598425197
chr8	28800000	28900000	0	0.0	NA
chr8	28900000	29000000	8744	2273.0	0.25994967978
chr8	29000000	29100000	0	0.0	NA
chr8	29100000	29200000	10286	2660.0	0.258603927669
chr8	29200000	29300000	42537	11337.0	0.266520911207
chr8	29300000	29400000	44868	11896.0	0.265133279843
chr8	29400000	29500000	45181	12057.0	0.266859963259
chr8	29500000	29600000	18287	4805.0	0.262754962542
chr8	29600000	29700000	17848	4543.0	0.254538323622
chr8	29700000	29800000	34666	8550.0	0.246639358449
chr8	29800000	29900000	38583	9647.0	0.250032397688
chr8	29900000	30000000	3615	904.0	0.250069156293
chr8	30000000	30100000	0	0.0	NA
chr8	30100000	30200000	33260	8508.0	0.255802766085
chr8	30200000	30300000	8201	1967.0	0.239848798927
chr8	30300000	30400000	0	0.0	NA
chr8	30400000	30500000	2794	952.0	0.340730136006
chr8	30500000	30600000	1707	465.0	0.272407732865
chr8	30600000	30700000	3986	1032.0	0.258906171601
chr8	30700000	30800000	21960	5263.0	0.239663023679
chr8	30800000	30900000	21293	4981.0	0.233926642559
chr8	30900000	31000000	0	0.0	NA
chr8	31000000	31100000	14361	3661.0	0.254926537149
chr8	31100000	31200000	15914	3982.0	0.250219932135
chr8	31200000	31300000	29822	7259.0	0.243410904701
chr8	31300000	31400000	32390	7590.0	0.234331583822
chr8	31400000	31500000	42372	10153.0	0.239615784008
chr8	31500000	31600000	0	0.0	NA
chr8	31600000	31700000	0	0.0	NA
chr8	31700000	31800000	0	0.0	NA
chr8	31800000	31900000	0	0.0	NA
chr8	31900000	32000000	0	0.0	NA
chr8	32000000	32100000	0	0.0	NA
chr8	32100000	32200000	0	0.0	NA
chr8	32200000	32300000	0	0.0	NA
chr8	32300000	32400000	0	0.0	NA
chr8	32400000	32500000	0	0.0	NA
chr8	32500000	32600000	0	0.0	NA
chr8	32600000	32700000	28005	7235.0	0.258346723799
chr8	32700000	32800000	50814	12402.0	0.24406659582
chr8	32800000	32900000	0	0.0	NA
chr8	32900000	33000000	56072	13504.0	0.240833214439
chr8	33000000	33100000	54102	12621.0	0.233281579239
chr8	33100000	33200000	47644	11380.0	0.238854840064
chr8	33200000	33300000	12396	2993.0	0.241448854469
chr8	33300000	33400000	5585	1526.0	0.273231871083
chr8	33400000	33500000	6519	1881.0	0.288541187299
chr8	33500000	33600000	0	0.0	NA
chr8	33600000	33700000	0	0.0	NA
chr8	33700000	33800000	0	0.0	NA
chr8	33800000	33900000	1968	520.0	0.264227642276
chr8	33900000	34000000	49515	12402.0	0.25046955468
chr8	34000000	34100000	45235	10722.0	0.237028849342
chr8	34100000	34200000	0	0.0	NA
chr8	34200000	34300000	46298	11656.0	0.25176033522
chr8	34300000	34400000	58369	14267.0	0.244427692782
chr8	34400000	34500000	41175	10726.0	0.260497874924
chr8	34500000	34600000	50535	12956.0	0.256376768576
chr8	34600000	34700000	24329	6181.0	0.254058942003
chr8	34700000	34800000	39398	10015.0	0.254200720849
chr8	34800000	34900000	62096	15649.0	0.25201301211
chr8	34900000	35000000	46170	11666.0	0.252674897119
chr8	35000000	35100000	51598	12591.0	0.244021086089
chr8	35100000	35200000	0	0.0	NA
chr8	35200000	35300000	0	0.0	NA
chr8	35300000	35400000	0	0.0	NA
chr8	35400000	35500000	0	0.0	NA
chr8	35500000	35600000	0	0.0	NA
chr8	35600000	35700000	12928	3369.0	0.260597153465
chr8	35700000	35800000	3645	861.0	0.23621399177
chr8	35800000	35900000	11824	2992.0	0.253044654939
chr8	35900000	36000000	13562	3378.0	0.249078307034
chr8	36000000	36100000	44419	10936.0	0.246200950044
chr8	36100000	36200000	45632	11171.0	0.244806276297
chr8	36200000	36300000	45714	11838.0	0.258957868487
chr8	36300000	36400000	43727	11580.0	0.264824936538
chr8	36400000	36500000	0	0.0	NA
chr8	36500000	36600000	0	0.0	NA
chr8	36600000	36700000	2388	717.0	0.300251256281
chr8	36700000	36800000	3288	871.0	0.264902676399
chr8	36800000	36900000	56247	14018.0	0.249222180739
chr8	36900000	37000000	56265	14049.0	0.249693415089
chr8	37000000	37100000	68917	17512.0	0.254102761293
chr8	37100000	37200000	64983	16665.0	0.256451687364
chr8	37200000	37300000	43412	10610.0	0.244402469363
chr8	37300000	37400000	0	0.0	NA
chr8	37400000	37500000	23629	6418.0	0.271615387871
chr8	37500000	37600000	24297	5822.0	0.239618059843
chr8	37600000	37700000	10311	2862.0	0.277567646203
chr8	37700000	37800000	13611	3753.0	0.275732863125
chr8	37800000	37900000	16930	4564.0	0.269580626108
chr8	37900000	38000000	6981	1858.0	0.266150981235
chr8	38000000	38100000	3068	733.0	0.238917861799
chr8	38100000	38200000	455	126.0	0.276923076923
chr8	38200000	38300000	3014	678.0	0.22495023225
chr8	38300000	38400000	24133	5878.0	0.243566900095
chr8	38400000	38500000	41770	10817.0	0.258965764903
chr8	38500000	38600000	47017	11359.0	0.241593466193
chr8	38600000	38700000	0	0.0	NA
chr8	38700000	38800000	22652	5743.0	0.25353169698
chr8	38800000	38900000	267	66.0	0.247191011236
chr8	38900000	39000000	1463	365.0	0.249487354751
chr8	39000000	39100000	0	0.0	NA
chr8	39100000	39200000	2729	724.0	0.265298644192
chr8	39200000	39300000	2800	745.0	0.266071428571
chr8	39300000	39400000	9138	2524.0	0.276209236157
chr8	39400000	39500000	8139	2252.0	0.276692468362
chr8	39500000	39600000	2926	956.0	0.326725905673
chr8	39600000	39700000	783	201.0	0.256704980843
chr8	39700000	39800000	0	0.0	NA
chr8	39800000	39900000	6116	1699.0	0.277795945062
chr8	39900000	40000000	36439	9470.0	0.259886385466
chr8	40000000	40100000	54872	14174.0	0.258310249307
chr8	40100000	40200000	34964	8653.0	0.247483125501
chr8	40200000	40300000	26739	6997.0	0.261677699241
chr8	40300000	40400000	50033	13493.0	0.269682009873
chr8	40400000	40500000	0	0.0	NA
chr8	40500000	40600000	0	0.0	NA
chr8	40600000	40700000	0	0.0	NA
chr8	40700000	40800000	23561	6551.0	0.278044225627
chr8	40800000	40900000	38375	11170.0	0.291074918567
chr8	40900000	41000000	28789	7943.0	0.275903991108
chr8	41000000	41100000	45036	12295.0	0.273003819167
chr8	41100000	41200000	31900	8682.0	0.272163009404
chr8	41200000	41300000	38758	9385.0	0.242143557459
chr8	41300000	41400000	26796	6837.0	0.255150022391
chr8	41400000	41500000	6455	1831.0	0.283656080558
chr8	41500000	41600000	1735	518.0	0.29855907781
chr8	41600000	41700000	0	0.0	NA
chr8	41700000	41800000	12633	3736.0	0.29573339666
chr8	41800000	41900000	0	0.0	NA
chr8	41900000	42000000	11610	3099.0	0.266925064599
chr8	42000000	42100000	14883	4071.0	0.273533561782
chr8	42100000	42200000	985	301.0	0.305583756345
chr8	42200000	42300000	10775	3097.0	0.287424593968
chr8	42300000	42400000	0	0.0	NA
chr8	42400000	42500000	28045	7352.0	0.262150115885
chr8	42500000	42600000	21331	5934.0	0.278186676668
chr8	42600000	42700000	13347	3467.0	0.259758747284
chr8	42700000	42800000	336	96.0	0.285714285714
chr8	42800000	42900000	0	0.0	NA
chr8	42900000	43000000	3812	1062.0	0.278593913956
chr8	43000000	43100000	387	122.0	0.315245478036
chr8	43100000	43200000	0	0.0	NA
chr8	43200000	43300000	2789	695.0	0.249193259233
chr8	43300000	43400000	6825	1669.0	0.244542124542
chr8	43400000	43500000	0	0.0	NA
chr8	43500000	43600000	0	0.0	NA
chr8	43600000	43700000	0	0.0	NA
chr8	43700000	43800000	0	0.0	NA
chr8	43800000	43900000	0	0.0	NA
chr8	43900000	44000000	0	0.0	NA
chr8	44000000	44100000	0	0.0	NA
chr8	44100000	44200000	0	0.0	NA
chr8	44200000	44300000	0	0.0	NA
chr8	44300000	44400000	0	0.0	NA
chr8	44400000	44500000	0	0.0	NA
chr8	44500000	44600000	0	0.0	NA
chr8	44600000	44700000	0	0.0	NA
chr8	44700000	44800000	0	0.0	NA
chr8	44800000	44900000	0	0.0	NA
chr8	44900000	45000000	0	0.0	NA
chr8	45000000	45100000	0	0.0	NA
chr8	45100000	45200000	0	0.0	NA
chr8	45200000	45300000	0	0.0	NA
chr8	45300000	45400000	0	0.0	NA
chr8	45400000	45500000	0	0.0	NA
chr8	45500000	45600000	0	0.0	NA
chr8	45600000	45700000	0	0.0	NA
chr8	45700000	45800000	0	0.0	NA
chr8	45800000	45900000	0	0.0	NA
chr8	45900000	46000000	0	0.0	NA
chr8	46000000	46100000	0	0.0	NA
chr8	46100000	46200000	0	0.0	NA
chr8	46200000	46300000	0	0.0	NA
chr8	46300000	46400000	0	0.0	NA
chr8	46400000	46500000	0	0.0	NA
chr8	46500000	46600000	0	0.0	NA
chr8	46600000	46700000	0	0.0	NA
chr8	46700000	46800000	0	0.0	NA
chr8	46800000	46900000	0	0.0	NA
chr8	46900000	47000000	0	0.0	NA
chr8	47000000	47100000	0	0.0	NA
chr8	47100000	47200000	0	0.0	NA
chr8	47200000	47300000	0	0.0	NA
chr8	47300000	47400000	0	0.0	NA
chr8	47400000	47500000	16022	4139.0	0.258332293097
chr8	47500000	47600000	15492	3933.0	0.253872966692
chr8	47600000	47700000	18605	4877.0	0.262133834991
chr8	47700000	47800000	0	0.0	NA
chr8	47800000	47900000	8835	2336.0	0.264402942841
chr8	47900000	48000000	14236	3682.0	0.258640067435
chr8	48000000	48100000	11783	3179.0	0.269795468047
chr8	48100000	48200000	996	301.0	0.302208835341
chr8	48200000	48300000	0	0.0	NA
chr8	48300000	48400000	0	0.0	NA
chr8	48400000	48500000	0	0.0	NA
chr8	48500000	48600000	0	0.0	NA
chr8	48600000	48700000	509	116.0	0.2278978389
chr8	48700000	48800000	0	0.0	NA
chr8	48800000	48900000	448	122.0	0.272321428571
chr8	48900000	49000000	4439	1170.0	0.263572876774
chr8	49000000	49100000	26898	7396.0	0.274964681389
chr8	49100000	49200000	30622	8485.0	0.27708836784
chr8	49200000	49300000	42889	11280.0	0.263004499988
chr8	49300000	49400000	55179	15989.0	0.28976603418
chr8	49400000	49500000	39692	10727.0	0.270255970977
chr8	49500000	49600000	0	0.0	NA
chr8	49600000	49700000	43803	12086.0	0.275917174623
chr8	49700000	49800000	55319	15826.0	0.286086154847
chr8	49800000	49900000	46100	12752.0	0.276616052061
chr8	49900000	50000000	27749	7816.0	0.281667807849
chr8	50000000	50100000	20614	5801.0	0.281410691763
chr8	50100000	50200000	17067	4862.0	0.284877248491
chr8	50200000	50300000	37920	10652.0	0.280907172996
chr8	50300000	50400000	22342	6161.0	0.275758660818
chr8	50400000	50500000	14583	3967.0	0.27202907495
chr8	50500000	50600000	18592	5012.0	0.269578313253
chr8	50600000	50700000	35860	10084.0	0.281204684886
chr8	50700000	50800000	31062	8587.0	0.276447105788
chr8	50800000	50900000	9519	2612.0	0.274398571278
chr8	50900000	51000000	0	0.0	NA
chr8	51000000	51100000	0	0.0	NA
chr8	51100000	51200000	0	0.0	NA
chr8	51200000	51300000	0	0.0	NA
chr8	51300000	51400000	0	0.0	NA
chr8	51400000	51500000	0	0.0	NA
chr8	51500000	51600000	0	0.0	NA
chr8	51600000	51700000	0	0.0	NA
chr8	51700000	51800000	24187	6671.0	0.275809319056
chr8	51800000	51900000	32522	9047.0	0.278180923682
chr8	51900000	52000000	26725	7198.0	0.269335827877
chr8	52000000	52100000	42670	11450.0	0.268338411062
chr8	52100000	52200000	26617	7045.0	0.26468046737
chr8	52200000	52300000	0	0.0	NA
chr8	52300000	52400000	0	0.0	NA
chr8	52400000	52500000	0	0.0	NA
chr8	52500000	52600000	0	0.0	NA
chr8	52600000	52700000	0	0.0	NA
chr8	52700000	52800000	2292	632.0	0.275741710297
chr8	52800000	52900000	6133	1686.0	0.274906244905
chr8	52900000	53000000	24336	6390.0	0.262573964497
chr8	53000000	53100000	12432	3285.0	0.264237451737
chr8	53100000	53200000	0	0.0	NA
chr8	53200000	53300000	0	0.0	NA
chr8	53300000	53400000	42882	10901.0	0.254209225316
chr8	53400000	53500000	23978	6231.0	0.259863207941
chr8	53500000	53600000	10619	2609.0	0.245691684716
chr8	53600000	53700000	27718	7082.0	0.25550183996
chr8	53700000	53800000	33713	8898.0	0.263933794085
chr8	53800000	53900000	36626	9121.0	0.249030743188
chr8	53900000	54000000	23246	6190.0	0.266282371161
chr8	54000000	54100000	27670	7029.0	0.254029634984
chr8	54100000	54200000	14387	3900.0	0.271078056579
chr8	54200000	54300000	17050	4639.0	0.272082111437
chr8	54300000	54400000	29749	7906.0	0.265756832162
chr8	54400000	54500000	29086	7934.0	0.272777281166
chr8	54500000	54600000	30160	8345.0	0.276690981432
chr8	54600000	54700000	9799	2627.0	0.268088580467
chr8	54700000	54800000	1252	323.0	0.257987220447
chr8	54800000	54900000	3906	1200.0	0.307219662058
chr8	54900000	55000000	679	187.0	0.275405007364
chr8	55000000	55100000	16073	4174.0	0.259690163628
chr8	55100000	55200000	37518	9659.0	0.25744975745
chr8	55200000	55300000	47976	12465.0	0.259817408704
chr8	55300000	55400000	53874	14107.0	0.261851728106
chr8	55400000	55500000	21561	5446.0	0.25258568712
chr8	55500000	55600000	0	0.0	NA
chr8	55600000	55700000	0	0.0	NA
chr8	55700000	55800000	7993	2131.0	0.266608282247
chr8	55800000	55900000	51198	13455.0	0.262803234501
chr8	55900000	56000000	44179	11487.0	0.260010412187
chr8	56000000	56100000	7170	1776.0	0.24769874477
chr8	56100000	56200000	0	0.0	NA
chr8	56200000	56300000	0	0.0	NA
chr8	56300000	56400000	0	0.0	NA
chr8	56400000	56500000	17292	4434.0	0.256419153366
chr8	56500000	56600000	40565	10418.0	0.256822383828
chr8	56600000	56700000	1733	390.0	0.225043277553
chr8	56700000	56800000	22019	6210.0	0.282029156637
chr8	56800000	56900000	0	0.0	NA
chr8	56900000	57000000	19339	5359.0	0.277108433735
chr8	57000000	57100000	22613	5379.0	0.237872020519
chr8	57100000	57200000	19677	5019.0	0.255069370331
chr8	57200000	57300000	12100	3418.0	0.282479338843
chr8	57300000	57400000	13798	3748.0	0.271633570083
chr8	57400000	57500000	14899	3892.0	0.26122558561
chr8	57500000	57600000	40087	10330.0	0.257689525283
chr8	57600000	57700000	58263	15213.0	0.261109108697
chr8	57700000	57800000	48869	13151.0	0.269107204977
chr8	57800000	57900000	33513	8774.0	0.261808850297
chr8	57900000	58000000	37998	10035.0	0.264092846992
chr8	58000000	58100000	23815	6223.0	0.261305899643
chr8	58100000	58200000	14256	4310.0	0.302328843996
chr8	58200000	58300000	14905	4579.0	0.307212344851
chr8	58300000	58400000	29105	7704.0	0.264696787494
chr8	58400000	58500000	27970	7486.0	0.267643904183
chr8	58500000	58600000	5562	1446.0	0.259978425027
chr8	58600000	58700000	0	0.0	NA
chr8	58700000	58800000	40589	10529.0	0.259405257582
chr8	58800000	58900000	58346	14779.0	0.253299283584
chr8	58900000	59000000	4957	1265.0	0.255194674198
chr8	59000000	59100000	24468	6469.0	0.264386136995
chr8	59100000	59200000	44816	11769.0	0.262607104605
chr8	59200000	59300000	38217	9511.0	0.248868304681
chr8	59300000	59400000	27722	7090.0	0.255753553135
chr8	59400000	59500000	23298	5935.0	0.254742896386
chr8	59500000	59600000	7793	2103.0	0.269857564481
chr8	59600000	59700000	51640	12787.0	0.247618125484
chr8	59700000	59800000	12047	3023.0	0.25093384245
chr8	59800000	59900000	0	0.0	NA
chr8	59900000	60000000	0	0.0	NA
chr8	60000000	60100000	38956	9252.0	0.237498716501
chr8	60100000	60200000	48982	11809.0	0.241088563146
chr8	60200000	60300000	65231	15476.0	0.237249160675
chr8	60300000	60400000	36508	8830.0	0.241864796757
chr8	60400000	60500000	31405	7669.0	0.244196783952
chr8	60500000	60600000	56413	12493.0	0.221456047365
chr8	60600000	60700000	44903	11255.0	0.250651404138
chr8	60700000	60800000	25676	6214.0	0.242015890326
chr8	60800000	60900000	54157	12857.0	0.237402367192
chr8	60900000	61000000	32594	7825.0	0.240074860404
chr8	61000000	61100000	52343	12550.0	0.239764629463
chr8	61100000	61200000	4950	1189.0	0.240202020202
chr8	61200000	61300000	40408	9984.0	0.247079786181
chr8	61300000	61400000	0	0.0	NA
chr8	61400000	61500000	0	0.0	NA
chr8	61500000	61600000	24002	6262.0	0.260894925423
chr8	61600000	61700000	0	0.0	NA
chr8	61700000	61800000	13200	3461.0	0.262196969697
chr8	61800000	61900000	24321	5946.0	0.244480078944
chr8	61900000	62000000	70490	17464.0	0.247751454107
chr8	62000000	62100000	55606	14521.0	0.261140884077
chr8	62100000	62200000	31331	8141.0	0.259838498612
chr8	62200000	62300000	0	0.0	NA
chr8	62300000	62400000	0	0.0	NA
chr8	62400000	62500000	0	0.0	NA
chr8	62500000	62600000	0	0.0	NA
chr8	62600000	62700000	35014	9328.0	0.266407722625
chr8	62700000	62800000	0	0.0	NA
chr8	62800000	62900000	42775	11136.0	0.260338983051
chr8	62900000	63000000	34894	8982.0	0.257408150398
chr8	63000000	63100000	34414	8910.0	0.258906259081
chr8	63100000	63200000	28023	7245.0	0.258537629804
chr8	63200000	63300000	0	0.0	NA
chr8	63300000	63400000	0	0.0	NA
chr8	63400000	63500000	0	0.0	NA
chr8	63500000	63600000	0	0.0	NA
chr8	63600000	63700000	0	0.0	NA
chr8	63700000	63800000	0	0.0	NA
chr8	63800000	63900000	0	0.0	NA
chr8	63900000	64000000	13697	3625.0	0.264656494123
chr8	64000000	64100000	12610	3173.0	0.251625693894
chr8	64100000	64200000	37566	9107.0	0.242426662407
chr8	64200000	64300000	46042	10964.0	0.238130402676
chr8	64300000	64400000	5147	1133.0	0.220128230037
chr8	64400000	64500000	51066	11877.0	0.232581365292
chr8	64500000	64600000	68061	14576.0	0.214160826318
chr8	64600000	64700000	0	0.0	NA
chr8	64700000	64800000	0	0.0	NA
chr8	64800000	64900000	0	0.0	NA
chr8	64900000	65000000	0	0.0	NA
chr8	65000000	65100000	0	0.0	NA
chr8	65100000	65200000	0	0.0	NA
chr8	65200000	65300000	3158	500.0	0.158328055731
chr8	65300000	65400000	61225	15025.0	0.245406288281
chr8	65400000	65500000	41664	9674.0	0.232190860215
chr8	65500000	65600000	0	0.0	NA
chr8	65600000	65700000	0	0.0	NA
chr8	65700000	65800000	40952	9765.0	0.238449892557
chr8	65800000	65900000	30805	7076.0	0.229702970297
chr8	65900000	66000000	56021	12724.0	0.227129112297
chr8	66000000	66100000	33398	7344.0	0.219893406791
chr8	66100000	66200000	67323	14421.0	0.214206140546
chr8	66200000	66300000	37837	8717.0	0.23038295848
chr8	66300000	66400000	54614	12054.0	0.220712637785
chr8	66400000	66500000	26623	5894.0	0.221387522067
chr8	66500000	66600000	10685	2582.0	0.241647168928
chr8	66600000	66700000	780	196.0	0.251282051282
chr8	66700000	66800000	15477	3734.0	0.241261226336
chr8	66800000	66900000	41693	9973.0	0.239200825079
chr8	66900000	67000000	15869	3683.0	0.232087718193
chr8	67000000	67100000	22886	5379.0	0.23503451892
chr8	67100000	67200000	43423	10702.0	0.246459249706
chr8	67200000	67300000	38538	8992.0	0.23332814365
chr8	67300000	67400000	21463	4887.0	0.227694171365
chr8	67400000	67500000	26041	6462.0	0.248147152567
chr8	67500000	67600000	5407	1152.0	0.213057148141
chr8	67600000	67700000	0	0.0	NA
chr8	67700000	67800000	2237	554.0	0.24765310684
chr8	67800000	67900000	6133	1336.0	0.217837925974
chr8	67900000	68000000	8312	1740.0	0.209335899904
chr8	68000000	68100000	0	0.0	NA
chr8	68100000	68200000	0	0.0	NA
chr8	68200000	68300000	0	0.0	NA
chr8	68300000	68400000	0	0.0	NA
chr8	68400000	68500000	0	0.0	NA
chr8	68500000	68600000	0	0.0	NA
chr8	68600000	68700000	20442	5003.0	0.244741219059
chr8	68700000	68800000	40225	9760.0	0.242635177129
chr8	68800000	68900000	35252	8442.0	0.239475774424
chr8	68900000	69000000	0	0.0	NA
chr8	69000000	69100000	0	0.0	NA
chr8	69100000	69200000	21530	5351.0	0.248536925221
chr8	69200000	69300000	7538	1823.0	0.241841337225
chr8	69300000	69400000	0	0.0	NA
chr8	69400000	69500000	0	0.0	NA
chr8	69500000	69600000	0	0.0	NA
chr8	69600000	69700000	0	0.0	NA
chr8	69700000	69800000	40146	10016.0	0.249489363822
chr8	69800000	69900000	11327	2774.0	0.244901562638
chr8	69900000	70000000	0	0.0	NA
chr8	70000000	70100000	41716	9811.0	0.23518554032
chr8	70100000	70200000	44348	10756.0	0.242536303779
chr8	70200000	70300000	41226	10293.0	0.249672536749
chr8	70300000	70400000	30606	6728.0	0.219826177874
chr8	70400000	70500000	0	0.0	NA
chr8	70500000	70600000	3083	850.0	0.275705481674
chr8	70600000	70700000	0	0.0	NA
chr8	70700000	70800000	5967	1330.0	0.222892575834
chr8	70800000	70900000	25033	6039.0	0.241241561139
chr8	70900000	71000000	22279	5533.0	0.248350464563
chr8	71000000	71100000	4519	1209.0	0.267537065723
chr8	71100000	71200000	0	0.0	NA
chr8	71200000	71300000	0	0.0	NA
chr8	71300000	71400000	39247	8795.0	0.224093561291
chr8	71400000	71500000	29919	6957.0	0.232527825128
chr8	71500000	71600000	0	0.0	NA
chr8	71600000	71700000	13301	3138.0	0.235922111119
chr8	71700000	71800000	32486	7338.0	0.225881918365
chr8	71800000	71900000	44335	9969.0	0.224856208413
chr8	71900000	72000000	67562	15486.0	0.229211687043
chr8	72000000	72100000	41907	9662.0	0.230558140645
chr8	72100000	72200000	0	0.0	NA
chr8	72200000	72300000	17382	3983.0	0.229145092625
chr8	72300000	72400000	6076	1504.0	0.247531270573
chr8	72400000	72500000	0	0.0	NA
chr8	72500000	72600000	53222	12529.0	0.235410168727
chr8	72600000	72700000	51340	12221.0	0.238040514219
chr8	72700000	72800000	34527	8732.0	0.252903524778
chr8	72800000	72900000	0	0.0	NA
chr8	72900000	73000000	0	0.0	NA
chr8	73000000	73100000	26838	7048.0	0.262612713317
chr8	73100000	73200000	9975	2632.0	0.263859649123
chr8	73200000	73300000	36326	9162.0	0.252216043605
chr8	73300000	73400000	24118	5913.0	0.245169582884
chr8	73400000	73500000	25394	6137.0	0.241671260928
chr8	73500000	73600000	0	0.0	NA
chr8	73600000	73700000	0	0.0	NA
chr8	73700000	73800000	0	0.0	NA
chr8	73800000	73900000	23799	5240.0	0.220177318375
chr8	73900000	74000000	10128	2594.0	0.25612164297
chr8	74000000	74100000	50592	12566.0	0.248379190386
chr8	74100000	74200000	28556	7152.0	0.250455245833
chr8	74200000	74300000	16371	4151.0	0.253558121068
chr8	74300000	74400000	15583	3924.0	0.251812873003
chr8	74400000	74500000	0	0.0	NA
chr8	74500000	74600000	0	0.0	NA
chr8	74600000	74700000	0	0.0	NA
chr8	74700000	74800000	3775	910.0	0.241059602649
chr8	74800000	74900000	9926	2411.0	0.242897441064
chr8	74900000	75000000	6456	1562.0	0.241945477076
chr8	75000000	75100000	47801	11379.0	0.238049413192
chr8	75100000	75200000	22832	5731.0	0.251007358094
chr8	75200000	75300000	27573	6422.0	0.232909005186
chr8	75300000	75400000	32588	7545.0	0.231526942433
chr8	75400000	75500000	43068	10557.0	0.245123989969
chr8	75500000	75600000	3064	765.0	0.249673629243
chr8	75600000	75700000	0	0.0	NA
chr8	75700000	75800000	9930	2435.0	0.245216515609
chr8	75800000	75900000	37678	9185.0	0.243776208928
chr8	75900000	76000000	14292	3366.0	0.235516372796
chr8	76000000	76100000	36135	8728.0	0.241538674415
chr8	76100000	76200000	16398	4012.0	0.244663983413
chr8	76200000	76300000	46153	10990.0	0.238121032219
chr8	76300000	76400000	11333	2745.0	0.242213006265
chr8	76400000	76500000	3879	962.0	0.248002062387
chr8	76500000	76600000	43057	9660.0	0.224353763616
chr8	76600000	76700000	52675	11985.0	0.227527289986
chr8	76700000	76800000	55505	13325.0	0.240068462301
chr8	76800000	76900000	51893	12093.0	0.233037211185
chr8	76900000	77000000	49958	11753.0	0.235257616398
chr8	77000000	77100000	43224	9889.0	0.228784934296
chr8	77100000	77200000	52401	12592.0	0.240300757619
chr8	77200000	77300000	51590	12217.0	0.236809459198
chr8	77300000	77400000	13839	3144.0	0.22718404509
chr8	77400000	77500000	43377	8731.0	0.201281785278
chr8	77500000	77600000	16496	3871.0	0.234662948594
chr8	77600000	77700000	0	0.0	NA
chr8	77700000	77800000	14954	3630.0	0.24274441621
chr8	77800000	77900000	41380	9721.0	0.234920251329
chr8	77900000	78000000	47351	11021.0	0.232751156259
chr8	78000000	78100000	64121	14501.0	0.226150559099
chr8	78100000	78200000	51938	12173.0	0.234375601679
chr8	78200000	78300000	49248	12225.0	0.248233430799
chr8	78300000	78400000	8243	1555.0	0.188644910833
chr8	78400000	78500000	14807	3368.0	0.227459985142
chr8	78500000	78600000	55738	13550.0	0.243101654168
chr8	78600000	78700000	40097	9969.0	0.248622091428
chr8	78700000	78800000	23893	6183.0	0.258778721801
chr8	78800000	78900000	51148	11915.0	0.232951435051
chr8	78900000	79000000	58179	13785.0	0.236941164338
chr8	79000000	79100000	50367	12398.0	0.246153235253
chr8	79100000	79200000	64995	14983.0	0.230525425033
chr8	79200000	79300000	40927	9828.0	0.240134874288
chr8	79300000	79400000	20301	4715.0	0.23225456874
chr8	79400000	79500000	0	0.0	NA
chr8	79500000	79600000	19966	4869.0	0.243864569769
chr8	79600000	79700000	9637	2293.0	0.23793711736
chr8	79700000	79800000	37754	9548.0	0.252900354929
chr8	79800000	79900000	37317	9643.0	0.258407696224
chr8	79900000	80000000	49930	12663.0	0.253615061086
chr8	80000000	80100000	32915	8030.0	0.243961719581
chr8	80100000	80200000	38687	9589.0	0.247861038592
chr8	80200000	80300000	53101	13374.0	0.25185966366
chr8	80300000	80400000	53679	13435.0	0.250284096201
chr8	80400000	80500000	39868	9823.0	0.246388080666
chr8	80500000	80600000	16798	3908.0	0.23264674366
chr8	80600000	80700000	38024	9393.0	0.24702819272
chr8	80700000	80800000	9106	2125.0	0.233362618054
chr8	80800000	80900000	18274	4057.0	0.22200941228
chr8	80900000	81000000	0	0.0	NA
chr8	81000000	81100000	2584	642.0	0.248452012384
chr8	81100000	81200000	26465	6822.0	0.257774419044
chr8	81200000	81300000	19162	4216.0	0.220018787183
chr8	81300000	81400000	40586	9105.0	0.224338441827
chr8	81400000	81500000	32633	7719.0	0.236539699078
chr8	81500000	81600000	23395	5833.0	0.249326779226
chr8	81600000	81700000	0	0.0	NA
chr8	81700000	81800000	9612	2294.0	0.238660008323
chr8	81800000	81900000	44094	11249.0	0.255114074477
chr8	81900000	82000000	0	0.0	NA
chr8	82000000	82100000	41272	9722.0	0.235559216903
chr8	82100000	82200000	50487	12025.0	0.238180125577
chr8	82200000	82300000	49942	12249.0	0.245264506828
chr8	82300000	82400000	19667	4888.0	0.24853816037
chr8	82400000	82500000	21363	5516.0	0.258203435847
chr8	82500000	82600000	32175	8217.0	0.255384615385
chr8	82600000	82700000	17201	4528.0	0.263240509273
chr8	82700000	82800000	17564	4234.0	0.241061261672
chr8	82800000	82900000	35496	8021.0	0.225969123281
chr8	82900000	83000000	59883	13614.0	0.227343319473
chr8	83000000	83100000	18676	4351.0	0.232972799315
chr8	83100000	83200000	45230	10884.0	0.240636745523
chr8	83200000	83300000	47793	11400.0	0.238528654824
chr8	83300000	83400000	45634	11392.0	0.249638427488
chr8	83400000	83500000	14593	3615.0	0.247721510313
chr8	83500000	83600000	5297	1291.0	0.243722861997
chr8	83600000	83700000	46289	11533.0	0.249152066366
chr8	83700000	83800000	29186	7359.0	0.252141437676
chr8	83800000	83900000	4317	952.0	0.220523511698
chr8	83900000	84000000	32567	8312.0	0.255227684466
chr8	84000000	84100000	47659	12148.0	0.254894143813
chr8	84100000	84200000	35221	9089.0	0.258056273246
chr8	84200000	84300000	40042	10220.0	0.255232006393
chr8	84300000	84400000	33317	8480.0	0.254524717111
chr8	84400000	84500000	44342	11595.0	0.261490234992
chr8	84500000	84600000	47436	12533.0	0.264208617927
chr8	84600000	84700000	44642	11849.0	0.265422696116
chr8	84700000	84800000	44688	11216.0	0.250984604368
chr8	84800000	84900000	5315	1429.0	0.268861712135
chr8	84900000	85000000	0	0.0	NA
chr8	85000000	85100000	24664	5737.0	0.2326062277
chr8	85100000	85200000	0	0.0	NA
chr8	85200000	85300000	0	0.0	NA
chr8	85300000	85400000	0	0.0	NA
chr8	85400000	85500000	0	0.0	NA
chr8	85500000	85600000	0	0.0	NA
chr8	85600000	85700000	0	0.0	NA
chr8	85700000	85800000	0	0.0	NA
chr8	85800000	85900000	19130	4545.0	0.237584945112
chr8	85900000	86000000	31013	7402.0	0.238674104408
chr8	86000000	86100000	5357	1417.0	0.264513720366
chr8	86100000	86200000	0	0.0	NA
chr8	86200000	86300000	0	0.0	NA
chr8	86300000	86400000	1431	404.0	0.282320055905
chr8	86400000	86500000	42166	10719.0	0.25420955272
chr8	86500000	86600000	22773	5676.0	0.249242524042
chr8	86600000	86700000	0	0.0	NA
chr8	86700000	86800000	0	0.0	NA
chr8	86800000	86900000	7018	1959.0	0.279139355942
chr8	86900000	87000000	21792	5355.0	0.245732378855
chr8	87000000	87100000	42000	10698.0	0.254714285714
chr8	87100000	87200000	14949	3681.0	0.246237206502
chr8	87200000	87300000	14183	3548.0	0.250158640626
chr8	87300000	87400000	13986	3257.0	0.232875732876
chr8	87400000	87500000	3108	901.0	0.289897039897
chr8	87500000	87600000	7047	1636.0	0.232155527175
chr8	87600000	87700000	0	0.0	NA
chr8	87700000	87800000	76	23.0	0.302631578947
chr8	87800000	87900000	25949	6092.0	0.23476819916
chr8	87900000	88000000	0	0.0	NA
chr8	88000000	88100000	0	0.0	NA
chr8	88100000	88200000	0	0.0	NA
chr8	88200000	88300000	0	0.0	NA
chr8	88300000	88400000	1943	486.0	0.25012866701
chr8	88400000	88500000	41867	10605.0	0.253302123391
chr8	88500000	88600000	29583	6988.0	0.236216746104
chr8	88600000	88700000	0	0.0	NA
chr8	88700000	88800000	18059	4508.0	0.249626225151
chr8	88800000	88900000	35038	8463.0	0.241537759005
chr8	88900000	89000000	52888	12316.0	0.232869459991
chr8	89000000	89100000	6005	1545.0	0.257285595337
chr8	89100000	89200000	0	0.0	NA
chr8	89200000	89300000	0	0.0	NA
chr8	89300000	89400000	0	0.0	NA
chr8	89400000	89500000	0	0.0	NA
chr8	89500000	89600000	0	0.0	NA
chr8	89600000	89700000	0	0.0	NA
chr8	89700000	89800000	15922	4098.0	0.257379726165
chr8	89800000	89900000	36878	9544.0	0.258799284126
chr8	89900000	90000000	52683	13698.0	0.260007972211
chr8	90000000	90100000	40753	10907.0	0.2676367384
chr8	90100000	90200000	47394	12953.0	0.273304637718
chr8	90200000	90300000	44616	11233.0	0.251770665232
chr8	90300000	90400000	41723	10287.0	0.246554658102
chr8	90400000	90500000	44867	10610.0	0.236476697796
chr8	90500000	90600000	44935	10869.0	0.241882719484
chr8	90600000	90700000	10541	2279.0	0.216203396262
chr8	90700000	90800000	0	0.0	NA
chr8	90800000	90900000	37368	9589.0	0.256609933633
chr8	90900000	91000000	5967	1649.0	0.276353276353
chr8	91000000	91100000	7574	2007.0	0.264985476631
chr8	91100000	91200000	52577	12840.0	0.244213249139
chr8	91200000	91300000	19456	4731.0	0.2431640625
chr8	91300000	91400000	0	0.0	NA
chr8	91400000	91500000	42914	10622.0	0.247518292399
chr8	91500000	91600000	21276	5497.0	0.258366234255
chr8	91600000	91700000	1784	464.0	0.260089686099
chr8	91700000	91800000	0	0.0	NA
chr8	91800000	91900000	0	0.0	NA
chr8	91900000	92000000	456	119.0	0.260964912281
chr8	92000000	92100000	13970	3568.0	0.255404438082
chr8	92100000	92200000	7315	1794.0	0.245249487355
chr8	92200000	92300000	0	0.0	NA
chr8	92300000	92400000	0	0.0	NA
chr8	92400000	92500000	55693	13440.0	0.24132296698
chr8	92500000	92600000	21036	5068.0	0.240920327058
chr8	92600000	92700000	0	0.0	NA
chr8	92700000	92800000	0	0.0	NA
chr8	92800000	92900000	0	0.0	NA
chr8	92900000	93000000	22196	5386.0	0.242656334475
chr8	93000000	93100000	0	0.0	NA
chr8	93100000	93200000	48703	11334.0	0.232716670431
chr8	93200000	93300000	49442	11406.0	0.230694551191
chr8	93300000	93400000	41509	9801.0	0.236117468501
chr8	93400000	93500000	55938	12302.0	0.219922056563
chr8	93500000	93600000	40835	10049.0	0.246087914779
chr8	93600000	93700000	12948	3075.0	0.237488415199
chr8	93700000	93800000	3768	812.0	0.215498938429
chr8	93800000	93900000	4882	1059.0	0.216919295371
chr8	93900000	94000000	0	0.0	NA
chr8	94000000	94100000	38305	8703.0	0.22720271505
chr8	94100000	94200000	44798	10180.0	0.227242287602
chr8	94200000	94300000	11807	2961.0	0.250783433556
chr8	94300000	94400000	0	0.0	NA
chr8	94400000	94500000	0	0.0	NA
chr8	94500000	94600000	0	0.0	NA
chr8	94600000	94700000	0	0.0	NA
chr8	94700000	94800000	1392	333.0	0.239224137931
chr8	94800000	94900000	18008	5442.0	0.302199022657
chr8	94900000	95000000	32333	8811.0	0.272507964
chr8	95000000	95100000	45818	13265.0	0.289515037758
chr8	95100000	95200000	11646	3188.0	0.273742057359
chr8	95200000	95300000	30736	8818.0	0.286894846434
chr8	95300000	95400000	25316	6761.0	0.267064307158
chr8	95400000	95500000	4863	1122.0	0.230721776681
chr8	95500000	95600000	2893	695.0	0.240235050121
chr8	95600000	95700000	9788	2474.0	0.252758479771
chr8	95700000	95800000	3245	837.0	0.257935285054
chr8	95800000	95900000	3064	894.0	0.291775456919
chr8	95900000	96000000	0	0.0	NA
chr8	96000000	96100000	0	0.0	NA
chr8	96100000	96200000	27225	8303.0	0.304977043159
chr8	96200000	96300000	6203	2200.0	0.354667096566
chr8	96300000	96400000	0	0.0	NA
chr8	96400000	96500000	0	0.0	NA
chr8	96500000	96600000	0	0.0	NA
chr8	96600000	96700000	0	0.0	NA
chr8	96700000	96800000	0	0.0	NA
chr8	96800000	96900000	37202	8921.0	0.239798935541
chr8	96900000	97000000	53228	12493.0	0.234707296911
chr8	97000000	97100000	43033	11744.0	0.272906838938
chr8	97100000	97200000	39782	11725.0	0.294731285506
chr8	97200000	97300000	16277	5518.0	0.339005959329
chr8	97300000	97400000	17409	4671.0	0.268309495089
chr8	97400000	97500000	35950	10541.0	0.293212795549
chr8	97500000	97600000	3045	850.0	0.279146141215
chr8	97600000	97700000	10224	3086.0	0.301838810642
chr8	97700000	97800000	0	0.0	NA
chr8	97800000	97900000	0	0.0	NA
chr8	97900000	98000000	0	0.0	NA
chr8	98000000	98100000	0	0.0	NA
chr8	98100000	98200000	0	0.0	NA
chr8	98200000	98300000	0	0.0	NA
chr8	98300000	98400000	0	0.0	NA
chr8	98400000	98500000	8108	2545.0	0.3138875185
chr8	98500000	98600000	39034	10750.0	0.27540093252
chr8	98600000	98700000	16510	4462.0	0.270260448213
chr8	98700000	98800000	2413	616.0	0.255283878989
chr8	98800000	98900000	7050	1619.0	0.229645390071
chr8	98900000	99000000	0	0.0	NA
chr8	99000000	99100000	4692	1163.0	0.247868712702
chr8	99100000	99200000	25196	7253.0	0.287863152881
chr8	99200000	99300000	1489	261.0	0.175285426461
chr8	99300000	99400000	48657	11428.0	0.234868569784
chr8	99400000	99500000	40339	9965.0	0.24703140881
chr8	99500000	99600000	0	0.0	NA
chr8	99600000	99700000	0	0.0	NA
chr8	99700000	99800000	0	0.0	NA
chr8	99800000	99900000	0	0.0	NA
chr8	99900000	100000000	20177	4003.0	0.198394211231
chr8	100000000	100100000	2916	610.0	0.209190672154
chr8	100100000	100200000	0	0.0	NA
chr8	100200000	100300000	0	0.0	NA
chr8	100300000	100400000	0	0.0	NA
chr8	100400000	100500000	0	0.0	NA
chr8	100500000	100600000	0	0.0	NA
chr8	100600000	100700000	0	0.0	NA
chr8	100700000	100800000	0	0.0	NA
chr8	100800000	100900000	241	53.0	0.219917012448
chr8	100900000	101000000	17081	3823.0	0.223815935835
chr8	101000000	101100000	0	0.0	NA
chr8	101100000	101200000	12219	2953.0	0.241672804648
chr8	101200000	101300000	4534	1063.0	0.234450816056
chr8	101300000	101400000	17449	4254.0	0.243796206086
chr8	101400000	101500000	38846	10098.0	0.259949544355
chr8	101500000	101600000	12783	3012.0	0.235625440038
chr8	101600000	101700000	15736	4231.0	0.268873919675
chr8	101700000	101800000	29062	7301.0	0.251221526392
chr8	101800000	101900000	42436	10895.0	0.25673956075
chr8	101900000	102000000	20606	5308.0	0.257594875279
chr8	102000000	102100000	43783	10904.0	0.249046433547
chr8	102100000	102200000	44663	12422.0	0.278127308958
chr8	102200000	102300000	41040	10317.0	0.251388888889
chr8	102300000	102400000	33225	8571.0	0.257968397291
chr8	102400000	102500000	18362	4696.0	0.255745561486
chr8	102500000	102600000	0	0.0	NA
chr8	102600000	102700000	2234	660.0	0.295434198747
chr8	102700000	102800000	0	0.0	NA
chr8	102800000	102900000	0	0.0	NA
chr8	102900000	103000000	0	0.0	NA
chr8	103000000	103100000	0	0.0	NA
chr8	103100000	103200000	17627	4321.0	0.245135303795
chr8	103200000	103300000	5439	1410.0	0.259238830667
chr8	103300000	103400000	0	0.0	NA
chr8	103400000	103500000	20863	5055.0	0.24229497196
chr8	103500000	103600000	37829	9612.0	0.254090776917
chr8	103600000	103700000	30041	7670.0	0.255317732432
chr8	103700000	103800000	45434	12137.0	0.267134744905
chr8	103800000	103900000	13402	3571.0	0.266452768244
chr8	103900000	104000000	122	27.0	0.22131147541
chr8	104000000	104100000	13700	3420.0	0.249635036496
chr8	104100000	104200000	13175	3524.0	0.267476280835
chr8	104200000	104300000	0	0.0	NA
chr8	104300000	104400000	18385	4513.0	0.245471852053
chr8	104400000	104500000	25972	5745.0	0.221199753581
chr8	104500000	104600000	0	0.0	NA
chr8	104600000	104700000	0	0.0	NA
chr8	104700000	104800000	0	0.0	NA
chr8	104800000	104900000	0	0.0	NA
chr8	104900000	105000000	0	0.0	NA
chr8	105000000	105100000	0	0.0	NA
chr8	105100000	105200000	0	0.0	NA
chr8	105200000	105300000	8164	1987.0	0.243385595296
chr8	105300000	105400000	31554	8270.0	0.262090384737
chr8	105400000	105500000	8572	2147.0	0.250466635558
chr8	105500000	105600000	1311	292.0	0.222730739893
chr8	105600000	105700000	61215	14092.0	0.230205015111
chr8	105700000	105800000	54741	13592.0	0.248296523629
chr8	105800000	105900000	61651	13454.0	0.218228414786
chr8	105900000	106000000	67747	15030.0	0.221854842281
chr8	106000000	106100000	59933	13570.0	0.226419501777
chr8	106100000	106200000	45638	9421.0	0.206428853149
chr8	106200000	106300000	19916	4726.0	0.237296645913
chr8	106300000	106400000	18772	4287.0	0.228372043469
chr8	106400000	106500000	0	0.0	NA
chr8	106500000	106600000	0	0.0	NA
chr8	106600000	106700000	0	0.0	NA
chr8	106700000	106800000	0	0.0	NA
chr8	106800000	106900000	0	0.0	NA
chr8	106900000	107000000	0	0.0	NA
chr8	107000000	107100000	10433	2612.0	0.250359436404
chr8	107100000	107200000	46709	11532.0	0.246890320923
chr8	107200000	107300000	38785	9901.0	0.255279102746
chr8	107300000	107400000	0	0.0	NA
chr8	107400000	107500000	0	0.0	NA
chr8	107500000	107600000	0	0.0	NA
chr8	107600000	107700000	0	0.0	NA
chr8	107700000	107800000	8168	2014.0	0.246571988247
chr8	107800000	107900000	52720	13752.0	0.260849772382
chr8	107900000	108000000	53196	13226.0	0.24862771637
chr8	108000000	108100000	37909	9343.0	0.246458624601
chr8	108100000	108200000	56370	13467.0	0.238903672166
chr8	108200000	108300000	34159	8241.0	0.241254135074
chr8	108300000	108400000	0	0.0	NA
chr8	108400000	108500000	0	0.0	NA
chr8	108500000	108600000	38449	8980.0	0.233556139301
chr8	108600000	108700000	39566	9412.0	0.237881008947
chr8	108700000	108800000	53702	12198.0	0.22714237831
chr8	108800000	108900000	55647	13096.0	0.235340629324
chr8	108900000	109000000	3457	966.0	0.279433034423
chr8	109000000	109100000	3312	708.0	0.213768115942
chr8	109100000	109200000	41647	9847.0	0.236439599491
chr8	109200000	109300000	33907	7716.0	0.227563629929
chr8	109300000	109400000	45586	10074.0	0.220988900101
chr8	109400000	109500000	39149	8745.0	0.223377353189
chr8	109500000	109600000	47715	11162.0	0.233930629781
chr8	109600000	109700000	0	0.0	NA
chr8	109700000	109800000	64	28.0	0.4375
chr8	109800000	109900000	55086	13133.0	0.238409033148
chr8	109900000	110000000	5772	1380.0	0.239085239085
chr8	110000000	110100000	11964	3116.0	0.260448010699
chr8	110100000	110200000	35838	8637.0	0.24100117194
chr8	110200000	110300000	19689	4723.0	0.239880136117
chr8	110300000	110400000	4406	1058.0	0.24012709941
chr8	110400000	110500000	0	0.0	NA
chr8	110500000	110600000	12749	3147.0	0.246842889638
chr8	110600000	110700000	0	0.0	NA
chr8	110700000	110800000	51466	12515.0	0.243170248319
chr8	110800000	110900000	34772	8405.0	0.24171747383
chr8	110900000	111000000	42275	10478.0	0.247853341218
chr8	111000000	111100000	36903	9068.0	0.245725279788
chr8	111100000	111200000	52165	13152.0	0.252123071025
chr8	111200000	111300000	44003	11208.0	0.254709906143
chr8	111300000	111400000	41470	10489.0	0.252929828792
chr8	111400000	111500000	33591	8557.0	0.254740853205
chr8	111500000	111600000	39833	10234.0	0.256922652072
chr8	111600000	111700000	34497	9121.0	0.264399802881
chr8	111700000	111800000	27869	7486.0	0.268613872044
chr8	111800000	111900000	39391	10408.0	0.264222792008
chr8	111900000	112000000	14191	3675.0	0.258966950884
chr8	112000000	112100000	17179	4624.0	0.269165842016
chr8	112100000	112200000	7258	2028.0	0.279415817029
chr8	112200000	112300000	19437	4983.0	0.25636672326
chr8	112300000	112400000	34026	9294.0	0.273144066302
chr8	112400000	112500000	0	0.0	NA
chr8	112500000	112600000	30067	7900.0	0.262746532744
chr8	112600000	112700000	30458	7802.0	0.256156018123
chr8	112700000	112800000	37872	9997.0	0.263968103084
chr8	112800000	112900000	32727	8333.0	0.254621566291
chr8	112900000	113000000	50172	13079.0	0.260683249621
chr8	113000000	113100000	41089	10277.0	0.250115602716
chr8	113100000	113200000	43655	11289.0	0.25859580804
chr8	113200000	113300000	6864	1745.0	0.254224941725
chr8	113300000	113400000	0	0.0	NA
chr8	113400000	113500000	0	0.0	NA
chr8	113500000	113600000	0	0.0	NA
chr8	113600000	113700000	0	0.0	NA
chr8	113700000	113800000	0	0.0	NA
chr8	113800000	113900000	0	0.0	NA
chr8	113900000	114000000	0	0.0	NA
chr8	114000000	114100000	0	0.0	NA
chr8	114100000	114200000	0	0.0	NA
chr8	114200000	114300000	0	0.0	NA
chr8	114300000	114400000	0	0.0	NA
chr8	114400000	114500000	19612	4632.0	0.236181929431
chr8	114500000	114600000	33369	8631.0	0.258653241032
chr8	114600000	114700000	36198	9595.0	0.265069893364
chr8	114700000	114800000	40645	11137.0	0.274006642884
chr8	114800000	114900000	26701	7147.0	0.267667877608
chr8	114900000	115000000	41704	11155.0	0.267480337617
chr8	115000000	115100000	37822	10375.0	0.274311247422
chr8	115100000	115200000	36495	9453.0	0.259021783806
chr8	115200000	115300000	35460	9567.0	0.269796954315
chr8	115300000	115400000	23064	6064.0	0.262920568852
chr8	115400000	115500000	30409	8137.0	0.267585254365
chr8	115500000	115600000	17173	4486.0	0.261224014441
chr8	115600000	115700000	48438	12799.0	0.264234691771
chr8	115700000	115800000	37424	9632.0	0.257374946558
chr8	115800000	115900000	45386	11448.0	0.25223637245
chr8	115900000	116000000	36367	9431.0	0.259328512113
chr8	116000000	116100000	37688	8999.0	0.238776268308
chr8	116100000	116200000	57220	13835.0	0.24178608878
chr8	116200000	116300000	55976	13505.0	0.241264113191
chr8	116300000	116400000	50676	11586.0	0.228628936775
chr8	116400000	116500000	12604	3111.0	0.246826404316
chr8	116500000	116600000	0	0.0	NA
chr8	116600000	116700000	15787	3354.0	0.212453284348
chr8	116700000	116800000	69995	15867.0	0.226687620544
chr8	116800000	116900000	56689	13166.0	0.232249642788
chr8	116900000	117000000	51441	11445.0	0.222487898758
chr8	117000000	117100000	0	0.0	NA
chr8	117100000	117200000	0	0.0	NA
chr8	117200000	117300000	0	0.0	NA
chr8	117300000	117400000	38835	8236.0	0.212076734904
chr8	117400000	117500000	60398	13173.0	0.218103248452
chr8	117500000	117600000	67103	15251.0	0.227277468966
chr8	117600000	117700000	32582	8048.0	0.247007550181
chr8	117700000	117800000	0	0.0	NA
chr8	117800000	117900000	5094	1248.0	0.244994110718
chr8	117900000	118000000	23050	5780.0	0.250759219089
chr8	118000000	118100000	0	0.0	NA
chr8	118100000	118200000	5930	1397.0	0.235581787521
chr8	118200000	118300000	56683	13428.0	0.236896423972
chr8	118300000	118400000	56786	13750.0	0.24213714648
chr8	118400000	118500000	55072	13188.0	0.239468332365
chr8	118500000	118600000	50229	12339.0	0.245654900555
chr8	118600000	118700000	69391	15961.0	0.230015419867
chr8	118700000	118800000	61914	14977.0	0.241900054915
chr8	118800000	118900000	3893	962.0	0.247110197791
chr8	118900000	119000000	0	0.0	NA
chr8	119000000	119100000	0	0.0	NA
chr8	119100000	119200000	42781	10059.0	0.235127743625
chr8	119200000	119300000	1473	303.0	0.205702647658
chr8	119300000	119400000	0	0.0	NA
chr8	119400000	119500000	0	0.0	NA
chr8	119500000	119600000	0	0.0	NA
chr8	119600000	119700000	0	0.0	NA
chr8	119700000	119800000	18062	4224.0	0.233861144945
chr8	119800000	119900000	51992	12661.0	0.243518233574
chr8	119900000	120000000	18527	4585.0	0.247476655692
chr8	120000000	120100000	0	0.0	NA
chr8	120100000	120200000	23976	5954.0	0.248331664998
chr8	120200000	120300000	13273	3237.0	0.243878550441
chr8	120300000	120400000	26875	6659.0	0.247776744186
chr8	120400000	120500000	16846	4004.0	0.237682535914
chr8	120500000	120600000	30164	7544.0	0.250099456306
chr8	120600000	120700000	8798	2256.0	0.256421914071
chr8	120700000	120800000	19510	4774.0	0.244695028191
chr8	120800000	120900000	4591	1252.0	0.272707471139
chr8	120900000	121000000	0	0.0	NA
chr8	121000000	121100000	16972	4268.0	0.251473014377
chr8	121100000	121200000	4441	1087.0	0.244764692637
chr8	121200000	121300000	0	0.0	NA
chr8	121300000	121400000	9105	2279.0	0.250302031851
chr8	121400000	121500000	2471	651.0	0.263456090652
chr8	121500000	121600000	4153	1005.0	0.241993739465
chr8	121600000	121700000	0	0.0	NA
chr8	121700000	121800000	0	0.0	NA
chr8	121800000	121900000	47202	11942.0	0.252997754332
chr8	121900000	122000000	11486	2695.0	0.234633466829
chr8	122000000	122100000	0	0.0	NA
chr8	122100000	122200000	36888	8956.0	0.242788982867
chr8	122200000	122300000	67944	16777.0	0.24692393736
chr8	122300000	122400000	60735	15102.0	0.248653988639
chr8	122400000	122500000	48602	11809.0	0.242973540184
chr8	122500000	122600000	40674	10345.0	0.254339381423
chr8	122600000	122700000	16164	4017.0	0.248515219005
chr8	122700000	122800000	44692	11094.0	0.248232345834
chr8	122800000	122900000	56288	13579.0	0.241241472428
chr8	122900000	123000000	24247	5821.0	0.240070936611
chr8	123000000	123100000	0	0.0	NA
chr8	123100000	123200000	39294	9910.0	0.252201353896
chr8	123200000	123300000	8776	2286.0	0.260483135825
chr8	123300000	123400000	42411	10899.0	0.2569852161
chr8	123400000	123500000	14090	3732.0	0.264868701207
chr8	123500000	123600000	13482	3418.0	0.25352321614
chr8	123600000	123700000	44893	11117.0	0.24763326131
chr8	123700000	123800000	42086	10618.0	0.252292924013
chr8	123800000	123900000	0	0.0	NA
chr8	123900000	124000000	2330	610.0	0.261802575107
chr8	124000000	124100000	14687	3831.0	0.260842922312
chr8	124100000	124200000	8805	2538.0	0.288245315162
chr8	124200000	124300000	13009	3104.0	0.238604043355
chr8	124300000	124400000	1179	293.0	0.248515691264
chr8	124400000	124500000	15708	3980.0	0.253374076903
chr8	124500000	124600000	29598	7285.0	0.246131495371
chr8	124600000	124700000	28011	7013.0	0.250365927671
chr8	124700000	124800000	12992	3515.0	0.270551108374
chr8	124800000	124900000	5054	1409.0	0.278789077958
chr8	124900000	125000000	0	0.0	NA
chr8	125000000	125100000	0	0.0	NA
chr8	125100000	125200000	8285	2216.0	0.267471333736
chr8	125200000	125300000	15663	4021.0	0.256719657792
chr8	125300000	125400000	11196	2634.0	0.235262593783
chr8	125400000	125500000	11335	2885.0	0.254521393913
chr8	125500000	125600000	0	0.0	NA
chr8	125600000	125700000	0	0.0	NA
chr8	125700000	125800000	23105	5853.0	0.25332179182
chr8	125800000	125900000	12070	3114.0	0.257995028998
chr8	125900000	126000000	10319	2576.0	0.249636592693
chr8	126000000	126100000	2984	805.0	0.269772117962
chr8	126100000	126200000	0	0.0	NA
chr8	126200000	126300000	0	0.0	NA
chr8	126300000	126400000	4979	1246.0	0.250251054429
chr8	126400000	126500000	35162	9569.0	0.272140378818
chr8	126500000	126600000	29921	7430.0	0.248320577521
chr8	126600000	126700000	58865	16298.0	0.276870806082
chr8	126700000	126800000	55597	14702.0	0.264438728708
chr8	126800000	126900000	55705	14221.0	0.255291266493
chr8	126900000	127000000	39335	10227.0	0.259997457735
chr8	127000000	127100000	33788	8483.0	0.25106546703
chr8	127100000	127200000	51595	13115.0	0.254191297606
chr8	127200000	127300000	41418	10439.0	0.252040175769
chr8	127300000	127400000	50544	13233.0	0.261811490978
chr8	127400000	127500000	33289	8695.0	0.261197392532
chr8	127500000	127600000	24702	6537.0	0.264634442555
chr8	127600000	127700000	0	0.0	NA
chr8	127700000	127800000	23060	5933.0	0.257285342585
chr8	127800000	127900000	25663	6848.0	0.266843315279
chr8	127900000	128000000	0	0.0	NA
chr8	128000000	128100000	28147	7066.0	0.251039187125
chr8	128100000	128200000	13594	3363.0	0.247388553774
chr8	128200000	128300000	10430	2737.0	0.262416107383
chr8	128300000	128400000	0	0.0	NA
chr8	128400000	128500000	3896	1018.0	0.261293634497
chr8	128500000	128600000	63541	17266.0	0.271730064053
chr8	128600000	128700000	58702	15779.0	0.268798337365
chr8	128700000	128800000	21359	5657.0	0.264853223466
chr8	128800000	128900000	2380	729.0	0.306302521008
chr8	128900000	129000000	0	0.0	NA
chr8	129000000	129100000	0	0.0	NA
chr8	129100000	129200000	54401	14666.0	0.269590632525
chr8	129200000	129300000	63680	16710.0	0.262405778894
chr8	129300000	129400000	60358	16220.0	0.268729911528
chr8	129400000	129500000	13020	3323.0	0.255222734255
chr8	129500000	129600000	16574	4295.0	0.259140822976
chr8	129600000	129700000	52010	13542.0	0.260373005191
chr8	129700000	129800000	25853	6876.0	0.265965265153
chr8	129800000	129900000	60623	15049.0	0.248239117167
chr8	129900000	130000000	27161	7027.0	0.258716542101
chr8	130000000	130100000	53353	13403.0	0.251213614979
chr8	130100000	130200000	57340	14682.0	0.256051621904
chr8	130200000	130300000	52203	12786.0	0.244928452388
chr8	130300000	130400000	29526	7497.0	0.253911806543
chr8	130400000	130500000	0	0.0	NA
chr8	130500000	130600000	0	0.0	NA
chr8	130600000	130700000	3592	871.0	0.242483296214
chr8	130700000	130800000	27516	7477.0	0.271732810001
chr8	130800000	130900000	3169	967.0	0.305143578416
chr8	130900000	131000000	0	0.0	NA
chr8	131000000	131100000	9739	3000.0	0.308039839819
chr8	131100000	131200000	0	0.0	NA
chr8	131200000	131300000	0	0.0	NA
chr8	131300000	131400000	0	0.0	NA
chr8	131400000	131500000	22844	6133.0	0.268473122045
chr8	131500000	131600000	45902	12257.0	0.267025401943
chr8	131600000	131700000	22129	6048.0	0.273306520855
chr8	131700000	131800000	34934	9687.0	0.277294326444
chr8	131800000	131900000	0	0.0	NA
chr8	131900000	132000000	0	0.0	NA
chr8	132000000	132100000	22462	6148.0	0.273706704657
chr8	132100000	132200000	36051	9747.0	0.270366980112
chr8	132200000	132300000	42869	11653.0	0.271828127551
chr8	132300000	132400000	41470	11105.0	0.267783940198
chr8	132400000	132500000	38386	10360.0	0.269890064086
chr8	132500000	132600000	34862	9431.0	0.270523779473
chr8	132600000	132700000	35112	9211.0	0.262331966279
chr8	132700000	132800000	38896	10520.0	0.270464829288
chr8	132800000	132900000	50555	13753.0	0.272040352092
chr8	132900000	133000000	5779	1435.0	0.248312856896
chr8	133000000	133100000	2807	827.0	0.294620591379
chr8	133100000	133200000	2524	636.0	0.251980982567
chr8	133200000	133300000	0	0.0	NA
chr8	133300000	133400000	0	0.0	NA
chr8	133400000	133500000	5701	1547.0	0.271355902473
chr8	133500000	133600000	41563	11579.0	0.278589129755
chr8	133600000	133700000	4825	1254.0	0.259896373057
chr8	133700000	133800000	17332	4538.0	0.26182783291
chr8	133800000	133900000	4743	1309.0	0.275985663082
chr8	133900000	134000000	0	0.0	NA
chr8	134000000	134100000	0	0.0	NA
chr8	134100000	134200000	34128	10412.0	0.305086732302
chr8	134200000	134300000	5529	1690.0	0.305661059866
chr8	134300000	134400000	37025	11724.0	0.316650911546
chr8	134400000	134500000	29156	9242.0	0.316984497188
chr8	134500000	134600000	5002	1472.0	0.294282287085
chr8	134600000	134700000	44197	13597.0	0.307645315293
chr8	134700000	134800000	35180	10652.0	0.302785673678
chr8	134800000	134900000	37657	11149.0	0.296067132273
chr8	134900000	135000000	34675	9855.0	0.284210526316
chr8	135000000	135100000	54865	14965.0	0.27276041192
chr8	135100000	135200000	48594	12955.0	0.266596699181
chr8	135200000	135300000	14306	3749.0	0.262057877814
chr8	135300000	135400000	34559	10040.0	0.290517665442
chr8	135400000	135500000	41659	12457.0	0.299023020236
chr8	135500000	135600000	0	0.0	NA
chr8	135600000	135700000	0	0.0	NA
chr8	135700000	135800000	32987	9099.0	0.275835935368
chr8	135800000	135900000	34475	8527.0	0.247338651197
chr8	135900000	136000000	48305	13670.0	0.282993478936
chr8	136000000	136100000	59053	15985.0	0.270689042047
chr8	136100000	136200000	49450	13416.0	0.271304347826
chr8	136200000	136300000	29345	8002.0	0.272686999489
chr8	136300000	136400000	47731	12991.0	0.272171125684
chr8	136400000	136500000	41636	11307.0	0.271567873955
chr8	136500000	136600000	0	0.0	NA
chr8	136600000	136700000	19050	5970.0	0.313385826772
chr8	136700000	136800000	33131	9476.0	0.286016117835
chr8	136800000	136900000	43907	11911.0	0.271277928349
chr8	136900000	137000000	51885	14109.0	0.271928302978
chr8	137000000	137100000	38789	10491.0	0.270463275671
chr8	137100000	137200000	10902	3046.0	0.279398275546
chr8	137200000	137300000	51105	13882.0	0.271636826142
chr8	137300000	137400000	49482	14097.0	0.284891475688
chr8	137400000	137500000	47756	12897.0	0.270060306558
chr8	137500000	137600000	825	239.0	0.289696969697
chr8	137600000	137700000	0	0.0	NA
chr8	137700000	137800000	0	0.0	NA
chr8	137800000	137900000	0	0.0	NA
chr8	137900000	138000000	2074	625.0	0.301350048216
chr8	138000000	138100000	47077	12588.0	0.267391719948
chr8	138100000	138200000	56294	15436.0	0.274203289871
chr8	138200000	138300000	40973	11453.0	0.27952554121
chr8	138300000	138400000	46055	13121.0	0.284898490935
chr8	138400000	138500000	53808	15315.0	0.284623104371
chr8	138500000	138600000	41897	12059.0	0.287824903931
chr8	138600000	138700000	39802	11552.0	0.290236671524
chr8	138700000	138800000	28583	8414.0	0.294370779834
chr8	138800000	138900000	7662	2130.0	0.277995301488
chr8	138900000	139000000	0	0.0	NA
chr8	139000000	139100000	221	64.0	0.289592760181
chr8	139100000	139200000	19018	6015.0	0.316279314334
chr8	139200000	139300000	0	0.0	NA
chr8	139300000	139400000	0	0.0	NA
chr8	139400000	139500000	0	0.0	NA
chr8	139500000	139600000	31686	9289.0	0.293157861516
chr8	139600000	139700000	403	140.0	0.347394540943
chr8	139700000	139800000	0	0.0	NA
chr8	139800000	139900000	0	0.0	NA
chr8	139900000	140000000	28923	8805.0	0.304429001141
chr8	140000000	140100000	38971	11406.0	0.292679171692
chr8	140100000	140200000	15260	5457.0	0.357601572739
chr8	140200000	140300000	41571	12559.0	0.302109643742
chr8	140300000	140400000	36947	10699.0	0.289576961594
chr8	140400000	140500000	53401	14785.0	0.276867474392
chr8	140500000	140600000	32914	10933.0	0.33216868202
chr8	140600000	140700000	7914	2631.0	0.332448824867
chr8	140700000	140800000	15602	4594.0	0.29444942956
chr8	140800000	140900000	0	0.0	NA
chr8	140900000	141000000	0	0.0	NA
chr8	141000000	141100000	0	0.0	NA
chr8	141100000	141200000	0	0.0	NA
chr8	141200000	141300000	0	0.0	NA
chr8	141300000	141400000	0	0.0	NA
chr8	141400000	141500000	4547	1306.0	0.287222344403
chr8	141500000	141600000	3691	1099.0	0.297751286914
chr8	141600000	141700000	784	253.0	0.322704081633
chr8	141700000	141800000	0	0.0	NA
chr8	141800000	141900000	0	0.0	NA
chr8	141900000	142000000	0	0.0	NA
chr8	142000000	142100000	22776	7247.0	0.318185809624
chr8	142100000	142200000	9770	3318.0	0.339611054248
chr8	142200000	142300000	10321	3569.0	0.345799825598
chr8	142300000	142400000	36242	12000.0	0.331107554771
chr8	142400000	142500000	557	183.0	0.328545780969
chr8	142500000	142600000	33132	11230.0	0.338947241338
chr8	142600000	142700000	47628	16209.0	0.340325018896
chr8	142700000	142800000	17452	6200.0	0.355260142104
chr8	142800000	142900000	26770	9542.0	0.356443780351
chr8	142900000	143000000	33828	10436.0	0.308501832801
chr8	143000000	143100000	40843	13935.0	0.341184535906
chr8	143100000	143200000	28283	10506.0	0.371459887565
chr8	143200000	143300000	29724	10798.0	0.363275467636
chr8	143300000	143400000	0	0.0	NA
chr8	143400000	143500000	4510	1608.0	0.356541019956
chr8	143500000	143600000	10082	3510.0	0.348145209284
chr8	143600000	143700000	17681	6551.0	0.37051071772
chr8	143700000	143800000	1415	503.0	0.355477031802
chr8	143800000	143900000	6255	2175.0	0.347721822542
chr8	143900000	144000000	1283	447.0	0.348402182385
chr8	144000000	144100000	3045	954.0	0.313300492611
chr8	144100000	144200000	390	143.0	0.366666666667
chr8	144200000	144300000	14445	5340.0	0.369678089304
chr8	144300000	144400000	2151	844.0	0.392375639238
chr8	144400000	144500000	14224	4863.0	0.341886951631
chr8	144500000	144600000	3190	1333.0	0.417868338558
chr8	144600000	144700000	2953	1096.0	0.3711479851
chr8	144700000	144800000	23	4.0	0.173913043478
chr8	144800000	144900000	1039	421.0	0.405197305101
chr8	144900000	145000000	10701	3805.0	0.355574245398
chr8	145000000	145100000	6615	2302.0	0.347996976568
chr8	145100000	145200000	6178	2100.0	0.339915830366
chr8	145200000	145300000	0	0.0	NA
chr8	145300000	145400000	0	0.0	NA
chr8	145400000	145500000	0	0.0	NA
chr8	145500000	145600000	5907	2094.0	0.354494667344
chr8	145600000	145700000	2530	840.0	0.332015810277
chr8	145700000	145800000	1162	380.0	0.327022375215
chr8	145800000	145900000	0	0.0	NA
chr8	145900000	146000000	2424	670.0	0.276402640264
chr8	146000000	146100000	1832	654.0	0.356986899563
chr8	146100000	146200000	2820	911.0	0.32304964539
chr8	146200000	146300000	0	0.0	NA
chr8	146300000	146364022	0	0.0	NA
