chr8	0	100000	0	0.0	NA
chr8	100000	200000	0	0.0	NA
chr8	200000	300000	33305	4185.0	0.125656808287
chr8	300000	400000	12417	1557.0	0.12539260691
chr8	400000	500000	8064	989.0	0.122643849206
chr8	500000	600000	29664	4012.0	0.13524811219
chr8	600000	700000	3185	403.0	0.126530612245
chr8	700000	800000	0	0.0	NA
chr8	800000	900000	0	0.0	NA
chr8	900000	1000000	0	0.0	NA
chr8	1000000	1100000	0	0.0	NA
chr8	1100000	1200000	0	0.0	NA
chr8	1200000	1300000	0	0.0	NA
chr8	1300000	1400000	0	0.0	NA
chr8	1400000	1500000	0	0.0	NA
chr8	1500000	1600000	0	0.0	NA
chr8	1600000	1700000	12052	1791.0	0.148606040491
chr8	1700000	1800000	14252	1952.0	0.13696323323
chr8	1800000	1900000	0	0.0	NA
chr8	1900000	2000000	26060	3735.0	0.143323100537
chr8	2000000	2100000	1844	248.0	0.134490238612
chr8	2100000	2200000	34275	5008.0	0.146112326769
chr8	2200000	2300000	1093	139.0	0.127172918573
chr8	2300000	2400000	11042	1493.0	0.135211012498
chr8	2400000	2500000	0	0.0	NA
chr8	2500000	2600000	0	0.0	NA
chr8	2600000	2700000	11839	1503.0	0.126953289974
chr8	2700000	2800000	29988	3947.0	0.131619314392
chr8	2800000	2900000	0	0.0	NA
chr8	2900000	3000000	0	0.0	NA
chr8	3000000	3100000	0	0.0	NA
chr8	3100000	3200000	0	0.0	NA
chr8	3200000	3300000	0	0.0	NA
chr8	3300000	3400000	0	0.0	NA
chr8	3400000	3500000	0	0.0	NA
chr8	3500000	3600000	0	0.0	NA
chr8	3600000	3700000	0	0.0	NA
chr8	3700000	3800000	0	0.0	NA
chr8	3800000	3900000	0	0.0	NA
chr8	3900000	4000000	0	0.0	NA
chr8	4000000	4100000	0	0.0	NA
chr8	4100000	4200000	0	0.0	NA
chr8	4200000	4300000	0	0.0	NA
chr8	4300000	4400000	0	0.0	NA
chr8	4400000	4500000	0	0.0	NA
chr8	4500000	4600000	0	0.0	NA
chr8	4600000	4700000	0	0.0	NA
chr8	4700000	4800000	0	0.0	NA
chr8	4800000	4900000	36457	4922.0	0.13500836602
chr8	4900000	5000000	71811	9218.0	0.128364735208
chr8	5000000	5100000	58757	7479.0	0.127286961554
chr8	5100000	5200000	60157	7651.0	0.127183868876
chr8	5200000	5300000	52926	6877.0	0.129936137248
chr8	5300000	5400000	64940	8317.0	0.128072066523
chr8	5400000	5500000	66864	8671.0	0.129681143814
chr8	5500000	5600000	66432	8867.0	0.133474831407
chr8	5600000	5700000	58579	7656.0	0.130695300364
chr8	5700000	5800000	55752	7088.0	0.127134452576
chr8	5800000	5900000	67609	8356.0	0.123593012765
chr8	5900000	6000000	1358	144.0	0.106038291605
chr8	6000000	6100000	0	0.0	NA
chr8	6100000	6200000	31345	3851.0	0.122858510129
chr8	6200000	6300000	17323	2031.0	0.117242971772
chr8	6300000	6400000	0	0.0	NA
chr8	6400000	6500000	0	0.0	NA
chr8	6500000	6600000	0	0.0	NA
chr8	6600000	6700000	27679	3603.0	0.130170887677
chr8	6700000	6800000	32132	4130.0	0.128532304245
chr8	6800000	6900000	31832	4579.0	0.143848957024
chr8	6900000	7000000	16967	2152.0	0.126834443331
chr8	7000000	7100000	0	0.0	NA
chr8	7100000	7200000	0	0.0	NA
chr8	7200000	7300000	0	0.0	NA
chr8	7300000	7400000	0	0.0	NA
chr8	7400000	7500000	0	0.0	NA
chr8	7500000	7600000	0	0.0	NA
chr8	7600000	7700000	0	0.0	NA
chr8	7700000	7800000	0	0.0	NA
chr8	7800000	7900000	0	0.0	NA
chr8	7900000	8000000	0	0.0	NA
chr8	8000000	8100000	0	0.0	NA
chr8	8100000	8200000	34674	3775.0	0.108871200323
chr8	8200000	8300000	28677	2973.0	0.10367193221
chr8	8300000	8400000	66006	7008.0	0.106172166167
chr8	8400000	8500000	60994	6285.0	0.103042922255
chr8	8500000	8600000	38806	4240.0	0.109261454414
chr8	8600000	8700000	67	9.0	0.134328358209
chr8	8700000	8800000	28013	3046.0	0.108735230072
chr8	8800000	8900000	30448	3286.0	0.107921702575
chr8	8900000	9000000	58467	6165.0	0.10544409667
chr8	9000000	9100000	40769	4087.0	0.100247737251
chr8	9100000	9200000	4384	444.0	0.101277372263
chr8	9200000	9300000	3139	339.0	0.107996177126
chr8	9300000	9400000	55977	5536.0	0.0988977615806
chr8	9400000	9500000	9597	1027.0	0.107012608107
chr8	9500000	9600000	0	0.0	NA
chr8	9600000	9700000	12291	1472.0	0.119762427793
chr8	9700000	9800000	51313	5267.0	0.102644554012
chr8	9800000	9900000	75643	7915.0	0.104636251867
chr8	9900000	10000000	5909	649.0	0.109832458961
chr8	10000000	10100000	0	0.0	NA
chr8	10100000	10200000	0	0.0	NA
chr8	10200000	10300000	6112	782.0	0.127945026178
chr8	10300000	10400000	12115	1398.0	0.115394139496
chr8	10400000	10500000	36173	4702.0	0.129986453985
chr8	10500000	10600000	29759	3620.0	0.121643872442
chr8	10600000	10700000	0	0.0	NA
chr8	10700000	10800000	38547	3663.0	0.0950268503385
chr8	10800000	10900000	0	0.0	NA
chr8	10900000	11000000	0	0.0	NA
chr8	11000000	11100000	31854	3348.0	0.105104539461
chr8	11100000	11200000	15516	1772.0	0.114204691931
chr8	11200000	11300000	0	0.0	NA
chr8	11300000	11400000	22276	2690.0	0.120757766206
chr8	11400000	11500000	48429	6131.0	0.126597699725
chr8	11500000	11600000	23091	2825.0	0.122342038023
chr8	11600000	11700000	8549	1118.0	0.130775529302
chr8	11700000	11800000	17584	2217.0	0.126080527753
chr8	11800000	11900000	18780	2268.0	0.120766773163
chr8	11900000	12000000	0	0.0	NA
chr8	12000000	12100000	0	0.0	NA
chr8	12100000	12200000	0	0.0	NA
chr8	12200000	12300000	0	0.0	NA
chr8	12300000	12400000	0	0.0	NA
chr8	12400000	12500000	0	0.0	NA
chr8	12500000	12600000	100	10.0	0.1
chr8	12600000	12700000	22652	2344.0	0.103478721526
chr8	12700000	12800000	51925	5409.0	0.104169475205
chr8	12800000	12900000	6568	747.0	0.113733252132
chr8	12900000	13000000	21176	2214.0	0.104552323385
chr8	13000000	13100000	0	0.0	NA
chr8	13100000	13200000	0	0.0	NA
chr8	13200000	13300000	0	0.0	NA
chr8	13300000	13400000	0	0.0	NA
chr8	13400000	13500000	25785	2857.0	0.110800853209
chr8	13500000	13600000	68756	8208.0	0.119378672407
chr8	13600000	13700000	78042	10054.0	0.128828066938
chr8	13700000	13800000	59041	7272.0	0.123168645518
chr8	13800000	13900000	67068	8215.0	0.122487624501
chr8	13900000	14000000	26415	3244.0	0.122809010032
chr8	14000000	14100000	0	0.0	NA
chr8	14100000	14200000	0	0.0	NA
chr8	14200000	14300000	0	0.0	NA
chr8	14300000	14400000	0	0.0	NA
chr8	14400000	14500000	0	0.0	NA
chr8	14500000	14600000	0	0.0	NA
chr8	14600000	14700000	0	0.0	NA
chr8	14700000	14800000	0	0.0	NA
chr8	14800000	14900000	0	0.0	NA
chr8	14900000	15000000	0	0.0	NA
chr8	15000000	15100000	3833	425.0	0.110879206888
chr8	15100000	15200000	69672	7902.0	0.113417154668
chr8	15200000	15300000	61801	7005.0	0.113347680458
chr8	15300000	15400000	61692	7080.0	0.114763664657
chr8	15400000	15500000	0	0.0	NA
chr8	15500000	15600000	0	0.0	NA
chr8	15600000	15700000	47042	5323.0	0.113154202627
chr8	15700000	15800000	55274	6118.0	0.110684951333
chr8	15800000	15900000	51803	5812.0	0.112194274463
chr8	15900000	16000000	46730	5302.0	0.113460303873
chr8	16000000	16100000	21939	2489.0	0.11345093213
chr8	16100000	16200000	73960	8742.0	0.118199026501
chr8	16200000	16300000	71015	8280.0	0.116595085545
chr8	16300000	16400000	68502	7528.0	0.109894601617
chr8	16400000	16500000	46320	5118.0	0.110492227979
chr8	16500000	16600000	5916	640.0	0.108181203516
chr8	16600000	16700000	0	0.0	NA
chr8	16700000	16800000	9111	945.0	0.103720777083
chr8	16800000	16900000	41378	4405.0	0.106457537822
chr8	16900000	17000000	4167	373.0	0.0895128389729
chr8	17000000	17100000	4987	491.0	0.0984559855625
chr8	17100000	17200000	0	0.0	NA
chr8	17200000	17300000	20778	2217.0	0.106699393589
chr8	17300000	17400000	32862	3489.0	0.10617126164
chr8	17400000	17500000	3308	378.0	0.114268440145
chr8	17500000	17600000	549	81.0	0.147540983607
chr8	17600000	17700000	0	0.0	NA
chr8	17700000	17800000	6918	805.0	0.116363110726
chr8	17800000	17900000	5462	666.0	0.121933357744
chr8	17900000	18000000	34957	3845.0	0.109992276225
chr8	18000000	18100000	16669	1889.0	0.113324134621
chr8	18100000	18200000	79610	8357.0	0.104974249466
chr8	18200000	18300000	43509	4609.0	0.105932106001
chr8	18300000	18400000	59243	6644.0	0.112148270682
chr8	18400000	18500000	0	0.0	NA
chr8	18500000	18600000	0	0.0	NA
chr8	18600000	18700000	0	0.0	NA
chr8	18700000	18800000	0	0.0	NA
chr8	18800000	18900000	24062	2490.0	0.10348266977
chr8	18900000	19000000	32554	3439.0	0.105639859925
chr8	19000000	19100000	0	0.0	NA
chr8	19100000	19200000	34947	3974.0	0.113715054225
chr8	19200000	19300000	4951	629.0	0.127045041406
chr8	19300000	19400000	0	0.0	NA
chr8	19400000	19500000	0	0.0	NA
chr8	19500000	19600000	0	0.0	NA
chr8	19600000	19700000	44203	4713.0	0.106621722508
chr8	19700000	19800000	41605	4592.0	0.110371349597
chr8	19800000	19900000	44600	5095.0	0.114237668161
chr8	19900000	20000000	37274	4206.0	0.112840049364
chr8	20000000	20100000	27280	3071.0	0.112573313783
chr8	20100000	20200000	25647	2650.0	0.103325925059
chr8	20200000	20300000	64757	6638.0	0.102506292756
chr8	20300000	20400000	80563	8515.0	0.105693680722
chr8	20400000	20500000	74306	8329.0	0.112090544505
chr8	20500000	20600000	47781	5530.0	0.11573638057
chr8	20600000	20700000	74202	7844.0	0.105711436349
chr8	20700000	20800000	78569	8554.0	0.108872456058
chr8	20800000	20900000	34930	3946.0	0.112968794732
chr8	20900000	21000000	80978	8818.0	0.108893773618
chr8	21000000	21100000	76227	8302.0	0.10891154053
chr8	21100000	21200000	50730	5432.0	0.107076680465
chr8	21200000	21300000	67958	7306.0	0.10750757821
chr8	21300000	21400000	77428	7824.0	0.101048716227
chr8	21400000	21500000	83623	8635.0	0.10326106454
chr8	21500000	21600000	38279	4087.0	0.106768724366
chr8	21600000	21700000	0	0.0	NA
chr8	21700000	21800000	3671	366.0	0.0997003541269
chr8	21800000	21900000	10577	1199.0	0.11335917557
chr8	21900000	22000000	10384	1167.0	0.112384437596
chr8	22000000	22100000	15243	1684.0	0.110476940235
chr8	22100000	22200000	1289	128.0	0.0993017843289
chr8	22200000	22300000	8511	832.0	0.0977558453766
chr8	22300000	22400000	0	0.0	NA
chr8	22400000	22500000	8436	804.0	0.0953058321479
chr8	22500000	22600000	12731	1128.0	0.0886026235174
chr8	22600000	22700000	0	0.0	NA
chr8	22700000	22800000	8108	859.0	0.10594474593
chr8	22800000	22900000	22674	2426.0	0.106994795801
chr8	22900000	23000000	7470	1028.0	0.137617135207
chr8	23000000	23100000	5009	613.0	0.12237971651
chr8	23100000	23200000	4325	530.0	0.122543352601
chr8	23200000	23300000	0	0.0	NA
chr8	23300000	23400000	31547	3353.0	0.106285859194
chr8	23400000	23500000	45072	4772.0	0.105875044373
chr8	23500000	23600000	35907	3665.0	0.102069234411
chr8	23600000	23700000	36101	3873.0	0.107282346749
chr8	23700000	23800000	69145	7084.0	0.102451370309
chr8	23800000	23900000	77582	8078.0	0.104122090176
chr8	23900000	24000000	61585	6807.0	0.110530161565
chr8	24000000	24100000	62367	6861.0	0.110010101496
chr8	24100000	24200000	29739	3581.0	0.120414270823
chr8	24200000	24300000	0	0.0	NA
chr8	24300000	24400000	0	0.0	NA
chr8	24400000	24500000	0	0.0	NA
chr8	24500000	24600000	0	0.0	NA
chr8	24600000	24700000	0	0.0	NA
chr8	24700000	24800000	12786	1424.0	0.11137181292
chr8	24800000	24900000	46003	4814.0	0.104645349216
chr8	24900000	25000000	63623	6694.0	0.105213523411
chr8	25000000	25100000	17133	1823.0	0.106402848304
chr8	25100000	25200000	0	0.0	NA
chr8	25200000	25300000	0	0.0	NA
chr8	25300000	25400000	0	0.0	NA
chr8	25400000	25500000	0	0.0	NA
chr8	25500000	25600000	0	0.0	NA
chr8	25600000	25700000	0	0.0	NA
chr8	25700000	25800000	0	0.0	NA
chr8	25800000	25900000	0	0.0	NA
chr8	25900000	26000000	0	0.0	NA
chr8	26000000	26100000	0	0.0	NA
chr8	26100000	26200000	0	0.0	NA
chr8	26200000	26300000	11958	1332.0	0.111389864526
chr8	26300000	26400000	33906	3618.0	0.106706777561
chr8	26400000	26500000	0	0.0	NA
chr8	26500000	26600000	40506	4282.0	0.105712733916
chr8	26600000	26700000	4825	537.0	0.111295336788
chr8	26700000	26800000	49634	5022.0	0.101180642302
chr8	26800000	26900000	56813	5957.0	0.104852762572
chr8	26900000	27000000	42554	4322.0	0.101565070264
chr8	27000000	27100000	38267	3901.0	0.101941620718
chr8	27100000	27200000	14685	1629.0	0.110929519918
chr8	27200000	27300000	0	0.0	NA
chr8	27300000	27400000	7466	826.0	0.110634878114
chr8	27400000	27500000	26556	3018.0	0.113646633529
chr8	27500000	27600000	13861	1389.0	0.100209220114
chr8	27600000	27700000	5185	534.0	0.102989392478
chr8	27700000	27800000	13805	1442.0	0.104454907642
chr8	27800000	27900000	19445	2196.0	0.112933916174
chr8	27900000	28000000	3049	377.0	0.123647097409
chr8	28000000	28100000	35238	3857.0	0.109455701232
chr8	28100000	28200000	5861	757.0	0.129158846613
chr8	28200000	28300000	1748	223.0	0.127574370709
chr8	28300000	28400000	2006	199.0	0.0992023928215
chr8	28400000	28500000	20806	2259.0	0.108574449678
chr8	28500000	28600000	0	0.0	NA
chr8	28600000	28700000	5164	629.0	0.121804802479
chr8	28700000	28800000	89	14.0	0.157303370787
chr8	28800000	28900000	0	0.0	NA
chr8	28900000	29000000	9275	997.0	0.107493261456
chr8	29000000	29100000	0	0.0	NA
chr8	29100000	29200000	17572	2066.0	0.117573412247
chr8	29200000	29300000	54489	5488.0	0.100717576025
chr8	29300000	29400000	64760	6682.0	0.103180975911
chr8	29400000	29500000	55520	5695.0	0.102575648415
chr8	29500000	29600000	23391	2330.0	0.0996109614809
chr8	29600000	29700000	24669	2350.0	0.0952612590701
chr8	29700000	29800000	49257	4591.0	0.0932050266967
chr8	29800000	29900000	52879	5037.0	0.09525520528
chr8	29900000	30000000	6211	508.0	0.0817903719208
chr8	30000000	30100000	0	0.0	NA
chr8	30100000	30200000	49234	5192.0	0.105455579478
chr8	30200000	30300000	9709	944.0	0.0972293748069
chr8	30300000	30400000	0	0.0	NA
chr8	30400000	30500000	3465	398.0	0.114862914863
chr8	30500000	30600000	4724	515.0	0.109017781541
chr8	30600000	30700000	11341	1241.0	0.109425976545
chr8	30700000	30800000	33135	3131.0	0.0944922287611
chr8	30800000	30900000	31545	2908.0	0.0921857663655
chr8	30900000	31000000	0	0.0	NA
chr8	31000000	31100000	28267	3077.0	0.10885484841
chr8	31100000	31200000	17780	1854.0	0.104274465692
chr8	31200000	31300000	41778	4164.0	0.0996696826081
chr8	31300000	31400000	52704	5108.0	0.0969186399514
chr8	31400000	31500000	54569	5315.0	0.0973996224963
chr8	31500000	31600000	0	0.0	NA
chr8	31600000	31700000	0	0.0	NA
chr8	31700000	31800000	0	0.0	NA
chr8	31800000	31900000	0	0.0	NA
chr8	31900000	32000000	0	0.0	NA
chr8	32000000	32100000	0	0.0	NA
chr8	32100000	32200000	0	0.0	NA
chr8	32200000	32300000	0	0.0	NA
chr8	32300000	32400000	0	0.0	NA
chr8	32400000	32500000	0	0.0	NA
chr8	32500000	32600000	0	0.0	NA
chr8	32600000	32700000	38656	4141.0	0.107124379139
chr8	32700000	32800000	60663	6110.0	0.100720373209
chr8	32800000	32900000	0	0.0	NA
chr8	32900000	33000000	67125	6881.0	0.102510242086
chr8	33000000	33100000	73333	7122.0	0.0971186232665
chr8	33100000	33200000	70438	6993.0	0.0992787983759
chr8	33200000	33300000	15495	1410.0	0.0909970958374
chr8	33300000	33400000	11980	1210.0	0.101001669449
chr8	33400000	33500000	12335	1416.0	0.114795297933
chr8	33500000	33600000	0	0.0	NA
chr8	33600000	33700000	0	0.0	NA
chr8	33700000	33800000	0	0.0	NA
chr8	33800000	33900000	2981	284.0	0.0952700436095
chr8	33900000	34000000	71861	7258.0	0.101000542714
chr8	34000000	34100000	51294	4982.0	0.0971263695559
chr8	34100000	34200000	0	0.0	NA
chr8	34200000	34300000	61224	6260.0	0.102247484647
chr8	34300000	34400000	72180	7388.0	0.102355223053
chr8	34400000	34500000	62687	6691.0	0.106736643961
chr8	34500000	34600000	66716	7201.0	0.107935128005
chr8	34600000	34700000	28829	3080.0	0.106836865656
chr8	34700000	34800000	40851	4364.0	0.106827250251
chr8	34800000	34900000	84534	9102.0	0.107672652424
chr8	34900000	35000000	59706	6469.0	0.108347569758
chr8	35000000	35100000	66320	6991.0	0.105413148372
chr8	35100000	35200000	0	0.0	NA
chr8	35200000	35300000	0	0.0	NA
chr8	35300000	35400000	0	0.0	NA
chr8	35400000	35500000	0	0.0	NA
chr8	35500000	35600000	0	0.0	NA
chr8	35600000	35700000	26436	2883.0	0.109055832955
chr8	35700000	35800000	6214	626.0	0.10074026392
chr8	35800000	35900000	16159	1692.0	0.104709449842
chr8	35900000	36000000	19764	2022.0	0.102307225258
chr8	36000000	36100000	59537	6258.0	0.105111107379
chr8	36100000	36200000	60345	6499.0	0.107697406579
chr8	36200000	36300000	60853	6635.0	0.109033244047
chr8	36300000	36400000	57334	6065.0	0.105783653678
chr8	36400000	36500000	0	0.0	NA
chr8	36500000	36600000	0	0.0	NA
chr8	36600000	36700000	3548	401.0	0.113021420519
chr8	36700000	36800000	3743	387.0	0.103393000267
chr8	36800000	36900000	82174	8136.0	0.0990094190377
chr8	36900000	37000000	78964	7654.0	0.0969302466947
chr8	37000000	37100000	85846	8448.0	0.0984087785104
chr8	37100000	37200000	79261	7849.0	0.0990272643545
chr8	37200000	37300000	48120	4391.0	0.091251039069
chr8	37300000	37400000	0	0.0	NA
chr8	37400000	37500000	28677	3057.0	0.106601108903
chr8	37500000	37600000	27564	2486.0	0.0901901030329
chr8	37600000	37700000	10413	1020.0	0.097954479977
chr8	37700000	37800000	17831	1912.0	0.107228983231
chr8	37800000	37900000	17557	1850.0	0.105371077063
chr8	37900000	38000000	5801	567.0	0.0977417686606
chr8	38000000	38100000	6682	616.0	0.0921879676743
chr8	38100000	38200000	458	47.0	0.102620087336
chr8	38200000	38300000	3090	264.0	0.0854368932039
chr8	38300000	38400000	27682	2648.0	0.0956578281916
chr8	38400000	38500000	51893	5133.0	0.098915075251
chr8	38500000	38600000	53724	5003.0	0.0931241158514
chr8	38600000	38700000	0	0.0	NA
chr8	38700000	38800000	29220	2841.0	0.097227926078
chr8	38800000	38900000	303	38.0	0.125412541254
chr8	38900000	39000000	1799	160.0	0.088938299055
chr8	39000000	39100000	0	0.0	NA
chr8	39100000	39200000	13087	1308.0	0.0999465118056
chr8	39200000	39300000	5074	544.0	0.107213243989
chr8	39300000	39400000	8019	950.0	0.118468636987
chr8	39400000	39500000	388	51.0	0.131443298969
chr8	39500000	39600000	1975	200.0	0.101265822785
chr8	39600000	39700000	3619	385.0	0.106382978723
chr8	39700000	39800000	6238	647.0	0.10371914075
chr8	39800000	39900000	10308	1118.0	0.108459448972
chr8	39900000	40000000	47028	4774.0	0.101513991665
chr8	40000000	40100000	61138	6258.0	0.10235859858
chr8	40100000	40200000	48789	4956.0	0.101580274242
chr8	40200000	40300000	41421	4460.0	0.107674850921
chr8	40300000	40400000	60592	6596.0	0.108859255347
chr8	40400000	40500000	0	0.0	NA
chr8	40500000	40600000	0	0.0	NA
chr8	40600000	40700000	0	0.0	NA
chr8	40700000	40800000	31468	3526.0	0.11205033685
chr8	40800000	40900000	35150	4062.0	0.115561877667
chr8	40900000	41000000	19181	2161.0	0.112663573328
chr8	41000000	41100000	61930	6599.0	0.106555788794
chr8	41100000	41200000	39579	4297.0	0.108567674777
chr8	41200000	41300000	44890	4219.0	0.0939852973936
chr8	41300000	41400000	36727	3734.0	0.1016690718
chr8	41400000	41500000	8631	915.0	0.106013208203
chr8	41500000	41600000	1887	223.0	0.11817700053
chr8	41600000	41700000	0	0.0	NA
chr8	41700000	41800000	10616	1079.0	0.101639035418
chr8	41800000	41900000	0	0.0	NA
chr8	41900000	42000000	23524	2416.0	0.102703621833
chr8	42000000	42100000	27536	2889.0	0.104917199303
chr8	42100000	42200000	962	89.0	0.0925155925156
chr8	42200000	42300000	12170	1299.0	0.106737880033
chr8	42300000	42400000	0	0.0	NA
chr8	42400000	42500000	30358	3035.0	0.0999736478029
chr8	42500000	42600000	28774	3115.0	0.108257454647
chr8	42600000	42700000	15602	1555.0	0.0996667093962
chr8	42700000	42800000	1817	202.0	0.11117226197
chr8	42800000	42900000	0	0.0	NA
chr8	42900000	43000000	9857	959.0	0.0972912650908
chr8	43000000	43100000	8389	928.0	0.110621051377
chr8	43100000	43200000	340	53.0	0.155882352941
chr8	43200000	43300000	116	22.0	0.189655172414
chr8	43300000	43400000	12280	1732.0	0.141042345277
chr8	43400000	43500000	0	0.0	NA
chr8	43500000	43600000	0	0.0	NA
chr8	43600000	43700000	0	0.0	NA
chr8	43700000	43800000	0	0.0	NA
chr8	43800000	43900000	0	0.0	NA
chr8	43900000	44000000	0	0.0	NA
chr8	44000000	44100000	0	0.0	NA
chr8	44100000	44200000	0	0.0	NA
chr8	44200000	44300000	0	0.0	NA
chr8	44300000	44400000	0	0.0	NA
chr8	44400000	44500000	0	0.0	NA
chr8	44500000	44600000	0	0.0	NA
chr8	44600000	44700000	0	0.0	NA
chr8	44700000	44800000	0	0.0	NA
chr8	44800000	44900000	0	0.0	NA
chr8	44900000	45000000	0	0.0	NA
chr8	45000000	45100000	0	0.0	NA
chr8	45100000	45200000	0	0.0	NA
chr8	45200000	45300000	0	0.0	NA
chr8	45300000	45400000	0	0.0	NA
chr8	45400000	45500000	0	0.0	NA
chr8	45500000	45600000	0	0.0	NA
chr8	45600000	45700000	0	0.0	NA
chr8	45700000	45800000	0	0.0	NA
chr8	45800000	45900000	0	0.0	NA
chr8	45900000	46000000	0	0.0	NA
chr8	46000000	46100000	0	0.0	NA
chr8	46100000	46200000	0	0.0	NA
chr8	46200000	46300000	0	0.0	NA
chr8	46300000	46400000	0	0.0	NA
chr8	46400000	46500000	0	0.0	NA
chr8	46500000	46600000	0	0.0	NA
chr8	46600000	46700000	0	0.0	NA
chr8	46700000	46800000	0	0.0	NA
chr8	46800000	46900000	0	0.0	NA
chr8	46900000	47000000	0	0.0	NA
chr8	47000000	47100000	0	0.0	NA
chr8	47100000	47200000	0	0.0	NA
chr8	47200000	47300000	0	0.0	NA
chr8	47300000	47400000	0	0.0	NA
chr8	47400000	47500000	21477	2467.0	0.114867067095
chr8	47500000	47600000	19836	2254.0	0.113631780601
chr8	47600000	47700000	34310	3966.0	0.115593121539
chr8	47700000	47800000	13516	1862.0	0.137762651672
chr8	47800000	47900000	38897	5106.0	0.131269763735
chr8	47900000	48000000	7458	935.0	0.125368731563
chr8	48000000	48100000	40154	4809.0	0.119763908951
chr8	48100000	48200000	14096	1367.0	0.0969778660613
chr8	48200000	48300000	0	0.0	NA
chr8	48300000	48400000	0	0.0	NA
chr8	48400000	48500000	0	0.0	NA
chr8	48500000	48600000	0	0.0	NA
chr8	48600000	48700000	667	77.0	0.115442278861
chr8	48700000	48800000	0	0.0	NA
chr8	48800000	48900000	497	60.0	0.120724346076
chr8	48900000	49000000	9675	1112.0	0.114935400517
chr8	49000000	49100000	37637	4588.0	0.121901320509
chr8	49100000	49200000	35464	4289.0	0.120939544327
chr8	49200000	49300000	53808	6133.0	0.113979333928
chr8	49300000	49400000	64211	7849.0	0.122237622837
chr8	49400000	49500000	46625	5265.0	0.112922252011
chr8	49500000	49600000	0	0.0	NA
chr8	49600000	49700000	49701	5859.0	0.117884952013
chr8	49700000	49800000	76744	9365.0	0.122029083707
chr8	49800000	49900000	59262	7248.0	0.122304343424
chr8	49900000	50000000	40060	4877.0	0.12174238642
chr8	50000000	50100000	50719	6223.0	0.122695636744
chr8	50100000	50200000	33272	3954.0	0.11883866314
chr8	50200000	50300000	63429	7576.0	0.11944063441
chr8	50300000	50400000	47870	5947.0	0.124232295801
chr8	50400000	50500000	34744	4039.0	0.116250287819
chr8	50500000	50600000	51833	6505.0	0.125499199352
chr8	50600000	50700000	61642	7759.0	0.12587197041
chr8	50700000	50800000	57718	7088.0	0.122803977962
chr8	50800000	50900000	12617	1616.0	0.128081160339
chr8	50900000	51000000	0	0.0	NA
chr8	51000000	51100000	0	0.0	NA
chr8	51100000	51200000	0	0.0	NA
chr8	51200000	51300000	0	0.0	NA
chr8	51300000	51400000	0	0.0	NA
chr8	51400000	51500000	0	0.0	NA
chr8	51500000	51600000	0	0.0	NA
chr8	51600000	51700000	0	0.0	NA
chr8	51700000	51800000	53131	6601.0	0.124240085826
chr8	51800000	51900000	45180	5676.0	0.125630810093
chr8	51900000	52000000	52812	6656.0	0.126031962433
chr8	52000000	52100000	58725	7300.0	0.124308216262
chr8	52100000	52200000	30961	3751.0	0.121152417558
chr8	52200000	52300000	0	0.0	NA
chr8	52300000	52400000	0	0.0	NA
chr8	52400000	52500000	0	0.0	NA
chr8	52500000	52600000	0	0.0	NA
chr8	52600000	52700000	0	0.0	NA
chr8	52700000	52800000	4889	591.0	0.120883616281
chr8	52800000	52900000	5939	803.0	0.135207947466
chr8	52900000	53000000	34645	4279.0	0.123509885986
chr8	53000000	53100000	14215	1818.0	0.1278930707
chr8	53100000	53200000	0	0.0	NA
chr8	53200000	53300000	0	0.0	NA
chr8	53300000	53400000	55469	6798.0	0.122554940597
chr8	53400000	53500000	31487	3845.0	0.122113888271
chr8	53500000	53600000	18445	1963.0	0.106424505286
chr8	53600000	53700000	25891	2978.0	0.115020663551
chr8	53700000	53800000	41198	5056.0	0.122724404097
chr8	53800000	53900000	58951	7070.0	0.119930111448
chr8	53900000	54000000	42552	5151.0	0.121051889453
chr8	54000000	54100000	40648	4964.0	0.1221216296
chr8	54100000	54200000	15102	1706.0	0.112965170176
chr8	54200000	54300000	30518	3521.0	0.115374533062
chr8	54300000	54400000	46061	5381.0	0.116823342958
chr8	54400000	54500000	55323	6672.0	0.120600835096
chr8	54500000	54600000	39418	4729.0	0.11997057182
chr8	54600000	54700000	14528	1713.0	0.117910242291
chr8	54700000	54800000	4139	471.0	0.113795602803
chr8	54800000	54900000	4926	497.0	0.100893219651
chr8	54900000	55000000	1575	152.0	0.0965079365079
chr8	55000000	55100000	25554	2684.0	0.105032480238
chr8	55100000	55200000	63338	6556.0	0.103508162556
chr8	55200000	55300000	60713	6387.0	0.105199874821
chr8	55300000	55400000	66421	6967.0	0.104891525271
chr8	55400000	55500000	39271	4088.0	0.10409717094
chr8	55500000	55600000	0	0.0	NA
chr8	55600000	55700000	0	0.0	NA
chr8	55700000	55800000	11507	1185.0	0.102980794299
chr8	55800000	55900000	66098	7084.0	0.107174195891
chr8	55900000	56000000	64061	6689.0	0.104416103401
chr8	56000000	56100000	9731	937.0	0.0962902065564
chr8	56100000	56200000	0	0.0	NA
chr8	56200000	56300000	0	0.0	NA
chr8	56300000	56400000	0	0.0	NA
chr8	56400000	56500000	18980	2096.0	0.11043203372
chr8	56500000	56600000	45428	4854.0	0.106850400634
chr8	56600000	56700000	10010	1025.0	0.102397602398
chr8	56700000	56800000	25620	2786.0	0.108743169399
chr8	56800000	56900000	0	0.0	NA
chr8	56900000	57000000	14805	1637.0	0.110570753124
chr8	57000000	57100000	30791	3140.0	0.101977850671
chr8	57100000	57200000	31293	3215.0	0.102738631643
chr8	57200000	57300000	12848	1416.0	0.110211706102
chr8	57300000	57400000	25003	2650.0	0.105987281526
chr8	57400000	57500000	16721	1729.0	0.103402906525
chr8	57500000	57600000	58522	6240.0	0.106626567786
chr8	57600000	57700000	67079	6819.0	0.101656256056
chr8	57700000	57800000	58972	6071.0	0.102947161365
chr8	57800000	57900000	54946	5996.0	0.109125323044
chr8	57900000	58000000	47348	4895.0	0.103383458647
chr8	58000000	58100000	18434	2028.0	0.110014104372
chr8	58100000	58200000	0	0.0	NA
chr8	58200000	58300000	5835	971.0	0.166409597258
chr8	58300000	58400000	21863	3503.0	0.160225037735
chr8	58400000	58500000	25683	2824.0	0.109956002025
chr8	58500000	58600000	5546	569.0	0.102596465921
chr8	58600000	58700000	0	0.0	NA
chr8	58700000	58800000	55057	5595.0	0.101621955428
chr8	58800000	58900000	74184	7343.0	0.0989836083252
chr8	58900000	59000000	5449	536.0	0.098366672784
chr8	59000000	59100000	29960	3091.0	0.103170894526
chr8	59100000	59200000	47777	4986.0	0.104359838416
chr8	59200000	59300000	48091	4983.0	0.103616061217
chr8	59300000	59400000	38951	4140.0	0.106287386717
chr8	59400000	59500000	29837	2963.0	0.0993062305192
chr8	59500000	59600000	9348	977.0	0.104514334617
chr8	59600000	59700000	57637	5888.0	0.102156600795
chr8	59700000	59800000	14792	1339.0	0.0905219037317
chr8	59800000	59900000	0	0.0	NA
chr8	59900000	60000000	0	0.0	NA
chr8	60000000	60100000	47124	4541.0	0.0963627875393
chr8	60100000	60200000	68368	6710.0	0.0981453311491
chr8	60200000	60300000	74670	7305.0	0.0978304539976
chr8	60300000	60400000	48722	4986.0	0.102335700505
chr8	60400000	60500000	37706	3926.0	0.104121359996
chr8	60500000	60600000	70918	6627.0	0.0934459516625
chr8	60600000	60700000	48341	5027.0	0.103990401523
chr8	60700000	60800000	42436	4447.0	0.104793100198
chr8	60800000	60900000	60228	5870.0	0.097462974032
chr8	60900000	61000000	46954	4848.0	0.103249989351
chr8	61000000	61100000	60911	6057.0	0.0994401668007
chr8	61100000	61200000	5341	503.0	0.0941771203894
chr8	61200000	61300000	52977	5376.0	0.101477999887
chr8	61300000	61400000	0	0.0	NA
chr8	61400000	61500000	0	0.0	NA
chr8	61500000	61600000	29853	2914.0	0.0976116303219
chr8	61600000	61700000	0	0.0	NA
chr8	61700000	61800000	13564	1201.0	0.0885432025951
chr8	61800000	61900000	30410	2787.0	0.0916474843801
chr8	61900000	62000000	77129	7358.0	0.0953986178999
chr8	62000000	62100000	67034	6831.0	0.101903511651
chr8	62100000	62200000	29382	3021.0	0.102818051868
chr8	62200000	62300000	0	0.0	NA
chr8	62300000	62400000	0	0.0	NA
chr8	62400000	62500000	0	0.0	NA
chr8	62500000	62600000	0	0.0	NA
chr8	62600000	62700000	49812	5299.0	0.106379988758
chr8	62700000	62800000	0	0.0	NA
chr8	62800000	62900000	53735	5615.0	0.104494277473
chr8	62900000	63000000	50639	5463.0	0.107881277276
chr8	63000000	63100000	43385	4622.0	0.106534516538
chr8	63100000	63200000	38291	4083.0	0.106630800972
chr8	63200000	63300000	0	0.0	NA
chr8	63300000	63400000	0	0.0	NA
chr8	63400000	63500000	0	0.0	NA
chr8	63500000	63600000	0	0.0	NA
chr8	63600000	63700000	0	0.0	NA
chr8	63700000	63800000	0	0.0	NA
chr8	63800000	63900000	0	0.0	NA
chr8	63900000	64000000	16666	1726.0	0.103564142566
chr8	64000000	64100000	24068	2518.0	0.104620242646
chr8	64100000	64200000	46620	4650.0	0.0997425997426
chr8	64200000	64300000	58479	5861.0	0.100224012039
chr8	64300000	64400000	7199	680.0	0.0944575635505
chr8	64400000	64500000	63359	6322.0	0.0997806152244
chr8	64500000	64600000	84638	7927.0	0.0936576951251
chr8	64600000	64700000	0	0.0	NA
chr8	64700000	64800000	0	0.0	NA
chr8	64800000	64900000	0	0.0	NA
chr8	64900000	65000000	0	0.0	NA
chr8	65000000	65100000	0	0.0	NA
chr8	65100000	65200000	0	0.0	NA
chr8	65200000	65300000	3239	177.0	0.054646495832
chr8	65300000	65400000	79891	8131.0	0.101776170032
chr8	65400000	65500000	54695	5387.0	0.0984916354329
chr8	65500000	65600000	0	0.0	NA
chr8	65600000	65700000	0	0.0	NA
chr8	65700000	65800000	57154	5529.0	0.096738635966
chr8	65800000	65900000	42884	4159.0	0.0969825575972
chr8	65900000	66000000	75965	7138.0	0.0939643256763
chr8	66000000	66100000	46835	4233.0	0.0903811252269
chr8	66100000	66200000	83505	7264.0	0.0869888030657
chr8	66200000	66300000	47972	4416.0	0.0920536979905
chr8	66300000	66400000	64861	5744.0	0.0885586099505
chr8	66400000	66500000	33783	3169.0	0.0938045762662
chr8	66500000	66600000	12986	1263.0	0.0972585861697
chr8	66600000	66700000	2374	194.0	0.0817186183656
chr8	66700000	66800000	24270	2250.0	0.0927070457355
chr8	66800000	66900000	66407	6716.0	0.101133916605
chr8	66900000	67000000	22740	2276.0	0.100087950748
chr8	67000000	67100000	19993	1839.0	0.0919821937678
chr8	67100000	67200000	61187	5683.0	0.0928792063674
chr8	67200000	67300000	75043	6687.0	0.0891089108911
chr8	67300000	67400000	30958	2690.0	0.0868919180826
chr8	67400000	67500000	37067	3563.0	0.0961232363018
chr8	67500000	67600000	8225	727.0	0.0883890577508
chr8	67600000	67700000	0	0.0	NA
chr8	67700000	67800000	3140	275.0	0.0875796178344
chr8	67800000	67900000	10475	897.0	0.0856324582339
chr8	67900000	68000000	10391	814.0	0.0783370224233
chr8	68000000	68100000	0	0.0	NA
chr8	68100000	68200000	0	0.0	NA
chr8	68200000	68300000	0	0.0	NA
chr8	68300000	68400000	0	0.0	NA
chr8	68400000	68500000	0	0.0	NA
chr8	68500000	68600000	0	0.0	NA
chr8	68600000	68700000	30266	2956.0	0.0976673495011
chr8	68700000	68800000	67540	6703.0	0.0992448919159
chr8	68800000	68900000	44066	4146.0	0.094086143512
chr8	68900000	69000000	0	0.0	NA
chr8	69000000	69100000	0	0.0	NA
chr8	69100000	69200000	30772	3072.0	0.0998310152086
chr8	69200000	69300000	11023	1190.0	0.107956091808
chr8	69300000	69400000	0	0.0	NA
chr8	69400000	69500000	0	0.0	NA
chr8	69500000	69600000	0	0.0	NA
chr8	69600000	69700000	0	0.0	NA
chr8	69700000	69800000	44745	4333.0	0.09683763549
chr8	69800000	69900000	13262	1326.0	0.0999849193184
chr8	69900000	70000000	0	0.0	NA
chr8	70000000	70100000	50022	4788.0	0.095717884131
chr8	70100000	70200000	68103	6741.0	0.0989824236818
chr8	70200000	70300000	53144	5254.0	0.0988634653018
chr8	70300000	70400000	39377	3624.0	0.0920334205247
chr8	70400000	70500000	0	0.0	NA
chr8	70500000	70600000	4430	493.0	0.111286681716
chr8	70600000	70700000	0	0.0	NA
chr8	70700000	70800000	9054	967.0	0.106803622708
chr8	70800000	70900000	28743	2877.0	0.100093935915
chr8	70900000	71000000	22247	2270.0	0.102036229604
chr8	71000000	71100000	3729	400.0	0.107267363905
chr8	71100000	71200000	0	0.0	NA
chr8	71200000	71300000	0	0.0	NA
chr8	71300000	71400000	46447	4182.0	0.090038107951
chr8	71400000	71500000	46440	4386.0	0.0944444444444
chr8	71500000	71600000	0	0.0	NA
chr8	71600000	71700000	19957	2060.0	0.103221927143
chr8	71700000	71800000	43130	4153.0	0.0962902851843
chr8	71800000	71900000	56648	5413.0	0.095555006355
chr8	71900000	72000000	78510	7033.0	0.0895809451025
chr8	72000000	72100000	50851	4986.0	0.0980511691019
chr8	72100000	72200000	0	0.0	NA
chr8	72200000	72300000	22564	2084.0	0.092359510725
chr8	72300000	72400000	7142	719.0	0.10067208065
chr8	72400000	72500000	0	0.0	NA
chr8	72500000	72600000	64321	6183.0	0.0961272368278
chr8	72600000	72700000	58893	5673.0	0.0963272375325
chr8	72700000	72800000	38062	3893.0	0.102280489727
chr8	72800000	72900000	0	0.0	NA
chr8	72900000	73000000	0	0.0	NA
chr8	73000000	73100000	34852	4150.0	0.119074945484
chr8	73100000	73200000	14228	1779.0	0.125035141974
chr8	73200000	73300000	38364	4172.0	0.108747784381
chr8	73300000	73400000	47473	4971.0	0.104712152171
chr8	73400000	73500000	25511	2567.0	0.100623260554
chr8	73500000	73600000	0	0.0	NA
chr8	73600000	73700000	0	0.0	NA
chr8	73700000	73800000	0	0.0	NA
chr8	73800000	73900000	33944	3149.0	0.0927704454395
chr8	73900000	74000000	14136	1323.0	0.0935908319185
chr8	74000000	74100000	69334	6881.0	0.0992442380362
chr8	74100000	74200000	49540	4833.0	0.0975575292693
chr8	74200000	74300000	25003	2380.0	0.0951885773707
chr8	74300000	74400000	20649	1898.0	0.09191728413
chr8	74400000	74500000	0	0.0	NA
chr8	74500000	74600000	0	0.0	NA
chr8	74600000	74700000	0	0.0	NA
chr8	74700000	74800000	4318	372.0	0.0861509958314
chr8	74800000	74900000	10253	1063.0	0.103676972593
chr8	74900000	75000000	7510	784.0	0.104394141145
chr8	75000000	75100000	55160	5170.0	0.0937273386512
chr8	75100000	75200000	27274	2469.0	0.0905257754638
chr8	75200000	75300000	32799	2969.0	0.0905210524711
chr8	75300000	75400000	55075	5306.0	0.0963413527009
chr8	75400000	75500000	63304	6012.0	0.0949703020346
chr8	75500000	75600000	4168	438.0	0.105086372361
chr8	75600000	75700000	0	0.0	NA
chr8	75700000	75800000	11096	1127.0	0.10156813266
chr8	75800000	75900000	52456	5415.0	0.103229373189
chr8	75900000	76000000	22282	2216.0	0.099452472848
chr8	76000000	76100000	60949	6374.0	0.10457923838
chr8	76100000	76200000	23439	2495.0	0.106446520756
chr8	76200000	76300000	55883	5596.0	0.100137787878
chr8	76300000	76400000	16662	1676.0	0.100588164686
chr8	76400000	76500000	13408	1510.0	0.112619331742
chr8	76500000	76600000	53207	5246.0	0.098596049392
chr8	76600000	76700000	69977	7010.0	0.100175772039
chr8	76700000	76800000	78081	8060.0	0.10322613696
chr8	76800000	76900000	58583	5895.0	0.100626461601
chr8	76900000	77000000	67489	7146.0	0.105883921824
chr8	77000000	77100000	66650	7072.0	0.106106526632
chr8	77100000	77200000	66173	6726.0	0.101642663926
chr8	77200000	77300000	60300	6431.0	0.106650082919
chr8	77300000	77400000	12804	1218.0	0.0951265229616
chr8	77400000	77500000	50112	4525.0	0.0902977330779
chr8	77500000	77600000	20100	2283.0	0.113582089552
chr8	77600000	77700000	0	0.0	NA
chr8	77700000	77800000	18542	1740.0	0.0938410095998
chr8	77800000	77900000	54786	5269.0	0.0961742050889
chr8	77900000	78000000	59151	5992.0	0.101300062552
chr8	78000000	78100000	74565	7476.0	0.100261516797
chr8	78100000	78200000	63768	6895.0	0.108126332957
chr8	78200000	78300000	62497	7169.0	0.114709506056
chr8	78300000	78400000	9491	911.0	0.0959856706353
chr8	78400000	78500000	15712	1698.0	0.108070264766
chr8	78500000	78600000	79340	8885.0	0.111986387699
chr8	78600000	78700000	46808	5107.0	0.109105281149
chr8	78700000	78800000	26178	3035.0	0.115937046375
chr8	78800000	78900000	71125	7254.0	0.101989455185
chr8	78900000	79000000	70154	6942.0	0.0989537303646
chr8	79000000	79100000	64412	6695.0	0.103940259579
chr8	79100000	79200000	70269	7070.0	0.100613357241
chr8	79200000	79300000	67871	7132.0	0.105081699106
chr8	79300000	79400000	31553	3301.0	0.104617627484
chr8	79400000	79500000	0	0.0	NA
chr8	79500000	79600000	37009	3789.0	0.10238050204
chr8	79600000	79700000	10991	1042.0	0.0948048403239
chr8	79700000	79800000	44791	4779.0	0.106695541515
chr8	79800000	79900000	62284	6778.0	0.108824096076
chr8	79900000	80000000	62867	6717.0	0.106844608459
chr8	80000000	80100000	61357	6396.0	0.104242384732
chr8	80100000	80200000	65976	6822.0	0.103401236813
chr8	80200000	80300000	57178	5619.0	0.0982720626815
chr8	80300000	80400000	76081	7639.0	0.100406146081
chr8	80400000	80500000	49001	5024.0	0.102528519826
chr8	80500000	80600000	32563	3078.0	0.094524460277
chr8	80600000	80700000	57489	5324.0	0.0926090208562
chr8	80700000	80800000	11356	1025.0	0.0902606551603
chr8	80800000	80900000	24436	2089.0	0.0854886233426
chr8	80900000	81000000	0	0.0	NA
chr8	81000000	81100000	9371	899.0	0.0959342652865
chr8	81100000	81200000	32109	3049.0	0.0949577999938
chr8	81200000	81300000	20418	1794.0	0.0878636497208
chr8	81300000	81400000	45521	4037.0	0.0886843434898
chr8	81400000	81500000	36865	3150.0	0.0854469008545
chr8	81500000	81600000	30180	2922.0	0.0968190854871
chr8	81600000	81700000	0	0.0	NA
chr8	81700000	81800000	10629	965.0	0.0907893498918
chr8	81800000	81900000	55568	5390.0	0.096998272387
chr8	81900000	82000000	0	0.0	NA
chr8	82000000	82100000	47898	4530.0	0.0945759739446
chr8	82100000	82200000	61485	5892.0	0.0958282507929
chr8	82200000	82300000	60798	5784.0	0.0951347083786
chr8	82300000	82400000	25290	2502.0	0.0989323843416
chr8	82400000	82500000	38968	3968.0	0.101827140218
chr8	82500000	82600000	44121	4661.0	0.105641304594
chr8	82600000	82700000	30481	3038.0	0.0996686460418
chr8	82700000	82800000	26963	2617.0	0.0970589326114
chr8	82800000	82900000	44973	4188.0	0.0931225401908
chr8	82900000	83000000	69356	6430.0	0.0927100755522
chr8	83000000	83100000	26851	2711.0	0.100964582325
chr8	83100000	83200000	62277	6277.0	0.100791624516
chr8	83200000	83300000	62021	6424.0	0.103577820416
chr8	83300000	83400000	53936	5636.0	0.104494215366
chr8	83400000	83500000	9069	936.0	0.103208733047
chr8	83500000	83600000	9770	1138.0	0.1164790174
chr8	83600000	83700000	68624	7830.0	0.114100023315
chr8	83700000	83800000	33571	3668.0	0.109260969289
chr8	83800000	83900000	11210	1187.0	0.105887600357
chr8	83900000	84000000	58887	6485.0	0.110126173858
chr8	84000000	84100000	70005	7849.0	0.112120562817
chr8	84100000	84200000	53271	5926.0	0.111242514689
chr8	84200000	84300000	48018	5454.0	0.113582406598
chr8	84300000	84400000	54579	5968.0	0.109346085491
chr8	84400000	84500000	56736	6061.0	0.106828116187
chr8	84500000	84600000	48591	5306.0	0.109197176432
chr8	84600000	84700000	58358	6296.0	0.107885808287
chr8	84700000	84800000	59417	6372.0	0.107242035108
chr8	84800000	84900000	7123	806.0	0.113154569704
chr8	84900000	85000000	0	0.0	NA
chr8	85000000	85100000	34701	3402.0	0.0980375205325
chr8	85100000	85200000	0	0.0	NA
chr8	85200000	85300000	0	0.0	NA
chr8	85300000	85400000	0	0.0	NA
chr8	85400000	85500000	0	0.0	NA
chr8	85500000	85600000	0	0.0	NA
chr8	85600000	85700000	0	0.0	NA
chr8	85700000	85800000	0	0.0	NA
chr8	85800000	85900000	31126	3124.0	0.100366253293
chr8	85900000	86000000	42551	4309.0	0.101266715236
chr8	86000000	86100000	12788	1310.0	0.102439787301
chr8	86100000	86200000	0	0.0	NA
chr8	86200000	86300000	0	0.0	NA
chr8	86300000	86400000	465	47.0	0.101075268817
chr8	86400000	86500000	60558	6127.0	0.101175732356
chr8	86500000	86600000	31759	3273.0	0.103057401052
chr8	86600000	86700000	0	0.0	NA
chr8	86700000	86800000	0	0.0	NA
chr8	86800000	86900000	8352	866.0	0.103687739464
chr8	86900000	87000000	24546	2440.0	0.099405198403
chr8	87000000	87100000	59700	6061.0	0.101524288107
chr8	87100000	87200000	19694	1974.0	0.100233573677
chr8	87200000	87300000	22287	2330.0	0.104545250595
chr8	87300000	87400000	19532	1825.0	0.0934364120418
chr8	87400000	87500000	3674	350.0	0.0952640174197
chr8	87500000	87600000	9174	843.0	0.0918901242642
chr8	87600000	87700000	0	0.0	NA
chr8	87700000	87800000	857	99.0	0.115519253209
chr8	87800000	87900000	32125	3151.0	0.0980856031128
chr8	87900000	88000000	0	0.0	NA
chr8	88000000	88100000	0	0.0	NA
chr8	88100000	88200000	0	0.0	NA
chr8	88200000	88300000	0	0.0	NA
chr8	88300000	88400000	0	0.0	NA
chr8	88400000	88500000	63920	6654.0	0.104098873592
chr8	88500000	88600000	43408	4459.0	0.102723000369
chr8	88600000	88700000	0	0.0	NA
chr8	88700000	88800000	22763	2279.0	0.10011861354
chr8	88800000	88900000	61021	5946.0	0.0974418642762
chr8	88900000	89000000	69469	6997.0	0.100721184989
chr8	89000000	89100000	10169	1067.0	0.104926738126
chr8	89100000	89200000	0	0.0	NA
chr8	89200000	89300000	0	0.0	NA
chr8	89300000	89400000	0	0.0	NA
chr8	89400000	89500000	0	0.0	NA
chr8	89500000	89600000	0	0.0	NA
chr8	89600000	89700000	0	0.0	NA
chr8	89700000	89800000	28065	3164.0	0.112738286122
chr8	89800000	89900000	58831	6206.0	0.105488602947
chr8	89900000	90000000	68503	7480.0	0.109192298148
chr8	90000000	90100000	63512	6653.0	0.104751857917
chr8	90100000	90200000	62974	6789.0	0.107806396291
chr8	90200000	90300000	64800	6769.0	0.104459876543
chr8	90300000	90400000	57487	5819.0	0.101222885174
chr8	90400000	90500000	50739	5089.0	0.100297601451
chr8	90500000	90600000	55180	5489.0	0.0994744472635
chr8	90600000	90700000	15431	1409.0	0.0913097012507
chr8	90700000	90800000	0	0.0	NA
chr8	90800000	90900000	53264	4966.0	0.093233703815
chr8	90900000	91000000	11262	1156.0	0.102646066418
chr8	91000000	91100000	12043	1158.0	0.0961554429959
chr8	91100000	91200000	65444	6263.0	0.0957001405782
chr8	91200000	91300000	19324	1882.0	0.0973918443386
chr8	91300000	91400000	0	0.0	NA
chr8	91400000	91500000	54102	5270.0	0.0974085985731
chr8	91500000	91600000	19307	1962.0	0.101621173668
chr8	91600000	91700000	1830	176.0	0.096174863388
chr8	91700000	91800000	0	0.0	NA
chr8	91800000	91900000	0	0.0	NA
chr8	91900000	92000000	1958	170.0	0.0868232890705
chr8	92000000	92100000	20072	1906.0	0.0949581506576
chr8	92100000	92200000	11807	1124.0	0.0951977640383
chr8	92200000	92300000	0	0.0	NA
chr8	92300000	92400000	0	0.0	NA
chr8	92400000	92500000	68389	6698.0	0.0979397271491
chr8	92500000	92600000	28364	2745.0	0.0967776054153
chr8	92600000	92700000	0	0.0	NA
chr8	92700000	92800000	0	0.0	NA
chr8	92800000	92900000	0	0.0	NA
chr8	92900000	93000000	31084	3130.0	0.100694891262
chr8	93000000	93100000	0	0.0	NA
chr8	93100000	93200000	57164	5079.0	0.0888496256385
chr8	93200000	93300000	64658	6085.0	0.0941105508986
chr8	93300000	93400000	56269	5474.0	0.0972826956228
chr8	93400000	93500000	66432	5831.0	0.0877739643545
chr8	93500000	93600000	47930	4558.0	0.0950970164824
chr8	93600000	93700000	16813	1698.0	0.10099327901
chr8	93700000	93800000	10710	1071.0	0.1
chr8	93800000	93900000	5191	450.0	0.0866884993258
chr8	93900000	94000000	0	0.0	NA
chr8	94000000	94100000	46078	4485.0	0.097334953774
chr8	94100000	94200000	60326	5578.0	0.092464277426
chr8	94200000	94300000	14653	1330.0	0.0907663959599
chr8	94300000	94400000	0	0.0	NA
chr8	94400000	94500000	0	0.0	NA
chr8	94500000	94600000	0	0.0	NA
chr8	94600000	94700000	0	0.0	NA
chr8	94700000	94800000	2079	210.0	0.10101010101
chr8	94800000	94900000	26972	2614.0	0.0969153195907
chr8	94900000	95000000	50478	4572.0	0.0905741114941
chr8	95000000	95100000	68759	6595.0	0.0959147166189
chr8	95100000	95200000	20347	2072.0	0.101833194083
chr8	95200000	95300000	44384	4337.0	0.0977153929344
chr8	95300000	95400000	50217	4523.0	0.0900691001055
chr8	95400000	95500000	6161	578.0	0.0938159389709
chr8	95500000	95600000	4771	478.0	0.100188639698
chr8	95600000	95700000	19764	1905.0	0.0963873709775
chr8	95700000	95800000	3873	342.0	0.0883036405887
chr8	95800000	95900000	11484	1151.0	0.100226401951
chr8	95900000	96000000	0	0.0	NA
chr8	96000000	96100000	0	0.0	NA
chr8	96100000	96200000	38340	3654.0	0.0953051643192
chr8	96200000	96300000	14079	1455.0	0.103345408055
chr8	96300000	96400000	0	0.0	NA
chr8	96400000	96500000	0	0.0	NA
chr8	96500000	96600000	0	0.0	NA
chr8	96600000	96700000	0	0.0	NA
chr8	96700000	96800000	0	0.0	NA
chr8	96800000	96900000	50630	4496.0	0.0888011060636
chr8	96900000	97000000	71805	6537.0	0.0910382285356
chr8	97000000	97100000	62780	5691.0	0.0906498884995
chr8	97100000	97200000	60479	5436.0	0.0898824385324
chr8	97200000	97300000	30061	2823.0	0.0939090515951
chr8	97300000	97400000	28138	2605.0	0.0925794299524
chr8	97400000	97500000	69007	6461.0	0.0936281826481
chr8	97500000	97600000	4695	408.0	0.0869009584665
chr8	97600000	97700000	16084	1486.0	0.0923899527481
chr8	97700000	97800000	0	0.0	NA
chr8	97800000	97900000	0	0.0	NA
chr8	97900000	98000000	0	0.0	NA
chr8	98000000	98100000	0	0.0	NA
chr8	98100000	98200000	0	0.0	NA
chr8	98200000	98300000	0	0.0	NA
chr8	98300000	98400000	0	0.0	NA
chr8	98400000	98500000	23098	2106.0	0.0911767252576
chr8	98500000	98600000	47707	4511.0	0.0945563544134
chr8	98600000	98700000	25925	2526.0	0.0974349083896
chr8	98700000	98800000	5237	523.0	0.0998663356884
chr8	98800000	98900000	5686	546.0	0.0960253253605
chr8	98900000	99000000	0	0.0	NA
chr8	99000000	99100000	6907	688.0	0.0996090922253
chr8	99100000	99200000	27247	2792.0	0.102469996697
chr8	99200000	99300000	2004	150.0	0.0748502994012
chr8	99300000	99400000	53718	5077.0	0.0945120816114
chr8	99400000	99500000	45066	4361.0	0.0967691829761
chr8	99500000	99600000	0	0.0	NA
chr8	99600000	99700000	0	0.0	NA
chr8	99700000	99800000	0	0.0	NA
chr8	99800000	99900000	0	0.0	NA
chr8	99900000	100000000	23938	1897.0	0.0792463864985
chr8	100000000	100100000	6364	539.0	0.0846951602766
chr8	100100000	100200000	0	0.0	NA
chr8	100200000	100300000	0	0.0	NA
chr8	100300000	100400000	0	0.0	NA
chr8	100400000	100500000	0	0.0	NA
chr8	100500000	100600000	0	0.0	NA
chr8	100600000	100700000	0	0.0	NA
chr8	100700000	100800000	0	0.0	NA
chr8	100800000	100900000	277	22.0	0.0794223826715
chr8	100900000	101000000	23156	2192.0	0.094662290551
chr8	101000000	101100000	0	0.0	NA
chr8	101100000	101200000	17072	1632.0	0.095595126523
chr8	101200000	101300000	9943	852.0	0.0856884240169
chr8	101300000	101400000	21795	1991.0	0.0913512273457
chr8	101400000	101500000	46467	4626.0	0.0995545225644
chr8	101500000	101600000	11653	1123.0	0.0963700334678
chr8	101600000	101700000	21236	2322.0	0.10934262573
chr8	101700000	101800000	37872	3779.0	0.0997834811998
chr8	101800000	101900000	50175	5232.0	0.104275037369
chr8	101900000	102000000	34390	3483.0	0.101279441698
chr8	102000000	102100000	49188	4893.0	0.0994754818248
chr8	102100000	102200000	47532	4780.0	0.100563830682
chr8	102200000	102300000	55718	5502.0	0.098747263003
chr8	102300000	102400000	52687	5492.0	0.104238237136
chr8	102400000	102500000	20935	2112.0	0.100883687604
chr8	102500000	102600000	0	0.0	NA
chr8	102600000	102700000	2628	299.0	0.113774733638
chr8	102700000	102800000	0	0.0	NA
chr8	102800000	102900000	0	0.0	NA
chr8	102900000	103000000	0	0.0	NA
chr8	103000000	103100000	0	0.0	NA
chr8	103100000	103200000	45516	4330.0	0.095131382371
chr8	103200000	103300000	13265	1334.0	0.100565397663
chr8	103300000	103400000	0	0.0	NA
chr8	103400000	103500000	27828	2817.0	0.101228978008
chr8	103500000	103600000	44558	4411.0	0.0989945688765
chr8	103600000	103700000	41661	4226.0	0.10143779554
chr8	103700000	103800000	66787	6816.0	0.1020557893
chr8	103800000	103900000	19656	1995.0	0.101495726496
chr8	103900000	104000000	895	90.0	0.100558659218
chr8	104000000	104100000	22675	2242.0	0.0988754134509
chr8	104100000	104200000	19117	1861.0	0.097347910237
chr8	104200000	104300000	0	0.0	NA
chr8	104300000	104400000	26130	2576.0	0.0985840030616
chr8	104400000	104500000	29619	2572.0	0.0868361524697
chr8	104500000	104600000	0	0.0	NA
chr8	104600000	104700000	0	0.0	NA
chr8	104700000	104800000	0	0.0	NA
chr8	104800000	104900000	0	0.0	NA
chr8	104900000	105000000	0	0.0	NA
chr8	105000000	105100000	0	0.0	NA
chr8	105100000	105200000	0	0.0	NA
chr8	105200000	105300000	18133	1831.0	0.100976120885
chr8	105300000	105400000	47497	4791.0	0.100869528602
chr8	105400000	105500000	14208	1348.0	0.0948761261261
chr8	105500000	105600000	1052	94.0	0.0893536121673
chr8	105600000	105700000	79088	7111.0	0.0899125025288
chr8	105700000	105800000	71171	6753.0	0.094884152253
chr8	105800000	105900000	77614	6910.0	0.0890303295797
chr8	105900000	106000000	82653	7597.0	0.0919143890724
chr8	106000000	106100000	78553	7591.0	0.0966353926648
chr8	106100000	106200000	45104	4046.0	0.0897037956722
chr8	106200000	106300000	50590	5060.0	0.100019766752
chr8	106300000	106400000	20887	1981.0	0.0948436826734
chr8	106400000	106500000	0	0.0	NA
chr8	106500000	106600000	0	0.0	NA
chr8	106600000	106700000	0	0.0	NA
chr8	106700000	106800000	0	0.0	NA
chr8	106800000	106900000	0	0.0	NA
chr8	106900000	107000000	0	0.0	NA
chr8	107000000	107100000	16960	1722.0	0.101533018868
chr8	107100000	107200000	67946	7028.0	0.103435080799
chr8	107200000	107300000	55075	5820.0	0.105674080799
chr8	107300000	107400000	0	0.0	NA
chr8	107400000	107500000	0	0.0	NA
chr8	107500000	107600000	0	0.0	NA
chr8	107600000	107700000	0	0.0	NA
chr8	107700000	107800000	11991	1202.0	0.100241848053
chr8	107800000	107900000	68535	7099.0	0.10358211133
chr8	107900000	108000000	78034	7986.0	0.102340005639
chr8	108000000	108100000	66143	6768.0	0.10232375308
chr8	108100000	108200000	79285	8168.0	0.103020747935
chr8	108200000	108300000	49430	5020.0	0.101557758446
chr8	108300000	108400000	0	0.0	NA
chr8	108400000	108500000	0	0.0	NA
chr8	108500000	108600000	48693	4785.0	0.0982687449941
chr8	108600000	108700000	51076	5123.0	0.100301511473
chr8	108700000	108800000	72164	6913.0	0.0957956876005
chr8	108800000	108900000	68812	6686.0	0.0971632854735
chr8	108900000	109000000	4188	452.0	0.107927411652
chr8	109000000	109100000	2752	243.0	0.0882994186047
chr8	109100000	109200000	49915	5075.0	0.101672843835
chr8	109200000	109300000	42180	3739.0	0.088643907065
chr8	109300000	109400000	56723	5300.0	0.0934365248665
chr8	109400000	109500000	45497	4167.0	0.0915884563817
chr8	109500000	109600000	56960	5424.0	0.0952247191011
chr8	109600000	109700000	0	0.0	NA
chr8	109700000	109800000	73	2.0	0.027397260274
chr8	109800000	109900000	71032	6882.0	0.0968859105755
chr8	109900000	110000000	6991	734.0	0.104992132742
chr8	110000000	110100000	13367	1368.0	0.102341587492
chr8	110100000	110200000	43991	4247.0	0.0965424745971
chr8	110200000	110300000	26188	2534.0	0.0967618756682
chr8	110300000	110400000	7552	734.0	0.0971927966102
chr8	110400000	110500000	0	0.0	NA
chr8	110500000	110600000	14797	1301.0	0.0879232276813
chr8	110600000	110700000	0	0.0	NA
chr8	110700000	110800000	59190	5802.0	0.0980233147491
chr8	110800000	110900000	70230	6944.0	0.0988751245906
chr8	110900000	111000000	57921	5891.0	0.101707498144
chr8	111000000	111100000	54446	5681.0	0.104341916762
chr8	111100000	111200000	71289	7890.0	0.110676261415
chr8	111200000	111300000	57562	6372.0	0.11069802995
chr8	111300000	111400000	58295	6209.0	0.106509992281
chr8	111400000	111500000	60562	7123.0	0.117615006109
chr8	111500000	111600000	47866	5398.0	0.112773158401
chr8	111600000	111700000	57166	6451.0	0.112846797047
chr8	111700000	111800000	54708	6278.0	0.114754697668
chr8	111800000	111900000	53293	6148.0	0.115362242696
chr8	111900000	112000000	27046	3072.0	0.113584263847
chr8	112000000	112100000	23114	2735.0	0.118326555334
chr8	112100000	112200000	6323	760.0	0.120196109442
chr8	112200000	112300000	28767	3352.0	0.116522404144
chr8	112300000	112400000	38100	4375.0	0.114829396325
chr8	112400000	112500000	0	0.0	NA
chr8	112500000	112600000	43099	5036.0	0.116847258637
chr8	112600000	112700000	45775	5285.0	0.115456034954
chr8	112700000	112800000	55201	6189.0	0.112117534103
chr8	112800000	112900000	57687	6329.0	0.109712760241
chr8	112900000	113000000	64748	7182.0	0.110922345092
chr8	113000000	113100000	50743	5672.0	0.111778964586
chr8	113100000	113200000	62922	6871.0	0.109198690442
chr8	113200000	113300000	11565	1305.0	0.112840466926
chr8	113300000	113400000	0	0.0	NA
chr8	113400000	113500000	0	0.0	NA
chr8	113500000	113600000	0	0.0	NA
chr8	113600000	113700000	0	0.0	NA
chr8	113700000	113800000	0	0.0	NA
chr8	113800000	113900000	0	0.0	NA
chr8	113900000	114000000	0	0.0	NA
chr8	114000000	114100000	0	0.0	NA
chr8	114100000	114200000	0	0.0	NA
chr8	114200000	114300000	0	0.0	NA
chr8	114300000	114400000	0	0.0	NA
chr8	114400000	114500000	24279	2617.0	0.107788623914
chr8	114500000	114600000	47195	5561.0	0.117830278631
chr8	114600000	114700000	51499	5938.0	0.115303209771
chr8	114700000	114800000	57826	6648.0	0.114965586414
chr8	114800000	114900000	57047	6516.0	0.114221606745
chr8	114900000	115000000	70206	8217.0	0.117041278523
chr8	115000000	115100000	53647	6291.0	0.11726657595
chr8	115100000	115200000	57845	6563.0	0.113458380154
chr8	115200000	115300000	54499	6283.0	0.115286519019
chr8	115300000	115400000	55127	6308.0	0.114426687467
chr8	115400000	115500000	56201	6350.0	0.112987313393
chr8	115500000	115600000	58111	6534.0	0.112439985545
chr8	115600000	115700000	60742	6795.0	0.111866583254
chr8	115700000	115800000	55913	6338.0	0.113354676015
chr8	115800000	115900000	60571	6745.0	0.111356919978
chr8	115900000	116000000	47969	5303.0	0.110550563906
chr8	116000000	116100000	49632	5137.0	0.10350177305
chr8	116100000	116200000	58616	6193.0	0.105653746417
chr8	116200000	116300000	72681	7638.0	0.105089363107
chr8	116300000	116400000	69511	7082.0	0.101883155184
chr8	116400000	116500000	14587	1470.0	0.100774662371
chr8	116500000	116600000	0	0.0	NA
chr8	116600000	116700000	16662	1421.0	0.0852838794863
chr8	116700000	116800000	75678	7379.0	0.0975052194825
chr8	116800000	116900000	73740	7367.0	0.0999050718742
chr8	116900000	117000000	54385	5201.0	0.0956329870369
chr8	117000000	117100000	0	0.0	NA
chr8	117100000	117200000	0	0.0	NA
chr8	117200000	117300000	0	0.0	NA
chr8	117300000	117400000	42081	3717.0	0.0883296499608
chr8	117400000	117500000	71270	6227.0	0.087371965764
chr8	117500000	117600000	77435	7246.0	0.0935752566669
chr8	117600000	117700000	41169	4073.0	0.098933663679
chr8	117700000	117800000	0	0.0	NA
chr8	117800000	117900000	9383	973.0	0.103698177555
chr8	117900000	118000000	37314	3619.0	0.0969877257866
chr8	118000000	118100000	0	0.0	NA
chr8	118100000	118200000	9107	821.0	0.0901504337323
chr8	118200000	118300000	74588	6985.0	0.0936477717595
chr8	118300000	118400000	75018	7263.0	0.0968167639766
chr8	118400000	118500000	65080	6133.0	0.094237861094
chr8	118500000	118600000	59533	5655.0	0.0949893336469
chr8	118600000	118700000	78686	7263.0	0.0923035864067
chr8	118700000	118800000	79233	7574.0	0.0955914833466
chr8	118800000	118900000	4856	467.0	0.0961696869852
chr8	118900000	119000000	0	0.0	NA
chr8	119000000	119100000	0	0.0	NA
chr8	119100000	119200000	48641	4565.0	0.0938508665529
chr8	119200000	119300000	1589	124.0	0.078036500944
chr8	119300000	119400000	0	0.0	NA
chr8	119400000	119500000	0	0.0	NA
chr8	119500000	119600000	0	0.0	NA
chr8	119600000	119700000	0	0.0	NA
chr8	119700000	119800000	21649	2072.0	0.095708808721
chr8	119800000	119900000	75763	7795.0	0.102886633317
chr8	119900000	120000000	24589	2435.0	0.0990280206596
chr8	120000000	120100000	0	0.0	NA
chr8	120100000	120200000	29413	2945.0	0.100125794717
chr8	120200000	120300000	23014	2479.0	0.107717041801
chr8	120300000	120400000	55149	5719.0	0.103700883062
chr8	120400000	120500000	27940	2718.0	0.0972798854689
chr8	120500000	120600000	45809	4666.0	0.10185771355
chr8	120600000	120700000	11584	1156.0	0.0997928176796
chr8	120700000	120800000	23627	2336.0	0.0988699369366
chr8	120800000	120900000	6800	712.0	0.104705882353
chr8	120900000	121000000	0	0.0	NA
chr8	121000000	121100000	22861	2428.0	0.106207077556
chr8	121100000	121200000	8202	811.0	0.0988783223604
chr8	121200000	121300000	0	0.0	NA
chr8	121300000	121400000	9542	933.0	0.0977782435548
chr8	121400000	121500000	2800	260.0	0.0928571428571
chr8	121500000	121600000	7623	689.0	0.0903843631116
chr8	121600000	121700000	0	0.0	NA
chr8	121700000	121800000	0	0.0	NA
chr8	121800000	121900000	53222	5430.0	0.102025478186
chr8	121900000	122000000	15614	1536.0	0.0983732547714
chr8	122000000	122100000	0	0.0	NA
chr8	122100000	122200000	47902	4853.0	0.101311009979
chr8	122200000	122300000	80593	8161.0	0.101261896194
chr8	122300000	122400000	72444	7177.0	0.099069626194
chr8	122400000	122500000	70359	6870.0	0.097642092696
chr8	122500000	122600000	58051	5793.0	0.0997915625915
chr8	122600000	122700000	27859	2708.0	0.0972037761585
chr8	122700000	122800000	60152	5676.0	0.0943609522543
chr8	122800000	122900000	64435	5981.0	0.0928222239466
chr8	122900000	123000000	30505	3074.0	0.100770365514
chr8	123000000	123100000	0	0.0	NA
chr8	123100000	123200000	44109	4200.0	0.0952186628579
chr8	123200000	123300000	57693	5934.0	0.102854765743
chr8	123300000	123400000	65009	6532.0	0.100478395299
chr8	123400000	123500000	23588	2358.0	0.0999660844497
chr8	123500000	123600000	17335	1770.0	0.102105566772
chr8	123600000	123700000	67224	6598.0	0.0981494704272
chr8	123700000	123800000	61681	6118.0	0.0991877563593
chr8	123800000	123900000	0	0.0	NA
chr8	123900000	124000000	2722	293.0	0.107641440118
chr8	124000000	124100000	15520	1564.0	0.100773195876
chr8	124100000	124200000	12248	1345.0	0.109813847159
chr8	124200000	124300000	13047	1261.0	0.0966505710125
chr8	124300000	124400000	3800	340.0	0.0894736842105
chr8	124400000	124500000	22490	2271.0	0.100978212539
chr8	124500000	124600000	32421	3150.0	0.0971592486351
chr8	124600000	124700000	37728	3792.0	0.100508905852
chr8	124700000	124800000	20188	2067.0	0.102387556965
chr8	124800000	124900000	27879	2894.0	0.103805731913
chr8	124900000	125000000	0	0.0	NA
chr8	125000000	125100000	0	0.0	NA
chr8	125100000	125200000	13421	1311.0	0.0976827360107
chr8	125200000	125300000	23110	2307.0	0.0998269147555
chr8	125300000	125400000	11943	1094.0	0.0916017750984
chr8	125400000	125500000	26671	2718.0	0.101908439879
chr8	125500000	125600000	0	0.0	NA
chr8	125600000	125700000	0	0.0	NA
chr8	125700000	125800000	41021	3919.0	0.0955364325589
chr8	125800000	125900000	17453	1722.0	0.0986649859623
chr8	125900000	126000000	19347	1860.0	0.0961389362692
chr8	126000000	126100000	7117	636.0	0.089363495855
chr8	126100000	126200000	0	0.0	NA
chr8	126200000	126300000	0	0.0	NA
chr8	126300000	126400000	8770	920.0	0.104903078677
chr8	126400000	126500000	35303	3720.0	0.105373481007
chr8	126500000	126600000	34341	3316.0	0.0965609621153
chr8	126600000	126700000	75073	7758.0	0.103339416301
chr8	126700000	126800000	77967	7734.0	0.0991958136135
chr8	126800000	126900000	78297	7840.0	0.100131550379
chr8	126900000	127000000	52920	5388.0	0.101814058957
chr8	127000000	127100000	56653	5588.0	0.0986355532805
chr8	127100000	127200000	69164	7030.0	0.101642472963
chr8	127200000	127300000	56541	5944.0	0.10512725279
chr8	127300000	127400000	60772	6154.0	0.10126373988
chr8	127400000	127500000	50458	5287.0	0.104780213247
chr8	127500000	127600000	35636	3552.0	0.0996744864744
chr8	127600000	127700000	0	0.0	NA
chr8	127700000	127800000	20476	2062.0	0.100703262356
chr8	127800000	127900000	34501	3608.0	0.104576678937
chr8	127900000	128000000	0	0.0	NA
chr8	128000000	128100000	39886	4035.0	0.101163315449
chr8	128100000	128200000	17404	1812.0	0.104113996782
chr8	128200000	128300000	10684	1064.0	0.099588169225
chr8	128300000	128400000	0	0.0	NA
chr8	128400000	128500000	3622	385.0	0.106294864716
chr8	128500000	128600000	78371	8467.0	0.108037411798
chr8	128600000	128700000	69053	7383.0	0.106917874676
chr8	128700000	128800000	22157	2403.0	0.108453310466
chr8	128800000	128900000	2049	251.0	0.122498779893
chr8	128900000	129000000	0	0.0	NA
chr8	129000000	129100000	0	0.0	NA
chr8	129100000	129200000	69928	7336.0	0.104907905274
chr8	129200000	129300000	81617	8663.0	0.106142102748
chr8	129300000	129400000	70920	7769.0	0.109545967287
chr8	129400000	129500000	9257	915.0	0.0988441179648
chr8	129500000	129600000	20347	2082.0	0.102324667027
chr8	129600000	129700000	66693	7018.0	0.105228434768
chr8	129700000	129800000	38460	4113.0	0.106942277691
chr8	129800000	129900000	75912	7798.0	0.102724206976
chr8	129900000	130000000	28984	3078.0	0.106196522219
chr8	130000000	130100000	73856	7958.0	0.107750216638
chr8	130100000	130200000	80272	8176.0	0.101853697429
chr8	130200000	130300000	65227	6374.0	0.0977202692137
chr8	130300000	130400000	33943	3211.0	0.094599770203
chr8	130400000	130500000	0	0.0	NA
chr8	130500000	130600000	0	0.0	NA
chr8	130600000	130700000	3783	348.0	0.0919904837431
chr8	130700000	130800000	34827	3491.0	0.100238320843
chr8	130800000	130900000	8953	986.0	0.110130682453
chr8	130900000	131000000	0	0.0	NA
chr8	131000000	131100000	19380	2257.0	0.116460268318
chr8	131100000	131200000	0	0.0	NA
chr8	131200000	131300000	0	0.0	NA
chr8	131300000	131400000	0	0.0	NA
chr8	131400000	131500000	31483	3179.0	0.100975129435
chr8	131500000	131600000	64444	6564.0	0.101855874868
chr8	131600000	131700000	30068	2959.0	0.0984102700545
chr8	131700000	131800000	49785	5224.0	0.104931204178
chr8	131800000	131900000	0	0.0	NA
chr8	131900000	132000000	0	0.0	NA
chr8	132000000	132100000	34126	3626.0	0.106253296607
chr8	132100000	132200000	57742	6168.0	0.10681999238
chr8	132200000	132300000	51337	5402.0	0.105226250073
chr8	132300000	132400000	47089	4805.0	0.102040816327
chr8	132400000	132500000	71363	7664.0	0.107394588232
chr8	132500000	132600000	60589	6454.0	0.106520985657
chr8	132600000	132700000	66650	7063.0	0.105971492873
chr8	132700000	132800000	68912	7375.0	0.107020547945
chr8	132800000	132900000	73733	7908.0	0.107251841102
chr8	132900000	133000000	13841	1424.0	0.102882739686
chr8	133000000	133100000	7041	724.0	0.102826303082
chr8	133100000	133200000	5908	570.0	0.0964793500339
chr8	133200000	133300000	0	0.0	NA
chr8	133300000	133400000	0	0.0	NA
chr8	133400000	133500000	5797	571.0	0.0984992237364
chr8	133500000	133600000	61509	6516.0	0.105935716724
chr8	133600000	133700000	9177	904.0	0.0985071374087
chr8	133700000	133800000	30855	3247.0	0.10523415978
chr8	133800000	133900000	15615	1548.0	0.0991354466859
chr8	133900000	134000000	0	0.0	NA
chr8	134000000	134100000	0	0.0	NA
chr8	134100000	134200000	42949	4781.0	0.111318074926
chr8	134200000	134300000	5586	626.0	0.112065878983
chr8	134300000	134400000	63435	7267.0	0.114558209191
chr8	134400000	134500000	47342	5474.0	0.115626716235
chr8	134500000	134600000	9943	1138.0	0.114452378558
chr8	134600000	134700000	50914	5990.0	0.117649369525
chr8	134700000	134800000	56646	6501.0	0.114765385023
chr8	134800000	134900000	46842	5302.0	0.113189018402
chr8	134900000	135000000	63195	6899.0	0.109170029274
chr8	135000000	135100000	74599	7937.0	0.10639552809
chr8	135100000	135200000	80705	8563.0	0.106102471966
chr8	135200000	135300000	18908	1920.0	0.101544319865
chr8	135300000	135400000	48594	5227.0	0.107564719924
chr8	135400000	135500000	62874	6969.0	0.110840729077
chr8	135500000	135600000	0	0.0	NA
chr8	135600000	135700000	0	0.0	NA
chr8	135700000	135800000	47044	4845.0	0.102988691438
chr8	135800000	135900000	43821	4171.0	0.0951826749732
chr8	135900000	136000000	75763	8121.0	0.10718952523
chr8	136000000	136100000	75620	7807.0	0.103239883629
chr8	136100000	136200000	67998	7233.0	0.106370775611
chr8	136200000	136300000	36939	3939.0	0.106635263543
chr8	136300000	136400000	70597	7573.0	0.107270847203
chr8	136400000	136500000	56102	5773.0	0.102901857331
chr8	136500000	136600000	0	0.0	NA
chr8	136600000	136700000	33614	3673.0	0.109269947046
chr8	136700000	136800000	61302	6787.0	0.110714169195
chr8	136800000	136900000	61323	6831.0	0.111393767428
chr8	136900000	137000000	73108	7927.0	0.108428626142
chr8	137000000	137100000	50245	5429.0	0.108050552294
chr8	137100000	137200000	17011	1893.0	0.111280935865
chr8	137200000	137300000	63195	7021.0	0.111100561753
chr8	137300000	137400000	74801	8419.0	0.11255197123
chr8	137400000	137500000	63916	7060.0	0.110457475437
chr8	137500000	137600000	1241	137.0	0.110394842869
chr8	137600000	137700000	0	0.0	NA
chr8	137700000	137800000	0	0.0	NA
chr8	137800000	137900000	0	0.0	NA
chr8	137900000	138000000	2222	251.0	0.11296129613
chr8	138000000	138100000	55457	6293.0	0.113475305191
chr8	138100000	138200000	75379	8590.0	0.11395746826
chr8	138200000	138300000	64042	7481.0	0.116813965835
chr8	138300000	138400000	70250	8087.0	0.115117437722
chr8	138400000	138500000	67305	7726.0	0.114790877349
chr8	138500000	138600000	72396	8153.0	0.112616719156
chr8	138600000	138700000	73743	8174.0	0.110844419131
chr8	138700000	138800000	59731	6530.0	0.109323466876
chr8	138800000	138900000	12105	1417.0	0.117059066501
chr8	138900000	139000000	0	0.0	NA
chr8	139000000	139100000	981	121.0	0.123343527013
chr8	139100000	139200000	27224	3049.0	0.111996767558
chr8	139200000	139300000	0	0.0	NA
chr8	139300000	139400000	0	0.0	NA
chr8	139400000	139500000	0	0.0	NA
chr8	139500000	139600000	71343	7701.0	0.107943316093
chr8	139600000	139700000	460	64.0	0.139130434783
chr8	139700000	139800000	0	0.0	NA
chr8	139800000	139900000	0	0.0	NA
chr8	139900000	140000000	47687	5353.0	0.112252815233
chr8	140000000	140100000	65484	7259.0	0.110851505711
chr8	140100000	140200000	43398	5403.0	0.124498824831
chr8	140200000	140300000	74523	8770.0	0.117681789515
chr8	140300000	140400000	73115	8142.0	0.1113588183
chr8	140400000	140500000	78004	8170.0	0.104738218553
chr8	140500000	140600000	72648	9153.0	0.125991080278
chr8	140600000	140700000	9411	1112.0	0.118159600468
chr8	140700000	140800000	19704	2004.0	0.101705237515
chr8	140800000	140900000	0	0.0	NA
chr8	140900000	141000000	0	0.0	NA
chr8	141000000	141100000	0	0.0	NA
chr8	141100000	141200000	0	0.0	NA
chr8	141200000	141300000	0	0.0	NA
chr8	141300000	141400000	0	0.0	NA
chr8	141400000	141500000	9777	1084.0	0.110872455764
chr8	141500000	141600000	3712	439.0	0.118265086207
chr8	141600000	141700000	7193	815.0	0.113304601696
chr8	141700000	141800000	0	0.0	NA
chr8	141800000	141900000	0	0.0	NA
chr8	141900000	142000000	0	0.0	NA
chr8	142000000	142100000	46321	5570.0	0.120247835755
chr8	142100000	142200000	21183	2761.0	0.130340367276
chr8	142200000	142300000	17186	2310.0	0.134411730478
chr8	142300000	142400000	47323	6263.0	0.1323457938
chr8	142400000	142500000	729	99.0	0.135802469136
chr8	142500000	142600000	57160	7519.0	0.131543037089
chr8	142600000	142700000	74859	10071.0	0.134532921893
chr8	142700000	142800000	32022	4243.0	0.132502654425
chr8	142800000	142900000	54330	7483.0	0.137732376219
chr8	142900000	143000000	54919	7338.0	0.133614960214
chr8	143000000	143100000	55367	8001.0	0.144508461719
chr8	143100000	143200000	50469	7296.0	0.144563989776
chr8	143200000	143300000	51864	7488.0	0.144377602962
chr8	143300000	143400000	0	0.0	NA
chr8	143400000	143500000	8038	1167.0	0.145185369495
chr8	143500000	143600000	15994	2264.0	0.141553082406
chr8	143600000	143700000	32432	4557.0	0.140509373458
chr8	143700000	143800000	19933	2608.0	0.130838308333
chr8	143800000	143900000	17940	2383.0	0.132831661093
chr8	143900000	144000000	12103	1416.0	0.116995786169
chr8	144000000	144100000	17596	2375.0	0.134973857695
chr8	144100000	144200000	14274	1979.0	0.138643687824
chr8	144200000	144300000	39918	5592.0	0.140087178716
chr8	144300000	144400000	17181	2379.0	0.138466911123
chr8	144400000	144500000	20201	2691.0	0.133211227167
chr8	144500000	144600000	9225	1252.0	0.135718157182
chr8	144600000	144700000	4823	663.0	0.137466307278
chr8	144700000	144800000	1262	160.0	0.126782884311
chr8	144800000	144900000	1413	186.0	0.131634819533
chr8	144900000	145000000	26732	3600.0	0.134670058357
chr8	145000000	145100000	8637	1152.0	0.13337964571
chr8	145100000	145200000	11585	1382.0	0.119292188174
chr8	145200000	145300000	0	0.0	NA
chr8	145300000	145400000	0	0.0	NA
chr8	145400000	145500000	0	0.0	NA
chr8	145500000	145600000	9796	1225.0	0.125051041241
chr8	145600000	145700000	5890	798.0	0.135483870968
chr8	145700000	145800000	2625	343.0	0.130666666667
chr8	145800000	145900000	0	0.0	NA
chr8	145900000	146000000	16117	1720.0	0.106719612831
chr8	146000000	146100000	5920	678.0	0.114527027027
chr8	146100000	146200000	6096	687.0	0.112696850394
chr8	146200000	146300000	0	0.0	NA
chr8	146300000	146364022	0	0.0	NA
