chr8	0	100000	0	0.0	NA
chr8	100000	200000	5929	1683.0	0.283858998145
chr8	200000	300000	5697	1888.0	0.33140249254
chr8	300000	400000	4190	1337.0	0.319093078759
chr8	400000	500000	17326	6133.0	0.353976682443
chr8	500000	600000	8495	2741.0	0.322660388464
chr8	600000	700000	6583	2256.0	0.342700896248
chr8	700000	800000	16905	5834.0	0.345104998521
chr8	800000	900000	0	0.0	NA
chr8	900000	1000000	0	0.0	NA
chr8	1000000	1100000	0	0.0	NA
chr8	1100000	1200000	0	0.0	NA
chr8	1200000	1300000	0	0.0	NA
chr8	1300000	1400000	0	0.0	NA
chr8	1400000	1500000	0	0.0	NA
chr8	1500000	1600000	0	0.0	NA
chr8	1600000	1700000	27703	9039.0	0.326282352092
chr8	1700000	1800000	11713	4191.0	0.357807564245
chr8	1800000	1900000	15393	5592.0	0.363282011304
chr8	1900000	2000000	10575	4034.0	0.38146572104
chr8	2000000	2100000	17695	6353.0	0.359027974004
chr8	2100000	2200000	4322	1499.0	0.346830171217
chr8	2200000	2300000	3385	1084.0	0.32023633678
chr8	2300000	2400000	11024	3765.0	0.341527576197
chr8	2400000	2500000	28937	9534.0	0.329474375367
chr8	2500000	2600000	0	0.0	NA
chr8	2600000	2700000	3982	1328.0	0.33350075339
chr8	2700000	2800000	22638	7474.0	0.330152840357
chr8	2800000	2900000	0	0.0	NA
chr8	2900000	3000000	0	0.0	NA
chr8	3000000	3100000	0	0.0	NA
chr8	3100000	3200000	0	0.0	NA
chr8	3200000	3300000	0	0.0	NA
chr8	3300000	3400000	0	0.0	NA
chr8	3400000	3500000	0	0.0	NA
chr8	3500000	3600000	0	0.0	NA
chr8	3600000	3700000	0	0.0	NA
chr8	3700000	3800000	0	0.0	NA
chr8	3800000	3900000	0	0.0	NA
chr8	3900000	4000000	0	0.0	NA
chr8	4000000	4100000	0	0.0	NA
chr8	4100000	4200000	0	0.0	NA
chr8	4200000	4300000	0	0.0	NA
chr8	4300000	4400000	0	0.0	NA
chr8	4400000	4500000	0	0.0	NA
chr8	4500000	4600000	0	0.0	NA
chr8	4600000	4700000	0	0.0	NA
chr8	4700000	4800000	0	0.0	NA
chr8	4800000	4900000	5826	1811.0	0.310847923103
chr8	4900000	5000000	26516	8267.0	0.311774023231
chr8	5000000	5100000	22769	6855.0	0.301067240546
chr8	5100000	5200000	0	0.0	NA
chr8	5200000	5300000	10554	3417.0	0.32376350199
chr8	5300000	5400000	9555	3010.0	0.315018315018
chr8	5400000	5500000	24937	7694.0	0.308537514537
chr8	5500000	5600000	11843	3769.0	0.318247065777
chr8	5600000	5700000	25565	7982.0	0.312223743399
chr8	5700000	5800000	7378	2045.0	0.277175386284
chr8	5800000	5900000	33166	9670.0	0.291563649521
chr8	5900000	6000000	21338	6862.0	0.321585903084
chr8	6000000	6100000	0	0.0	NA
chr8	6100000	6200000	15147	4318.0	0.28507295174
chr8	6200000	6300000	4991	1346.0	0.269685433781
chr8	6300000	6400000	0	0.0	NA
chr8	6400000	6500000	14756	4700.0	0.318514502575
chr8	6500000	6600000	24963	6822.0	0.273284461002
chr8	6600000	6700000	41531	13175.0	0.317232910356
chr8	6700000	6800000	19264	6537.0	0.339337624585
chr8	6800000	6900000	0	0.0	NA
chr8	6900000	7000000	956	194.0	0.202928870293
chr8	7000000	7100000	0	0.0	NA
chr8	7100000	7200000	0	0.0	NA
chr8	7200000	7300000	40	21.0	0.525
chr8	7300000	7400000	0	0.0	NA
chr8	7400000	7500000	0	0.0	NA
chr8	7500000	7600000	0	0.0	NA
chr8	7600000	7700000	0	0.0	NA
chr8	7700000	7800000	0	0.0	NA
chr8	7800000	7900000	0	0.0	NA
chr8	7900000	8000000	0	0.0	NA
chr8	8000000	8100000	866	263.0	0.303695150115
chr8	8100000	8200000	52677	14174.0	0.26907378932
chr8	8200000	8300000	33200	8202.0	0.247048192771
chr8	8300000	8400000	52179	13859.0	0.265604936852
chr8	8400000	8500000	52142	12917.0	0.247727359902
chr8	8500000	8600000	38820	10732.0	0.276455435343
chr8	8600000	8700000	40873	10643.0	0.260391945783
chr8	8700000	8800000	54464	13638.0	0.250403936545
chr8	8800000	8900000	45283	11375.0	0.251198021333
chr8	8900000	9000000	49061	12651.0	0.257862660769
chr8	9000000	9100000	54538	13701.0	0.251219333309
chr8	9100000	9200000	31736	8573.0	0.270134862617
chr8	9200000	9300000	0	0.0	NA
chr8	9300000	9400000	31959	7948.0	0.248693638725
chr8	9400000	9500000	0	0.0	NA
chr8	9500000	9600000	0	0.0	NA
chr8	9600000	9700000	20691	5132.0	0.248030544681
chr8	9700000	9800000	28617	7125.0	0.248977880281
chr8	9800000	9900000	50135	12139.0	0.2421262591
chr8	9900000	10000000	26925	6668.0	0.24765088208
chr8	10000000	10100000	8497	2098.0	0.246910674356
chr8	10100000	10200000	5048	1408.0	0.278922345483
chr8	10200000	10300000	66184	18417.0	0.278269672428
chr8	10300000	10400000	31756	9002.0	0.283473989167
chr8	10400000	10500000	57244	16858.0	0.294493746069
chr8	10500000	10600000	43684	12455.0	0.285115831884
chr8	10600000	10700000	63682	17195.0	0.270013504601
chr8	10700000	10800000	37754	10529.0	0.278884356624
chr8	10800000	10900000	10040	3056.0	0.30438247012
chr8	10900000	11000000	19467	4960.0	0.254790157703
chr8	11000000	11100000	62744	16103.0	0.256646053806
chr8	11100000	11200000	33616	8605.0	0.255979295574
chr8	11200000	11300000	35254	10263.0	0.291115901742
chr8	11300000	11400000	37437	10879.0	0.290594866042
chr8	11400000	11500000	64083	18747.0	0.292542483966
chr8	11500000	11600000	68224	18290.0	0.268087476548
chr8	11600000	11700000	39787	11195.0	0.281373312891
chr8	11700000	11800000	27431	8209.0	0.299259961358
chr8	11800000	11900000	23120	6387.0	0.27625432526
chr8	11900000	12000000	0	0.0	NA
chr8	12000000	12100000	0	0.0	NA
chr8	12100000	12200000	0	0.0	NA
chr8	12200000	12300000	0	0.0	NA
chr8	12300000	12400000	0	0.0	NA
chr8	12400000	12500000	3	0.0	0.0
chr8	12500000	12600000	17061	3901.0	0.228650137741
chr8	12600000	12700000	48024	12103.0	0.252019823422
chr8	12700000	12800000	24141	6386.0	0.264529224142
chr8	12800000	12900000	51074	13515.0	0.264616047304
chr8	12900000	13000000	40799	9406.0	0.230544866296
chr8	13000000	13100000	18	8.0	0.444444444444
chr8	13100000	13200000	0	0.0	NA
chr8	13200000	13300000	0	0.0	NA
chr8	13300000	13400000	9242	2447.0	0.264769530405
chr8	13400000	13500000	24002	5927.0	0.246937755187
chr8	13500000	13600000	35171	9644.0	0.274203178755
chr8	13600000	13700000	22444	6077.0	0.270762787382
chr8	13700000	13800000	17841	4874.0	0.273190964632
chr8	13800000	13900000	23963	6331.0	0.264198973417
chr8	13900000	14000000	0	0.0	NA
chr8	14000000	14100000	0	0.0	NA
chr8	14100000	14200000	0	0.0	NA
chr8	14200000	14300000	0	0.0	NA
chr8	14300000	14400000	0	0.0	NA
chr8	14400000	14500000	0	0.0	NA
chr8	14500000	14600000	0	0.0	NA
chr8	14600000	14700000	0	0.0	NA
chr8	14700000	14800000	0	0.0	NA
chr8	14800000	14900000	0	0.0	NA
chr8	14900000	15000000	0	0.0	NA
chr8	15000000	15100000	13339	3040.0	0.227903141165
chr8	15100000	15200000	39741	10265.0	0.258297476158
chr8	15200000	15300000	33902	8748.0	0.258037873872
chr8	15300000	15400000	16107	3991.0	0.247780468119
chr8	15400000	15500000	16998	4405.0	0.259148135075
chr8	15500000	15600000	0	0.0	NA
chr8	15600000	15700000	10120	2594.0	0.256324110672
chr8	15700000	15800000	37746	9614.0	0.254702485032
chr8	15800000	15900000	18994	4997.0	0.263083078867
chr8	15900000	16000000	33713	8719.0	0.25862426957
chr8	16000000	16100000	0	0.0	NA
chr8	16100000	16200000	25285	6267.0	0.247854459166
chr8	16200000	16300000	0	0.0	NA
chr8	16300000	16400000	17317	4495.0	0.259571519316
chr8	16400000	16500000	26264	6557.0	0.249657325617
chr8	16500000	16600000	13540	3260.0	0.240768094535
chr8	16600000	16700000	14569	3499.0	0.240167478894
chr8	16700000	16800000	21630	4989.0	0.230651872399
chr8	16800000	16900000	33649	7522.0	0.223543047342
chr8	16900000	17000000	54948	12621.0	0.229689888622
chr8	17000000	17100000	61636	14719.0	0.238805243689
chr8	17100000	17200000	35697	8692.0	0.243493851024
chr8	17200000	17300000	21620	5394.0	0.249491211841
chr8	17300000	17400000	28775	7211.0	0.250599478714
chr8	17400000	17500000	36545	9517.0	0.260418661924
chr8	17500000	17600000	47784	12757.0	0.266972208271
chr8	17600000	17700000	33583	8899.0	0.2649852604
chr8	17700000	17800000	50248	11817.0	0.235173539245
chr8	17800000	17900000	38291	8737.0	0.228173722285
chr8	17900000	18000000	13374	3549.0	0.265365634814
chr8	18000000	18100000	0	0.0	NA
chr8	18100000	18200000	0	0.0	NA
chr8	18200000	18300000	0	0.0	NA
chr8	18300000	18400000	0	0.0	NA
chr8	18400000	18500000	0	0.0	NA
chr8	18500000	18600000	0	0.0	NA
chr8	18600000	18700000	0	0.0	NA
chr8	18700000	18800000	0	0.0	NA
chr8	18800000	18900000	24031	5917.0	0.246223627814
chr8	18900000	19000000	27277	7161.0	0.262528870477
chr8	19000000	19100000	27603	7493.0	0.271456001159
chr8	19100000	19200000	26788	7411.0	0.276653725549
chr8	19200000	19300000	18822	5179.0	0.275156731484
chr8	19300000	19400000	29688	8807.0	0.296651845864
chr8	19400000	19500000	0	0.0	NA
chr8	19500000	19600000	15216	3998.0	0.262749737119
chr8	19600000	19700000	33559	8491.0	0.253017074406
chr8	19700000	19800000	23839	6349.0	0.266328285582
chr8	19800000	19900000	18341	4803.0	0.261872307944
chr8	19900000	20000000	35074	9753.0	0.278069225067
chr8	20000000	20100000	53349	13416.0	0.251476128887
chr8	20100000	20200000	54222	14422.0	0.265980598281
chr8	20200000	20300000	44004	11406.0	0.259203708754
chr8	20300000	20400000	41027	10955.0	0.267019279986
chr8	20400000	20500000	35666	9155.0	0.256687040879
chr8	20500000	20600000	33767	9278.0	0.274765303403
chr8	20600000	20700000	35007	9182.0	0.262290399063
chr8	20700000	20800000	65270	17541.0	0.268745212195
chr8	20800000	20900000	44718	12106.0	0.27071872624
chr8	20900000	21000000	58867	15368.0	0.261063074388
chr8	21000000	21100000	41503	10814.0	0.260559477628
chr8	21100000	21200000	7755	2058.0	0.265377176015
chr8	21200000	21300000	51267	13440.0	0.262156943063
chr8	21300000	21400000	34963	8858.0	0.253353545176
chr8	21400000	21500000	66477	17734.0	0.266768957685
chr8	21500000	21600000	5310	1438.0	0.270809792844
chr8	21600000	21700000	10068	2792.0	0.277314263012
chr8	21700000	21800000	27013	7054.0	0.261133528301
chr8	21800000	21900000	56686	13255.0	0.233831986734
chr8	21900000	22000000	64881	16238.0	0.250273577781
chr8	22000000	22100000	66069	16386.0	0.248013440494
chr8	22100000	22200000	30815	7349.0	0.238487749473
chr8	22200000	22300000	31973	7994.0	0.250023457292
chr8	22300000	22400000	36418	7724.0	0.212092921083
chr8	22400000	22500000	52927	14162.0	0.267576095377
chr8	22500000	22600000	61711	14858.0	0.240767448267
chr8	22600000	22700000	30744	7805.0	0.253870673953
chr8	22700000	22800000	39451	10980.0	0.278319941193
chr8	22800000	22900000	30642	8068.0	0.263298740291
chr8	22900000	23000000	7178	2367.0	0.329757592644
chr8	23000000	23100000	7077	2277.0	0.321746502755
chr8	23100000	23200000	54336	15001.0	0.276078474676
chr8	23200000	23300000	51656	14022.0	0.271449589593
chr8	23300000	23400000	50263	13690.0	0.272367347751
chr8	23400000	23500000	55405	14581.0	0.263171193936
chr8	23500000	23600000	56759	15007.0	0.264398597579
chr8	23600000	23700000	41276	11212.0	0.271634848338
chr8	23700000	23800000	70439	16868.0	0.239469612005
chr8	23800000	23900000	38376	9529.0	0.248306233062
chr8	23900000	24000000	42003	10401.0	0.247625169631
chr8	24000000	24100000	43323	11263.0	0.259977379221
chr8	24100000	24200000	13941	3631.0	0.260454773689
chr8	24200000	24300000	0	0.0	NA
chr8	24300000	24400000	0	0.0	NA
chr8	24400000	24500000	0	0.0	NA
chr8	24500000	24600000	0	0.0	NA
chr8	24600000	24700000	18048	4597.0	0.254709663121
chr8	24700000	24800000	63338	15603.0	0.246345006157
chr8	24800000	24900000	44006	11399.0	0.259032859156
chr8	24900000	25000000	47754	12353.0	0.25867990116
chr8	25000000	25100000	6190	1675.0	0.270597738288
chr8	25100000	25200000	22833	5861.0	0.256689878684
chr8	25200000	25300000	0	0.0	NA
chr8	25300000	25400000	0	0.0	NA
chr8	25400000	25500000	0	0.0	NA
chr8	25500000	25600000	0	0.0	NA
chr8	25600000	25700000	0	0.0	NA
chr8	25700000	25800000	0	0.0	NA
chr8	25800000	25900000	0	0.0	NA
chr8	25900000	26000000	0	0.0	NA
chr8	26000000	26100000	0	0.0	NA
chr8	26100000	26200000	40390	9732.0	0.240950730379
chr8	26200000	26300000	43547	10459.0	0.240177279721
chr8	26300000	26400000	44385	11925.0	0.268671848597
chr8	26400000	26500000	0	0.0	NA
chr8	26500000	26600000	36058	9448.0	0.26202229741
chr8	26600000	26700000	9869	2672.0	0.270746782855
chr8	26700000	26800000	8779	2103.0	0.239548923568
chr8	26800000	26900000	32269	8157.0	0.252781307137
chr8	26900000	27000000	41249	10773.0	0.261169967757
chr8	27000000	27100000	48720	12885.0	0.26447044335
chr8	27100000	27200000	61951	17657.0	0.285015576827
chr8	27200000	27300000	66577	18418.0	0.276642083602
chr8	27300000	27400000	27190	7897.0	0.290437660905
chr8	27400000	27500000	55924	16214.0	0.289929189614
chr8	27500000	27600000	52627	13468.0	0.255914264541
chr8	27600000	27700000	52553	12714.0	0.241927197306
chr8	27700000	27800000	45343	12043.0	0.265597776945
chr8	27800000	27900000	51306	14071.0	0.274256422251
chr8	27900000	28000000	31774	7717.0	0.242871530182
chr8	28000000	28100000	30263	7383.0	0.243961272841
chr8	28100000	28200000	23059	5847.0	0.253566936988
chr8	28200000	28300000	21066	5297.0	0.251447830628
chr8	28300000	28400000	10967	2413.0	0.220023707486
chr8	28400000	28500000	36812	8112.0	0.220362925133
chr8	28500000	28600000	32792	7674.0	0.234020492803
chr8	28600000	28700000	22989	5567.0	0.242159293575
chr8	28700000	28800000	8570	1883.0	0.219719953326
chr8	28800000	28900000	51237	11146.0	0.217538107227
chr8	28900000	29000000	25251	6296.0	0.249336659934
chr8	29000000	29100000	52759	13008.0	0.246555090127
chr8	29100000	29200000	30156	7719.0	0.255968961401
chr8	29200000	29300000	49628	13280.0	0.267590876118
chr8	29300000	29400000	44748	11749.0	0.262559220524
chr8	29400000	29500000	39594	10693.0	0.270066171642
chr8	29500000	29600000	45442	11585.0	0.25494036354
chr8	29600000	29700000	67321	17200.0	0.255492342657
chr8	29700000	29800000	51512	12470.0	0.242079515453
chr8	29800000	29900000	46482	11529.0	0.248031496063
chr8	29900000	30000000	23065	5194.0	0.225189681335
chr8	30000000	30100000	516	133.0	0.257751937984
chr8	30100000	30200000	23997	5990.0	0.24961453515
chr8	30200000	30300000	0	0.0	NA
chr8	30300000	30400000	32963	7843.0	0.237933440524
chr8	30400000	30500000	24329	5803.0	0.238521928563
chr8	30500000	30600000	25340	6327.0	0.249684293607
chr8	30600000	30700000	29581	6937.0	0.234508637301
chr8	30700000	30800000	41415	9568.0	0.231027405529
chr8	30800000	30900000	30308	6575.0	0.216939421935
chr8	30900000	31000000	0	0.0	NA
chr8	31000000	31100000	15135	3839.0	0.253650479022
chr8	31100000	31200000	16728	4180.0	0.249880439981
chr8	31200000	31300000	23112	5552.0	0.240221529941
chr8	31300000	31400000	30967	7285.0	0.235250427875
chr8	31400000	31500000	19973	4827.0	0.241676262955
chr8	31500000	31600000	35055	8705.0	0.248324062188
chr8	31600000	31700000	0	0.0	NA
chr8	31700000	31800000	0	0.0	NA
chr8	31800000	31900000	0	0.0	NA
chr8	31900000	32000000	0	0.0	NA
chr8	32000000	32100000	0	0.0	NA
chr8	32100000	32200000	0	0.0	NA
chr8	32200000	32300000	0	0.0	NA
chr8	32300000	32400000	0	0.0	NA
chr8	32400000	32500000	0	0.0	NA
chr8	32500000	32600000	0	0.0	NA
chr8	32600000	32700000	10454	2696.0	0.25789171609
chr8	32700000	32800000	17015	4130.0	0.242727005583
chr8	32800000	32900000	25081	5988.0	0.238746461465
chr8	32900000	33000000	28595	6798.0	0.237733869558
chr8	33000000	33100000	3662	843.0	0.230202075369
chr8	33100000	33200000	34844	8185.0	0.234904144186
chr8	33200000	33300000	20428	5045.0	0.246964950069
chr8	33300000	33400000	31374	8057.0	0.256804997769
chr8	33400000	33500000	26768	7058.0	0.263673042439
chr8	33500000	33600000	15760	3940.0	0.25
chr8	33600000	33700000	0	0.0	NA
chr8	33700000	33800000	0	0.0	NA
chr8	33800000	33900000	0	0.0	NA
chr8	33900000	34000000	39018	9810.0	0.251422420421
chr8	34000000	34100000	23749	5836.0	0.245736662596
chr8	34100000	34200000	26250	6301.0	0.240038095238
chr8	34200000	34300000	20789	5330.0	0.256385588532
chr8	34300000	34400000	2156	458.0	0.212430426716
chr8	34400000	34500000	0	0.0	NA
chr8	34500000	34600000	19834	5260.0	0.265201169709
chr8	34600000	34700000	0	0.0	NA
chr8	34700000	34800000	35521	9091.0	0.255933109991
chr8	34800000	34900000	28890	7268.0	0.251574939425
chr8	34900000	35000000	12674	3295.0	0.259981063595
chr8	35000000	35100000	22704	5430.0	0.239164904863
chr8	35100000	35200000	0	0.0	NA
chr8	35200000	35300000	0	0.0	NA
chr8	35300000	35400000	0	0.0	NA
chr8	35400000	35500000	0	0.0	NA
chr8	35500000	35600000	0	0.0	NA
chr8	35600000	35700000	32564	7687.0	0.236058223805
chr8	35700000	35800000	45419	10753.0	0.236751139391
chr8	35800000	35900000	18074	4424.0	0.244771494965
chr8	35900000	36000000	19712	4645.0	0.235643262987
chr8	36000000	36100000	44116	10865.0	0.246282527881
chr8	36100000	36200000	20332	4965.0	0.244196340744
chr8	36200000	36300000	38141	9965.0	0.261267402533
chr8	36300000	36400000	13802	3495.0	0.25322417041
chr8	36400000	36500000	0	0.0	NA
chr8	36500000	36600000	17456	4403.0	0.252234188818
chr8	36600000	36700000	7524	1900.0	0.252525252525
chr8	36700000	36800000	21179	5473.0	0.258416355824
chr8	36800000	36900000	45615	11407.0	0.250071248493
chr8	36900000	37000000	12629	3069.0	0.243012114973
chr8	37000000	37100000	28671	7374.0	0.257193680025
chr8	37100000	37200000	51904	13284.0	0.255934032059
chr8	37200000	37300000	43968	11016.0	0.250545851528
chr8	37300000	37400000	50027	12592.0	0.251704079797
chr8	37400000	37500000	54764	14122.0	0.257870133664
chr8	37500000	37600000	58670	14266.0	0.243156638827
chr8	37600000	37700000	55734	14254.0	0.2557505293
chr8	37700000	37800000	46314	11493.0	0.248153905946
chr8	37800000	37900000	24877	6491.0	0.260923744825
chr8	37900000	38000000	23532	5590.0	0.237548869624
chr8	38000000	38100000	31706	7382.0	0.232826594335
chr8	38100000	38200000	50188	10035.0	0.199948194788
chr8	38200000	38300000	34439	7875.0	0.228665176108
chr8	38300000	38400000	46346	11295.0	0.243710352565
chr8	38400000	38500000	43040	11164.0	0.2593866171
chr8	38500000	38600000	37335	8815.0	0.236105531003
chr8	38600000	38700000	47998	11802.0	0.245885245219
chr8	38700000	38800000	42078	10623.0	0.252459717667
chr8	38800000	38900000	24690	5899.0	0.238922640745
chr8	38900000	39000000	15549	3628.0	0.233326902052
chr8	39000000	39100000	15445	3861.0	0.249983813532
chr8	39100000	39200000	4343	1131.0	0.260419065162
chr8	39200000	39300000	8501	2276.0	0.267733207858
chr8	39300000	39400000	21614	5878.0	0.271953363561
chr8	39400000	39500000	14572	3982.0	0.273263793577
chr8	39500000	39600000	14702	3981.0	0.270779485784
chr8	39600000	39700000	14931	3925.0	0.262875895787
chr8	39700000	39800000	13215	3517.0	0.266136965569
chr8	39800000	39900000	14095	3847.0	0.27293366442
chr8	39900000	40000000	35127	8986.0	0.255814615538
chr8	40000000	40100000	53506	13929.0	0.260325944754
chr8	40100000	40200000	34344	8486.0	0.247088283252
chr8	40200000	40300000	40043	10788.0	0.269410383837
chr8	40300000	40400000	36350	9936.0	0.273342503439
chr8	40400000	40500000	23676	5972.0	0.25223855381
chr8	40500000	40600000	0	0.0	NA
chr8	40600000	40700000	26075	6662.0	0.255493767977
chr8	40700000	40800000	10326	3012.0	0.291690877397
chr8	40800000	40900000	23604	7032.0	0.297915607524
chr8	40900000	41000000	18479	5176.0	0.280101737107
chr8	41000000	41100000	25195	6972.0	0.27672157174
chr8	41100000	41200000	10261	2862.0	0.278920183218
chr8	41200000	41300000	42420	10306.0	0.242951438001
chr8	41300000	41400000	46734	11360.0	0.243077844824
chr8	41400000	41500000	24192	6255.0	0.258556547619
chr8	41500000	41600000	32228	9464.0	0.293657688966
chr8	41600000	41700000	8769	2761.0	0.31485916296
chr8	41700000	41800000	23945	7190.0	0.300271455419
chr8	41800000	41900000	33555	7606.0	0.22667262703
chr8	41900000	42000000	35114	8655.0	0.24648288432
chr8	42000000	42100000	47080	12431.0	0.264039932031
chr8	42100000	42200000	45673	13089.0	0.286580693189
chr8	42200000	42300000	41284	9953.0	0.241086135064
chr8	42300000	42400000	32609	8243.0	0.252782974026
chr8	42400000	42500000	16116	4287.0	0.26600893522
chr8	42500000	42600000	24687	6802.0	0.27552963098
chr8	42600000	42700000	27149	6739.0	0.248222770636
chr8	42700000	42800000	29644	7223.0	0.243658075833
chr8	42800000	42900000	39312	8889.0	0.226114163614
chr8	42900000	43000000	14252	3553.0	0.249298344092
chr8	43000000	43100000	20014	5609.0	0.280253822324
chr8	43100000	43200000	12149	3451.0	0.28405630093
chr8	43200000	43300000	2824	710.0	0.251416430595
chr8	43300000	43400000	6831	1669.0	0.244327331284
chr8	43400000	43500000	0	0.0	NA
chr8	43500000	43600000	0	0.0	NA
chr8	43600000	43700000	0	0.0	NA
chr8	43700000	43800000	0	0.0	NA
chr8	43800000	43900000	0	0.0	NA
chr8	43900000	44000000	0	0.0	NA
chr8	44000000	44100000	0	0.0	NA
chr8	44100000	44200000	0	0.0	NA
chr8	44200000	44300000	0	0.0	NA
chr8	44300000	44400000	0	0.0	NA
chr8	44400000	44500000	0	0.0	NA
chr8	44500000	44600000	0	0.0	NA
chr8	44600000	44700000	0	0.0	NA
chr8	44700000	44800000	0	0.0	NA
chr8	44800000	44900000	0	0.0	NA
chr8	44900000	45000000	0	0.0	NA
chr8	45000000	45100000	0	0.0	NA
chr8	45100000	45200000	0	0.0	NA
chr8	45200000	45300000	0	0.0	NA
chr8	45300000	45400000	0	0.0	NA
chr8	45400000	45500000	0	0.0	NA
chr8	45500000	45600000	0	0.0	NA
chr8	45600000	45700000	0	0.0	NA
chr8	45700000	45800000	0	0.0	NA
chr8	45800000	45900000	0	0.0	NA
chr8	45900000	46000000	0	0.0	NA
chr8	46000000	46100000	0	0.0	NA
chr8	46100000	46200000	0	0.0	NA
chr8	46200000	46300000	0	0.0	NA
chr8	46300000	46400000	0	0.0	NA
chr8	46400000	46500000	0	0.0	NA
chr8	46500000	46600000	0	0.0	NA
chr8	46600000	46700000	0	0.0	NA
chr8	46700000	46800000	0	0.0	NA
chr8	46800000	46900000	0	0.0	NA
chr8	46900000	47000000	0	0.0	NA
chr8	47000000	47100000	0	0.0	NA
chr8	47100000	47200000	0	0.0	NA
chr8	47200000	47300000	0	0.0	NA
chr8	47300000	47400000	0	0.0	NA
chr8	47400000	47500000	0	0.0	NA
chr8	47500000	47600000	0	0.0	NA
chr8	47600000	47700000	7063	1945.0	0.275378734249
chr8	47700000	47800000	0	0.0	NA
chr8	47800000	47900000	8258	2174.0	0.263259869218
chr8	47900000	48000000	14282	3695.0	0.258717266489
chr8	48000000	48100000	11793	3179.0	0.269566692105
chr8	48100000	48200000	3893	1050.0	0.269714872849
chr8	48200000	48300000	0	0.0	NA
chr8	48300000	48400000	0	0.0	NA
chr8	48400000	48500000	0	0.0	NA
chr8	48500000	48600000	9269	2339.0	0.252346531449
chr8	48600000	48700000	14067	3992.0	0.283784744437
chr8	48700000	48800000	31210	8161.0	0.26148670298
chr8	48800000	48900000	34150	8486.0	0.248491947291
chr8	48900000	49000000	21647	4996.0	0.230794105419
chr8	49000000	49100000	13405	3721.0	0.277582991421
chr8	49100000	49200000	2764	666.0	0.240955137482
chr8	49200000	49300000	17912	4790.0	0.267418490397
chr8	49300000	49400000	52864	15325.0	0.289894824455
chr8	49400000	49500000	41663	11544.0	0.277080383074
chr8	49500000	49600000	45927	13222.0	0.287891654147
chr8	49600000	49700000	27539	7283.0	0.264461309416
chr8	49700000	49800000	48690	13978.0	0.28708153625
chr8	49800000	49900000	11092	3101.0	0.279570861882
chr8	49900000	50000000	34806	9701.0	0.278716313279
chr8	50000000	50100000	23625	6671.0	0.28237037037
chr8	50100000	50200000	34640	9808.0	0.283140877598
chr8	50200000	50300000	20334	5742.0	0.282384184125
chr8	50300000	50400000	22473	6195.0	0.27566413029
chr8	50400000	50500000	6423	1699.0	0.264518137942
chr8	50500000	50600000	12711	3429.0	0.269766344111
chr8	50600000	50700000	22690	6419.0	0.282899955928
chr8	50700000	50800000	22378	6232.0	0.278487800518
chr8	50800000	50900000	38154	10399.0	0.272553336478
chr8	50900000	51000000	10488	2938.0	0.280129672006
chr8	51000000	51100000	0	0.0	NA
chr8	51100000	51200000	0	0.0	NA
chr8	51200000	51300000	0	0.0	NA
chr8	51300000	51400000	0	0.0	NA
chr8	51400000	51500000	0	0.0	NA
chr8	51500000	51600000	0	0.0	NA
chr8	51600000	51700000	0	0.0	NA
chr8	51700000	51800000	17069	4691.0	0.274825707423
chr8	51800000	51900000	19744	5446.0	0.275830632091
chr8	51900000	52000000	8039	2123.0	0.264087573081
chr8	52000000	52100000	21064	5629.0	0.267233194075
chr8	52100000	52200000	7438	2036.0	0.273729497177
chr8	52200000	52300000	0	0.0	NA
chr8	52300000	52400000	0	0.0	NA
chr8	52400000	52500000	0	0.0	NA
chr8	52500000	52600000	0	0.0	NA
chr8	52600000	52700000	24528	6336.0	0.25831702544
chr8	52700000	52800000	49690	12296.0	0.24745421614
chr8	52800000	52900000	28183	7205.0	0.255650569492
chr8	52900000	53000000	41774	10890.0	0.26068846651
chr8	53000000	53100000	22136	5525.0	0.249593422479
chr8	53100000	53200000	0	0.0	NA
chr8	53200000	53300000	0	0.0	NA
chr8	53300000	53400000	26584	6688.0	0.251579897683
chr8	53400000	53500000	22671	6035.0	0.266199108994
chr8	53500000	53600000	35314	8388.0	0.237526193578
chr8	53600000	53700000	11174	2833.0	0.253534991946
chr8	53700000	53800000	28616	7580.0	0.264886776628
chr8	53800000	53900000	35601	8866.0	0.249037948372
chr8	53900000	54000000	21297	5625.0	0.264121707283
chr8	54000000	54100000	11175	2796.0	0.250201342282
chr8	54100000	54200000	0	0.0	NA
chr8	54200000	54300000	9598	2681.0	0.279329026881
chr8	54300000	54400000	16768	4313.0	0.257216125954
chr8	54400000	54500000	9319	2470.0	0.265049898058
chr8	54500000	54600000	27854	7736.0	0.277733898183
chr8	54600000	54700000	10684	2623.0	0.245507300636
chr8	54700000	54800000	23030	5748.0	0.249587494572
chr8	54800000	54900000	35647	9328.0	0.261676999467
chr8	54900000	55000000	19358	4703.0	0.24294865172
chr8	55000000	55100000	22783	5813.0	0.255146381074
chr8	55100000	55200000	36073	9285.0	0.257394727358
chr8	55200000	55300000	31172	8011.0	0.256993455665
chr8	55300000	55400000	39500	10722.0	0.271443037975
chr8	55400000	55500000	23063	5872.0	0.254606946191
chr8	55500000	55600000	0	0.0	NA
chr8	55600000	55700000	0	0.0	NA
chr8	55700000	55800000	0	0.0	NA
chr8	55800000	55900000	26695	7016.0	0.26282075295
chr8	55900000	56000000	21221	5560.0	0.262004618067
chr8	56000000	56100000	0	0.0	NA
chr8	56100000	56200000	0	0.0	NA
chr8	56200000	56300000	0	0.0	NA
chr8	56300000	56400000	0	0.0	NA
chr8	56400000	56500000	5722	1509.0	0.263718979378
chr8	56500000	56600000	40770	10485.0	0.257174392936
chr8	56600000	56700000	25737	5887.0	0.228736838015
chr8	56700000	56800000	28665	7247.0	0.252817024246
chr8	56800000	56900000	53479	14693.0	0.274743357206
chr8	56900000	57000000	36725	10090.0	0.274744724302
chr8	57000000	57100000	45774	9891.0	0.216083366103
chr8	57100000	57200000	44302	10677.0	0.241004920771
chr8	57200000	57300000	28694	7889.0	0.274935526591
chr8	57300000	57400000	20507	5409.0	0.263763592919
chr8	57400000	57500000	26130	7041.0	0.269460390356
chr8	57500000	57600000	15415	3944.0	0.255854686993
chr8	57600000	57700000	30602	7858.0	0.256780602575
chr8	57700000	57800000	35562	9704.0	0.272875541308
chr8	57800000	57900000	28171	7239.0	0.25696638387
chr8	57900000	58000000	39678	10381.0	0.261631130601
chr8	58000000	58100000	29926	7821.0	0.261344650137
chr8	58100000	58200000	14672	4447.0	0.303094329335
chr8	58200000	58300000	23465	7208.0	0.307180907735
chr8	58300000	58400000	29113	7706.0	0.264692748944
chr8	58400000	58500000	31699	8453.0	0.266664563551
chr8	58500000	58600000	34164	8859.0	0.259308043555
chr8	58600000	58700000	0	0.0	NA
chr8	58700000	58800000	35225	8861.0	0.251554293825
chr8	58800000	58900000	62227	15680.0	0.251980651486
chr8	58900000	59000000	40461	10486.0	0.259163144757
chr8	59000000	59100000	19270	5004.0	0.259678256357
chr8	59100000	59200000	32820	8566.0	0.260999390615
chr8	59200000	59300000	23624	5963.0	0.252412800542
chr8	59300000	59400000	38994	9881.0	0.25339795866
chr8	59400000	59500000	52268	12842.0	0.245695262876
chr8	59500000	59600000	32754	8705.0	0.265769066374
chr8	59600000	59700000	29002	6744.0	0.232535687194
chr8	59700000	59800000	0	0.0	NA
chr8	59800000	59900000	0	0.0	NA
chr8	59900000	60000000	52234	11762.0	0.225179002182
chr8	60000000	60100000	10145	2520.0	0.248398225727
chr8	60100000	60200000	20312	4855.0	0.239021268216
chr8	60200000	60300000	17041	3968.0	0.232850184848
chr8	60300000	60400000	15926	3767.0	0.236531457993
chr8	60400000	60500000	30959	7554.0	0.244000129203
chr8	60500000	60600000	28499	6457.0	0.226569353311
chr8	60600000	60700000	15716	4012.0	0.255281242046
chr8	60700000	60800000	0	0.0	NA
chr8	60800000	60900000	21430	5059.0	0.236070928605
chr8	60900000	61000000	5507	1365.0	0.247866351916
chr8	61000000	61100000	44965	10777.0	0.239675303013
chr8	61100000	61200000	2244	583.0	0.259803921569
chr8	61200000	61300000	39263	9705.0	0.247179278201
chr8	61300000	61400000	11760	3030.0	0.257653061224
chr8	61400000	61500000	26716	6290.0	0.235439437041
chr8	61500000	61600000	25968	5724.0	0.220425138632
chr8	61600000	61700000	56221	13930.0	0.247772184771
chr8	61700000	61800000	41428	9151.0	0.220889253645
chr8	61800000	61900000	29635	7537.0	0.254327653113
chr8	61900000	62000000	34407	8690.0	0.252564885052
chr8	62000000	62100000	8282	2122.0	0.256218304757
chr8	62100000	62200000	8417	2297.0	0.272900083165
chr8	62200000	62300000	0	0.0	NA
chr8	62300000	62400000	0	0.0	NA
chr8	62400000	62500000	0	0.0	NA
chr8	62500000	62600000	57078	14402.0	0.252321384772
chr8	62600000	62700000	40661	10586.0	0.260347753375
chr8	62700000	62800000	15118	3860.0	0.25532477841
chr8	62800000	62900000	16989	4462.0	0.262640532109
chr8	62900000	63000000	0	0.0	NA
chr8	63000000	63100000	13730	3591.0	0.261544064093
chr8	63100000	63200000	9218	2426.0	0.263180733348
chr8	63200000	63300000	0	0.0	NA
chr8	63300000	63400000	0	0.0	NA
chr8	63400000	63500000	0	0.0	NA
chr8	63500000	63600000	0	0.0	NA
chr8	63600000	63700000	0	0.0	NA
chr8	63700000	63800000	0	0.0	NA
chr8	63800000	63900000	38818	9501.0	0.244757586687
chr8	63900000	64000000	29358	7350.0	0.250357653791
chr8	64000000	64100000	24546	5738.0	0.233765175589
chr8	64100000	64200000	36057	8720.0	0.241839309981
chr8	64200000	64300000	24701	5979.0	0.242054977531
chr8	64300000	64400000	0	0.0	NA
chr8	64400000	64500000	43161	10087.0	0.233706355274
chr8	64500000	64600000	67094	14308.0	0.213253047963
chr8	64600000	64700000	19681	3800.0	0.193079619938
chr8	64700000	64800000	0	0.0	NA
chr8	64800000	64900000	0	0.0	NA
chr8	64900000	65000000	0	0.0	NA
chr8	65000000	65100000	0	0.0	NA
chr8	65100000	65200000	12616	2550.0	0.20212428662
chr8	65200000	65300000	20132	4943.0	0.245529505265
chr8	65300000	65400000	42705	10466.0	0.245076688912
chr8	65400000	65500000	22843	5716.0	0.250229829707
chr8	65500000	65600000	31051	7078.0	0.227947570127
chr8	65600000	65700000	27737	5461.0	0.19688502722
chr8	65700000	65800000	25299	6033.0	0.238467923633
chr8	65800000	65900000	14927	3213.0	0.215247538018
chr8	65900000	66000000	8859	2247.0	0.25364036573
chr8	66000000	66100000	7789	1850.0	0.237514443446
chr8	66100000	66200000	33162	7191.0	0.216844581147
chr8	66200000	66300000	0	0.0	NA
chr8	66300000	66400000	21494	4510.0	0.209825997953
chr8	66400000	66500000	44140	10320.0	0.233801540553
chr8	66500000	66600000	24204	5633.0	0.232730127252
chr8	66600000	66700000	48317	10867.0	0.224910486992
chr8	66700000	66800000	11033	2518.0	0.228224417656
chr8	66800000	66900000	36812	8741.0	0.237449744648
chr8	66900000	67000000	42489	9990.0	0.235119678034
chr8	67000000	67100000	63929	14580.0	0.228065510175
chr8	67100000	67200000	38908	9592.0	0.24653027655
chr8	67200000	67300000	27043	6127.0	0.226565100026
chr8	67300000	67400000	37666	8687.0	0.230632400573
chr8	67400000	67500000	53911	12452.0	0.230973270761
chr8	67500000	67600000	31818	6123.0	0.192438242504
chr8	67600000	67700000	36895	8135.0	0.22049058138
chr8	67700000	67800000	38694	8790.0	0.227167002636
chr8	67800000	67900000	38718	8777.0	0.226690428225
chr8	67900000	68000000	40881	8643.0	0.211418507375
chr8	68000000	68100000	21547	4858.0	0.225460620968
chr8	68100000	68200000	22135	4935.0	0.22295007906
chr8	68200000	68300000	3757	781.0	0.207878626564
chr8	68300000	68400000	22375	4980.0	0.222569832402
chr8	68400000	68500000	0	0.0	NA
chr8	68500000	68600000	0	0.0	NA
chr8	68600000	68700000	0	0.0	NA
chr8	68700000	68800000	34501	8326.0	0.241326338367
chr8	68800000	68900000	5599	1403.0	0.250580460797
chr8	68900000	69000000	0	0.0	NA
chr8	69000000	69100000	0	0.0	NA
chr8	69100000	69200000	35485	8636.0	0.243370438213
chr8	69200000	69300000	20171	4983.0	0.247037826583
chr8	69300000	69400000	0	0.0	NA
chr8	69400000	69500000	0	0.0	NA
chr8	69500000	69600000	0	0.0	NA
chr8	69600000	69700000	27436	6501.0	0.236951450649
chr8	69700000	69800000	47943	11817.0	0.246480195232
chr8	69800000	69900000	36312	8863.0	0.244079092311
chr8	69900000	70000000	35103	8398.0	0.239238811498
chr8	70000000	70100000	41487	9907.0	0.238797695664
chr8	70100000	70200000	41919	10206.0	0.243469548415
chr8	70200000	70300000	16744	4138.0	0.247133301481
chr8	70300000	70400000	15459	3498.0	0.226275955754
chr8	70400000	70500000	54397	13096.0	0.240748570693
chr8	70500000	70600000	22246	5018.0	0.225568641554
chr8	70600000	70700000	35660	8726.0	0.244699943915
chr8	70700000	70800000	18311	4278.0	0.233630058435
chr8	70800000	70900000	19202	4583.0	0.23867305489
chr8	70900000	71000000	20698	5092.0	0.246014107643
chr8	71000000	71100000	42740	9663.0	0.226087973795
chr8	71100000	71200000	0	0.0	NA
chr8	71200000	71300000	12390	2840.0	0.229217110573
chr8	71300000	71400000	39241	8575.0	0.218521444408
chr8	71400000	71500000	35663	8002.0	0.224378207105
chr8	71500000	71600000	33588	7586.0	0.225854471835
chr8	71600000	71700000	21610	5114.0	0.236649699213
chr8	71700000	71800000	32506	7342.0	0.22586599397
chr8	71800000	71900000	0	0.0	NA
chr8	71900000	72000000	20597	4618.0	0.224207408846
chr8	72000000	72100000	15732	3679.0	0.233854563946
chr8	72100000	72200000	0	0.0	NA
chr8	72200000	72300000	0	0.0	NA
chr8	72300000	72400000	0	0.0	NA
chr8	72400000	72500000	0	0.0	NA
chr8	72500000	72600000	49371	11338.0	0.229648984222
chr8	72600000	72700000	61758	14788.0	0.239450759416
chr8	72700000	72800000	34493	7976.0	0.231235323109
chr8	72800000	72900000	19436	4603.0	0.236828565548
chr8	72900000	73000000	0	0.0	NA
chr8	73000000	73100000	24394	6379.0	0.261498729196
chr8	73100000	73200000	21681	5493.0	0.253355472534
chr8	73200000	73300000	29788	7521.0	0.252484221834
chr8	73300000	73400000	28607	7034.0	0.245883874576
chr8	73400000	73500000	36128	8271.0	0.228936005314
chr8	73500000	73600000	0	0.0	NA
chr8	73600000	73700000	0	0.0	NA
chr8	73700000	73800000	26700	6313.0	0.236441947566
chr8	73800000	73900000	54337	11843.0	0.21795461656
chr8	73900000	74000000	25532	6430.0	0.251840827197
chr8	74000000	74100000	47642	11822.0	0.248142395365
chr8	74100000	74200000	29283	7297.0	0.24918894922
chr8	74200000	74300000	56581	13681.0	0.241794948834
chr8	74300000	74400000	43708	10260.0	0.234739635765
chr8	74400000	74500000	0	0.0	NA
chr8	74500000	74600000	0	0.0	NA
chr8	74600000	74700000	0	0.0	NA
chr8	74700000	74800000	15370	3621.0	0.235588809369
chr8	74800000	74900000	25321	5909.0	0.233363611232
chr8	74900000	75000000	28523	6989.0	0.245030326403
chr8	75000000	75100000	59998	14338.0	0.238974632488
chr8	75100000	75200000	41013	9860.0	0.240411576817
chr8	75200000	75300000	32420	7604.0	0.234546576188
chr8	75300000	75400000	32607	7553.0	0.231637378477
chr8	75400000	75500000	21554	5281.0	0.245012526677
chr8	75500000	75600000	23033	5754.0	0.249815482134
chr8	75600000	75700000	0	0.0	NA
chr8	75700000	75800000	32853	7492.0	0.228046144949
chr8	75800000	75900000	43404	10558.0	0.243249470095
chr8	75900000	76000000	15451	3664.0	0.237136754903
chr8	76000000	76100000	38026	9217.0	0.242386787987
chr8	76100000	76200000	15607	3907.0	0.250336387518
chr8	76200000	76300000	27617	6493.0	0.235108809791
chr8	76300000	76400000	0	0.0	NA
chr8	76400000	76500000	0	0.0	NA
chr8	76500000	76600000	18607	3965.0	0.213091847154
chr8	76600000	76700000	28626	6657.0	0.232550827919
chr8	76700000	76800000	51561	12455.0	0.241558542309
chr8	76800000	76900000	24511	4986.0	0.203418873159
chr8	76900000	77000000	0	0.0	NA
chr8	77000000	77100000	7700	1736.0	0.225454545455
chr8	77100000	77200000	20687	5039.0	0.243582926476
chr8	77200000	77300000	25672	5751.0	0.22401838579
chr8	77300000	77400000	4202	1210.0	0.287958115183
chr8	77400000	77500000	47583	9845.0	0.20690162453
chr8	77500000	77600000	53294	11285.0	0.211749915563
chr8	77600000	77700000	0	0.0	NA
chr8	77700000	77800000	57723	11676.0	0.202276388961
chr8	77800000	77900000	52165	12336.0	0.236480398735
chr8	77900000	78000000	55234	12844.0	0.232537929536
chr8	78000000	78100000	4195	829.0	0.197616209774
chr8	78100000	78200000	27447	6455.0	0.235180529748
chr8	78200000	78300000	41110	10040.0	0.244222816833
chr8	78300000	78400000	0	0.0	NA
chr8	78400000	78500000	467	88.0	0.188436830835
chr8	78500000	78600000	28854	6663.0	0.230921189436
chr8	78600000	78700000	0	0.0	NA
chr8	78700000	78800000	0	0.0	NA
chr8	78800000	78900000	0	0.0	NA
chr8	78900000	79000000	19780	4713.0	0.238270980789
chr8	79000000	79100000	8570	1964.0	0.229171528588
chr8	79100000	79200000	40086	8902.0	0.22207254403
chr8	79200000	79300000	28262	6693.0	0.236819757979
chr8	79300000	79400000	11213	2793.0	0.249085882458
chr8	79400000	79500000	57548	13624.0	0.236741502746
chr8	79500000	79600000	49252	11527.0	0.234041257208
chr8	79600000	79700000	18014	4206.0	0.23348506717
chr8	79700000	79800000	33745	8470.0	0.25100014817
chr8	79800000	79900000	25710	6588.0	0.256242707118
chr8	79900000	80000000	22157	5690.0	0.256803718915
chr8	80000000	80100000	12691	3038.0	0.239382239382
chr8	80100000	80200000	22838	5556.0	0.24327874595
chr8	80200000	80300000	11217	2702.0	0.240884371935
chr8	80300000	80400000	14246	3735.0	0.262178857223
chr8	80400000	80500000	13886	3530.0	0.254212876278
chr8	80500000	80600000	9770	2121.0	0.217093142272
chr8	80600000	80700000	40184	9693.0	0.241215409118
chr8	80700000	80800000	26018	6081.0	0.233722807287
chr8	80800000	80900000	29939	6195.0	0.206920738836
chr8	80900000	81000000	0	0.0	NA
chr8	81000000	81100000	33277	8381.0	0.251855636025
chr8	81100000	81200000	33943	8729.0	0.257166426067
chr8	81200000	81300000	22574	5196.0	0.230176309028
chr8	81300000	81400000	41512	9302.0	0.224079784159
chr8	81400000	81500000	61851	13981.0	0.226043232931
chr8	81500000	81600000	61705	14837.0	0.240450530751
chr8	81600000	81700000	18430	4608.0	0.25002712968
chr8	81700000	81800000	14900	3578.0	0.240134228188
chr8	81800000	81900000	46272	11683.0	0.252485304288
chr8	81900000	82000000	18357	4440.0	0.241869586534
chr8	82000000	82100000	23401	5379.0	0.229861971711
chr8	82100000	82200000	40344	9499.0	0.235450128892
chr8	82200000	82300000	31764	7821.0	0.24622213827
chr8	82300000	82400000	1534	384.0	0.250325945241
chr8	82400000	82500000	6197	1637.0	0.264160077457
chr8	82500000	82600000	46250	11698.0	0.25292972973
chr8	82600000	82700000	45429	11005.0	0.242246142332
chr8	82700000	82800000	30094	6903.0	0.229381272014
chr8	82800000	82900000	25383	5800.0	0.228499389355
chr8	82900000	83000000	37763	8286.0	0.219421126499
chr8	83000000	83100000	0	0.0	NA
chr8	83100000	83200000	24281	5749.0	0.236769490548
chr8	83200000	83300000	0	0.0	NA
chr8	83300000	83400000	21312	5141.0	0.241225600601
chr8	83400000	83500000	0	0.0	NA
chr8	83500000	83600000	0	0.0	NA
chr8	83600000	83700000	29998	7512.0	0.250416694446
chr8	83700000	83800000	12810	3212.0	0.250741608119
chr8	83800000	83900000	0	0.0	NA
chr8	83900000	84000000	20288	5158.0	0.254238958991
chr8	84000000	84100000	0	0.0	NA
chr8	84100000	84200000	0	0.0	NA
chr8	84200000	84300000	22946	5762.0	0.251111304803
chr8	84300000	84400000	14603	3667.0	0.251112785044
chr8	84400000	84500000	4448	1125.0	0.252922661871
chr8	84500000	84600000	0	0.0	NA
chr8	84600000	84700000	0	0.0	NA
chr8	84700000	84800000	27526	6784.0	0.246457894354
chr8	84800000	84900000	0	0.0	NA
chr8	84900000	85000000	3606	942.0	0.261231281198
chr8	85000000	85100000	21353	5467.0	0.256029597715
chr8	85100000	85200000	27751	7159.0	0.257972685669
chr8	85200000	85300000	0	0.0	NA
chr8	85300000	85400000	0	0.0	NA
chr8	85400000	85500000	0	0.0	NA
chr8	85500000	85600000	0	0.0	NA
chr8	85600000	85700000	0	0.0	NA
chr8	85700000	85800000	0	0.0	NA
chr8	85800000	85900000	3197	752.0	0.235220519237
chr8	85900000	86000000	30428	7273.0	0.239023268043
chr8	86000000	86100000	27566	6588.0	0.238990060219
chr8	86100000	86200000	44663	10738.0	0.240422721268
chr8	86200000	86300000	21845	5850.0	0.267795834287
chr8	86300000	86400000	35965	8480.0	0.235784790769
chr8	86400000	86500000	33176	8490.0	0.255907885218
chr8	86500000	86600000	22621	5628.0	0.248795367137
chr8	86600000	86700000	0	0.0	NA
chr8	86700000	86800000	0	0.0	NA
chr8	86800000	86900000	19211	4986.0	0.259538805892
chr8	86900000	87000000	45468	11168.0	0.245623295505
chr8	87000000	87100000	39717	10022.0	0.25233527205
chr8	87100000	87200000	40299	9637.0	0.239137447579
chr8	87200000	87300000	27867	6885.0	0.24706642265
chr8	87300000	87400000	18669	4334.0	0.232149552734
chr8	87400000	87500000	52224	12109.0	0.231866574755
chr8	87500000	87600000	54649	12478.0	0.228329887098
chr8	87600000	87700000	52727	11715.0	0.222182183701
chr8	87700000	87800000	21693	5105.0	0.235329368921
chr8	87800000	87900000	51634	12131.0	0.23494209242
chr8	87900000	88000000	9454	2356.0	0.249206685001
chr8	88000000	88100000	0	0.0	NA
chr8	88100000	88200000	0	0.0	NA
chr8	88200000	88300000	0	0.0	NA
chr8	88300000	88400000	0	0.0	NA
chr8	88400000	88500000	25469	6436.0	0.252699360006
chr8	88500000	88600000	2163	574.0	0.265372168285
chr8	88600000	88700000	0	0.0	NA
chr8	88700000	88800000	7612	2021.0	0.265501839201
chr8	88800000	88900000	28556	6839.0	0.239494326937
chr8	88900000	89000000	59720	14007.0	0.234544541192
chr8	89000000	89100000	12607	3409.0	0.270405330372
chr8	89100000	89200000	21995	5126.0	0.233052966583
chr8	89200000	89300000	0	0.0	NA
chr8	89300000	89400000	0	0.0	NA
chr8	89400000	89500000	0	0.0	NA
chr8	89500000	89600000	0	0.0	NA
chr8	89600000	89700000	0	0.0	NA
chr8	89700000	89800000	20438	5452.0	0.266757999804
chr8	89800000	89900000	29474	7618.0	0.258465087874
chr8	89900000	90000000	5247	1387.0	0.264341528492
chr8	90000000	90100000	0	0.0	NA
chr8	90100000	90200000	0	0.0	NA
chr8	90200000	90300000	0	0.0	NA
chr8	90300000	90400000	0	0.0	NA
chr8	90400000	90500000	0	0.0	NA
chr8	90500000	90600000	20353	4935.0	0.242470397484
chr8	90600000	90700000	8474	2024.0	0.23884824168
chr8	90700000	90800000	5482	1342.0	0.244801167457
chr8	90800000	90900000	34206	8798.0	0.257206338069
chr8	90900000	91000000	53358	13081.0	0.245155365643
chr8	91000000	91100000	53329	12663.0	0.237450542857
chr8	91100000	91200000	52683	12863.0	0.244158457187
chr8	91200000	91300000	5532	1373.0	0.248192335503
chr8	91300000	91400000	5475	1446.0	0.264109589041
chr8	91400000	91500000	43290	10716.0	0.24753984754
chr8	91500000	91600000	46483	11955.0	0.257190800938
chr8	91600000	91700000	16839	4247.0	0.252212126611
chr8	91700000	91800000	15854	3942.0	0.248643875363
chr8	91800000	91900000	0	0.0	NA
chr8	91900000	92000000	61150	15026.0	0.245723630417
chr8	92000000	92100000	70356	16889.0	0.240050599807
chr8	92100000	92200000	41423	10314.0	0.248992105835
chr8	92200000	92300000	0	0.0	NA
chr8	92300000	92400000	10576	2533.0	0.239504538578
chr8	92400000	92500000	46142	10957.0	0.237462615405
chr8	92500000	92600000	30131	7165.0	0.237794961999
chr8	92600000	92700000	0	0.0	NA
chr8	92700000	92800000	0	0.0	NA
chr8	92800000	92900000	17002	4048.0	0.238089636513
chr8	92900000	93000000	29072	6824.0	0.234727572922
chr8	93000000	93100000	32283	7512.0	0.232692128984
chr8	93100000	93200000	43850	9292.0	0.211904218928
chr8	93200000	93300000	31620	7640.0	0.241619228336
chr8	93300000	93400000	25051	5952.0	0.237595305577
chr8	93400000	93500000	48728	10794.0	0.221515350517
chr8	93500000	93600000	47898	11524.0	0.240594596852
chr8	93600000	93700000	52875	12418.0	0.234855791962
chr8	93700000	93800000	55317	12541.0	0.226711499177
chr8	93800000	93900000	36351	8510.0	0.234106351957
chr8	93900000	94000000	28208	6930.0	0.24567498582
chr8	94000000	94100000	25215	5945.0	0.235772357724
chr8	94100000	94200000	51453	11985.0	0.23293102443
chr8	94200000	94300000	32951	7855.0	0.238384267549
chr8	94300000	94400000	0	0.0	NA
chr8	94400000	94500000	0	0.0	NA
chr8	94500000	94600000	0	0.0	NA
chr8	94600000	94700000	32414	8338.0	0.25723452829
chr8	94700000	94800000	32659	7407.0	0.226798126091
chr8	94800000	94900000	40458	10659.0	0.263458401305
chr8	94900000	95000000	37877	9634.0	0.254349605301
chr8	95000000	95100000	40145	11568.0	0.288155436543
chr8	95100000	95200000	26897	7186.0	0.267167342083
chr8	95200000	95300000	20959	5962.0	0.284460136457
chr8	95300000	95400000	23444	6272.0	0.267531138031
chr8	95400000	95500000	37044	7664.0	0.206889104848
chr8	95500000	95600000	25873	5502.0	0.212654118193
chr8	95600000	95700000	22933	5968.0	0.260236340644
chr8	95700000	95800000	35142	7845.0	0.223237152126
chr8	95800000	95900000	29749	6853.0	0.230360684393
chr8	95900000	96000000	3790	865.0	0.228232189974
chr8	96000000	96100000	20339	5398.0	0.265401445499
chr8	96100000	96200000	39302	10698.0	0.272199888046
chr8	96200000	96300000	11127	3076.0	0.276444684102
chr8	96300000	96400000	0	0.0	NA
chr8	96400000	96500000	0	0.0	NA
chr8	96500000	96600000	0	0.0	NA
chr8	96600000	96700000	0	0.0	NA
chr8	96700000	96800000	0	0.0	NA
chr8	96800000	96900000	21059	5159.0	0.244978394036
chr8	96900000	97000000	24836	5870.0	0.236350459011
chr8	97000000	97100000	40366	11053.0	0.273819551107
chr8	97100000	97200000	36778	10510.0	0.28576866605
chr8	97200000	97300000	43571	12960.0	0.297445548645
chr8	97300000	97400000	45756	13236.0	0.289273537897
chr8	97400000	97500000	36116	10598.0	0.293443349208
chr8	97500000	97600000	44067	13986.0	0.317380352645
chr8	97600000	97700000	7976	2533.0	0.3175777332
chr8	97700000	97800000	8671	2520.0	0.29062391881
chr8	97800000	97900000	0	0.0	NA
chr8	97900000	98000000	0	0.0	NA
chr8	98000000	98100000	0	0.0	NA
chr8	98100000	98200000	0	0.0	NA
chr8	98200000	98300000	0	0.0	NA
chr8	98300000	98400000	0	0.0	NA
chr8	98400000	98500000	0	0.0	NA
chr8	98500000	98600000	37421	10267.0	0.274364661554
chr8	98600000	98700000	4918	1025.0	0.20841805612
chr8	98700000	98800000	22392	4810.0	0.214808860307
chr8	98800000	98900000	27888	7168.0	0.25702811245
chr8	98900000	99000000	43827	11051.0	0.252150500833
chr8	99000000	99100000	41343	10285.0	0.248772464504
chr8	99100000	99200000	58225	14899.0	0.255886646629
chr8	99200000	99300000	51541	11571.0	0.224500882792
chr8	99300000	99400000	63881	15345.0	0.240212269689
chr8	99400000	99500000	46362	10565.0	0.227880591864
chr8	99500000	99600000	29267	6076.0	0.207605835924
chr8	99600000	99700000	0	0.0	NA
chr8	99700000	99800000	0	0.0	NA
chr8	99800000	99900000	18118	4110.0	0.226846230268
chr8	99900000	100000000	51246	10530.0	0.205479452055
chr8	100000000	100100000	23721	5672.0	0.239113022217
chr8	100100000	100200000	12230	2708.0	0.221422730989
chr8	100200000	100300000	0	0.0	NA
chr8	100300000	100400000	0	0.0	NA
chr8	100400000	100500000	0	0.0	NA
chr8	100500000	100600000	0	0.0	NA
chr8	100600000	100700000	0	0.0	NA
chr8	100700000	100800000	9068	1626.0	0.179311865902
chr8	100800000	100900000	46191	10203.0	0.220887185815
chr8	100900000	101000000	27081	6051.0	0.223440788745
chr8	101000000	101100000	26283	5604.0	0.213217669216
chr8	101100000	101200000	26664	6216.0	0.233123312331
chr8	101200000	101300000	50270	11167.0	0.222140441615
chr8	101300000	101400000	58988	13932.0	0.236183630569
chr8	101400000	101500000	56305	14405.0	0.255838735459
chr8	101500000	101600000	52370	12447.0	0.237674240978
chr8	101600000	101700000	44538	11623.0	0.260968162019
chr8	101700000	101800000	39222	9745.0	0.248457498343
chr8	101800000	101900000	42537	10930.0	0.256952770529
chr8	101900000	102000000	28609	7359.0	0.257226746828
chr8	102000000	102100000	61621	15376.0	0.249525324159
chr8	102100000	102200000	59310	16327.0	0.275282414433
chr8	102200000	102300000	53591	13122.0	0.244854546472
chr8	102300000	102400000	43915	11340.0	0.258226118638
chr8	102400000	102500000	50690	12859.0	0.253679226672
chr8	102500000	102600000	33375	8255.0	0.24734082397
chr8	102600000	102700000	32729	8282.0	0.253047755813
chr8	102700000	102800000	30961	7635.0	0.246600561997
chr8	102800000	102900000	0	0.0	NA
chr8	102900000	103000000	0	0.0	NA
chr8	103000000	103100000	33895	7984.0	0.235550966219
chr8	103100000	103200000	33602	8216.0	0.244509255401
chr8	103200000	103300000	19042	4318.0	0.226761894759
chr8	103300000	103400000	49311	10304.0	0.208959461378
chr8	103400000	103500000	16521	4064.0	0.245989952182
chr8	103500000	103600000	35800	9006.0	0.25156424581
chr8	103600000	103700000	51664	12576.0	0.243419015175
chr8	103700000	103800000	35160	9429.0	0.268174061433
chr8	103800000	103900000	33910	7904.0	0.233087584783
chr8	103900000	104000000	39103	9297.0	0.23775669386
chr8	104000000	104100000	50345	11592.0	0.230251266263
chr8	104100000	104200000	44735	11465.0	0.256287023583
chr8	104200000	104300000	10425	2503.0	0.240095923261
chr8	104300000	104400000	41504	8980.0	0.216364687741
chr8	104400000	104500000	55409	12236.0	0.220830550994
chr8	104500000	104600000	28736	6259.0	0.217810412027
chr8	104600000	104700000	0	0.0	NA
chr8	104700000	104800000	0	0.0	NA
chr8	104800000	104900000	0	0.0	NA
chr8	104900000	105000000	0	0.0	NA
chr8	105000000	105100000	0	0.0	NA
chr8	105100000	105200000	0	0.0	NA
chr8	105200000	105300000	20643	4595.0	0.222593615269
chr8	105300000	105400000	39657	10511.0	0.265047784754
chr8	105400000	105500000	47881	11457.0	0.239280716777
chr8	105500000	105600000	27841	6193.0	0.222441722639
chr8	105600000	105700000	62237	14326.0	0.230184616868
chr8	105700000	105800000	49662	12423.0	0.250151020901
chr8	105800000	105900000	37134	8152.0	0.219529272365
chr8	105900000	106000000	0	0.0	NA
chr8	106000000	106100000	23847	5738.0	0.24061726842
chr8	106100000	106200000	4568	624.0	0.136602451839
chr8	106200000	106300000	16773	3985.0	0.237584212723
chr8	106300000	106400000	168	37.0	0.220238095238
chr8	106400000	106500000	0	0.0	NA
chr8	106500000	106600000	0	0.0	NA
chr8	106600000	106700000	0	0.0	NA
chr8	106700000	106800000	0	0.0	NA
chr8	106800000	106900000	0	0.0	NA
chr8	106900000	107000000	0	0.0	NA
chr8	107000000	107100000	0	0.0	NA
chr8	107100000	107200000	38279	9331.0	0.243762898717
chr8	107200000	107300000	21417	5471.0	0.255451277023
chr8	107300000	107400000	33946	8168.0	0.240617451246
chr8	107400000	107500000	0	0.0	NA
chr8	107500000	107600000	0	0.0	NA
chr8	107600000	107700000	13806	3199.0	0.231710850355
chr8	107700000	107800000	10610	2423.0	0.228369462771
chr8	107800000	107900000	38457	10101.0	0.262656993525
chr8	107900000	108000000	0	0.0	NA
chr8	108000000	108100000	0	0.0	NA
chr8	108100000	108200000	23831	5586.0	0.234400570685
chr8	108200000	108300000	9182	2136.0	0.23262905685
chr8	108300000	108400000	0	0.0	NA
chr8	108400000	108500000	0	0.0	NA
chr8	108500000	108600000	7707	1845.0	0.239392759829
chr8	108600000	108700000	0	0.0	NA
chr8	108700000	108800000	1641	397.0	0.241925655088
chr8	108800000	108900000	32175	7676.0	0.23857031857
chr8	108900000	109000000	31000	7209.0	0.232548387097
chr8	109000000	109100000	0	0.0	NA
chr8	109100000	109200000	31510	7477.0	0.237289749286
chr8	109200000	109300000	0	0.0	NA
chr8	109300000	109400000	38142	8399.0	0.220203450265
chr8	109400000	109500000	10749	2144.0	0.199460414922
chr8	109500000	109600000	49902	11596.0	0.232375455894
chr8	109600000	109700000	1257	300.0	0.238663484487
chr8	109700000	109800000	21920	4994.0	0.227828467153
chr8	109800000	109900000	55052	13140.0	0.238683426579
chr8	109900000	110000000	15595	3983.0	0.255402372555
chr8	110000000	110100000	24360	5958.0	0.244581280788
chr8	110100000	110200000	37953	9044.0	0.238294732959
chr8	110200000	110300000	18260	4340.0	0.237677984666
chr8	110300000	110400000	8321	2062.0	0.247806753996
chr8	110400000	110500000	64874	14446.0	0.222677806209
chr8	110500000	110600000	30917	7269.0	0.23511336805
chr8	110600000	110700000	59556	13827.0	0.232168043522
chr8	110700000	110800000	15398	3732.0	0.242369138849
chr8	110800000	110900000	32941	7993.0	0.242645942746
chr8	110900000	111000000	36142	8621.0	0.23853134857
chr8	111000000	111100000	24547	5937.0	0.241862549395
chr8	111100000	111200000	0	0.0	NA
chr8	111200000	111300000	22737	5671.0	0.249417249417
chr8	111300000	111400000	0	0.0	NA
chr8	111400000	111500000	20874	5410.0	0.259174092172
chr8	111500000	111600000	21081	5417.0	0.256961244723
chr8	111600000	111700000	9263	2516.0	0.27161826622
chr8	111700000	111800000	18908	5023.0	0.265654749312
chr8	111800000	111900000	26023	6820.0	0.262075855974
chr8	111900000	112000000	0	0.0	NA
chr8	112000000	112100000	20544	5548.0	0.270054517134
chr8	112100000	112200000	18119	4916.0	0.271317401623
chr8	112200000	112300000	5018	1254.0	0.249900358709
chr8	112300000	112400000	21865	5997.0	0.274273953807
chr8	112400000	112500000	0	0.0	NA
chr8	112500000	112600000	0	0.0	NA
chr8	112600000	112700000	0	0.0	NA
chr8	112700000	112800000	0	0.0	NA
chr8	112800000	112900000	12502	3149.0	0.251879699248
chr8	112900000	113000000	0	0.0	NA
chr8	113000000	113100000	15542	3976.0	0.255822931412
chr8	113100000	113200000	32035	8183.0	0.255439363197
chr8	113200000	113300000	24468	5796.0	0.236880823933
chr8	113300000	113400000	0	0.0	NA
chr8	113400000	113500000	0	0.0	NA
chr8	113500000	113600000	0	0.0	NA
chr8	113600000	113700000	0	0.0	NA
chr8	113700000	113800000	0	0.0	NA
chr8	113800000	113900000	0	0.0	NA
chr8	113900000	114000000	0	0.0	NA
chr8	114000000	114100000	0	0.0	NA
chr8	114100000	114200000	0	0.0	NA
chr8	114200000	114300000	0	0.0	NA
chr8	114300000	114400000	0	0.0	NA
chr8	114400000	114500000	0	0.0	NA
chr8	114500000	114600000	13748	3633.0	0.264256619145
chr8	114600000	114700000	10040	2663.0	0.265239043825
chr8	114700000	114800000	7395	2019.0	0.273022312373
chr8	114800000	114900000	12351	3348.0	0.271071168326
chr8	114900000	115000000	9156	2402.0	0.262341633901
chr8	115000000	115100000	18751	5167.0	0.275558636873
chr8	115100000	115200000	4856	1347.0	0.277388797364
chr8	115200000	115300000	16609	4456.0	0.26828827744
chr8	115300000	115400000	6042	1550.0	0.256537570341
chr8	115400000	115500000	929	245.0	0.263724434876
chr8	115500000	115600000	0	0.0	NA
chr8	115600000	115700000	0	0.0	NA
chr8	115700000	115800000	0	0.0	NA
chr8	115800000	115900000	0	0.0	NA
chr8	115900000	116000000	0	0.0	NA
chr8	116000000	116100000	0	0.0	NA
chr8	116100000	116200000	0	0.0	NA
chr8	116200000	116300000	0	0.0	NA
chr8	116300000	116400000	28370	6701.0	0.236200211491
chr8	116400000	116500000	0	0.0	NA
chr8	116500000	116600000	0	0.0	NA
chr8	116600000	116700000	0	0.0	NA
chr8	116700000	116800000	31124	7659.0	0.246080195348
chr8	116800000	116900000	30976	7195.0	0.23227660124
chr8	116900000	117000000	11294	2219.0	0.196476004958
chr8	117000000	117100000	0	0.0	NA
chr8	117100000	117200000	0	0.0	NA
chr8	117200000	117300000	0	0.0	NA
chr8	117300000	117400000	38862	8523.0	0.219314497453
chr8	117400000	117500000	39285	8602.0	0.218963981163
chr8	117500000	117600000	38568	9126.0	0.236621032981
chr8	117600000	117700000	14025	2916.0	0.207914438503
chr8	117700000	117800000	17493	3893.0	0.222546161322
chr8	117800000	117900000	38831	9428.0	0.242795704463
chr8	117900000	118000000	28023	6835.0	0.24390679085
chr8	118000000	118100000	29531	7050.0	0.238732179743
chr8	118100000	118200000	0	0.0	NA
chr8	118200000	118300000	41727	9947.0	0.238382821674
chr8	118300000	118400000	15835	3805.0	0.240290495737
chr8	118400000	118500000	44172	10641.0	0.240899212171
chr8	118500000	118600000	0	0.0	NA
chr8	118600000	118700000	36981	8558.0	0.231416132609
chr8	118700000	118800000	36341	8734.0	0.240334608294
chr8	118800000	118900000	0	0.0	NA
chr8	118900000	119000000	0	0.0	NA
chr8	119000000	119100000	0	0.0	NA
chr8	119100000	119200000	46913	10897.0	0.232281030844
chr8	119200000	119300000	20176	4567.0	0.226358049167
chr8	119300000	119400000	0	0.0	NA
chr8	119400000	119500000	0	0.0	NA
chr8	119500000	119600000	0	0.0	NA
chr8	119600000	119700000	0	0.0	NA
chr8	119700000	119800000	0	0.0	NA
chr8	119800000	119900000	30224	7550.0	0.249801482266
chr8	119900000	120000000	0	0.0	NA
chr8	120000000	120100000	15235	3683.0	0.241745979652
chr8	120100000	120200000	27066	6773.0	0.250240153698
chr8	120200000	120300000	27330	6670.0	0.244054152945
chr8	120300000	120400000	23471	5844.0	0.24898811299
chr8	120400000	120500000	29082	6905.0	0.237432088577
chr8	120500000	120600000	30027	7196.0	0.239650980784
chr8	120600000	120700000	43450	10445.0	0.240391254315
chr8	120700000	120800000	34028	7884.0	0.231691548137
chr8	120800000	120900000	14512	3275.0	0.225675303197
chr8	120900000	121000000	39270	9577.0	0.243875732111
chr8	121000000	121100000	28728	7037.0	0.244952659426
chr8	121100000	121200000	24631	6181.0	0.250943932443
chr8	121200000	121300000	0	0.0	NA
chr8	121300000	121400000	32707	8220.0	0.251322346898
chr8	121400000	121500000	36187	8477.0	0.234255395584
chr8	121500000	121600000	7676	1902.0	0.247785304846
chr8	121600000	121700000	22353	5652.0	0.252851966179
chr8	121700000	121800000	0	0.0	NA
chr8	121800000	121900000	47508	12031.0	0.253241559316
chr8	121900000	122000000	11486	2695.0	0.234633466829
chr8	122000000	122100000	938	203.0	0.216417910448
chr8	122100000	122200000	32387	7938.0	0.245098341927
chr8	122200000	122300000	55858	13585.0	0.243205986609
chr8	122300000	122400000	0	0.0	NA
chr8	122400000	122500000	20836	5031.0	0.241457093492
chr8	122500000	122600000	30270	7635.0	0.252229930624
chr8	122600000	122700000	31149	7200.0	0.231147067322
chr8	122700000	122800000	41589	10287.0	0.247349058645
chr8	122800000	122900000	47490	11342.0	0.238829227206
chr8	122900000	123000000	32864	8311.0	0.252890701071
chr8	123000000	123100000	7814	1888.0	0.241617609419
chr8	123100000	123200000	7758	1974.0	0.254447022428
chr8	123200000	123300000	6434	1586.0	0.246502953062
chr8	123300000	123400000	22918	5964.0	0.260232131949
chr8	123400000	123500000	0	0.0	NA
chr8	123500000	123600000	12112	3016.0	0.249009247028
chr8	123600000	123700000	50935	12718.0	0.24969078237
chr8	123700000	123800000	47934	11763.0	0.245399924897
chr8	123800000	123900000	45729	12379.0	0.270703492313
chr8	123900000	124000000	61626	16000.0	0.259630675364
chr8	124000000	124100000	48587	11845.0	0.243789491016
chr8	124100000	124200000	33860	8200.0	0.242173656232
chr8	124200000	124300000	51930	11289.0	0.217388792605
chr8	124300000	124400000	30041	6374.0	0.212176691854
chr8	124400000	124500000	21702	5334.0	0.245783798728
chr8	124500000	124600000	53880	12693.0	0.235579064588
chr8	124600000	124700000	64462	15852.0	0.245912320437
chr8	124700000	124800000	62741	15661.0	0.249613490381
chr8	124800000	124900000	29214	7410.0	0.253645512426
chr8	124900000	125000000	12566	3241.0	0.257918191947
chr8	125000000	125100000	0	0.0	NA
chr8	125100000	125200000	41850	10740.0	0.256630824373
chr8	125200000	125300000	35099	9136.0	0.26029231602
chr8	125300000	125400000	42231	9316.0	0.220596244465
chr8	125400000	125500000	29803	6756.0	0.226688588397
chr8	125500000	125600000	38593	9602.0	0.248801596144
chr8	125600000	125700000	34303	9443.0	0.275282045302
chr8	125700000	125800000	27837	6858.0	0.246362754607
chr8	125800000	125900000	23689	6115.0	0.258136687914
chr8	125900000	126000000	38016	10134.0	0.266571969697
chr8	126000000	126100000	54158	13047.0	0.240906237306
chr8	126100000	126200000	11638	2802.0	0.240763017701
chr8	126200000	126300000	0	0.0	NA
chr8	126300000	126400000	27983	6931.0	0.247686095129
chr8	126400000	126500000	53095	13845.0	0.260759016857
chr8	126500000	126600000	31830	8435.0	0.265001570845
chr8	126600000	126700000	57572	15889.0	0.275984853748
chr8	126700000	126800000	6963	1885.0	0.270716645124
chr8	126800000	126900000	38894	9903.0	0.254615107729
chr8	126900000	127000000	54129	14305.0	0.264276081213
chr8	127000000	127100000	33882	8500.0	0.250870668792
chr8	127100000	127200000	6112	1586.0	0.259489528796
chr8	127200000	127300000	35461	8970.0	0.252953949409
chr8	127300000	127400000	10014	2588.0	0.258438186539
chr8	127400000	127500000	36108	9381.0	0.259803921569
chr8	127500000	127600000	35649	9013.0	0.252826166232
chr8	127600000	127700000	16710	4137.0	0.247576301616
chr8	127700000	127800000	0	0.0	NA
chr8	127800000	127900000	0	0.0	NA
chr8	127900000	128000000	0	0.0	NA
chr8	128000000	128100000	0	0.0	NA
chr8	128100000	128200000	0	0.0	NA
chr8	128200000	128300000	0	0.0	NA
chr8	128300000	128400000	0	0.0	NA
chr8	128400000	128500000	0	0.0	NA
chr8	128500000	128600000	31133	8771.0	0.281726785083
chr8	128600000	128700000	58082	15598.0	0.268551358424
chr8	128700000	128800000	35212	8746.0	0.24838123367
chr8	128800000	128900000	23636	6849.0	0.289769842613
chr8	128900000	129000000	0	0.0	NA
chr8	129000000	129100000	27668	7985.0	0.288600549371
chr8	129100000	129200000	50622	13813.0	0.272865552527
chr8	129200000	129300000	50754	13252.0	0.261102573196
chr8	129300000	129400000	47883	12761.0	0.266503769605
chr8	129400000	129500000	0	0.0	NA
chr8	129500000	129600000	37903	9763.0	0.257578555787
chr8	129600000	129700000	26306	6907.0	0.262563673687
chr8	129700000	129800000	0	0.0	NA
chr8	129800000	129900000	0	0.0	NA
chr8	129900000	130000000	19941	5146.0	0.258061280778
chr8	130000000	130100000	23471	5903.0	0.251501853351
chr8	130100000	130200000	0	0.0	NA
chr8	130200000	130300000	0	0.0	NA
chr8	130300000	130400000	0	0.0	NA
chr8	130400000	130500000	0	0.0	NA
chr8	130500000	130600000	2112	507.0	0.240056818182
chr8	130600000	130700000	45627	11482.0	0.251649242773
chr8	130700000	130800000	19460	5644.0	0.290030832477
chr8	130800000	130900000	37175	8734.0	0.234942837929
chr8	130900000	131000000	19071	4884.0	0.256095642599
chr8	131000000	131100000	14771	4270.0	0.289079953964
chr8	131100000	131200000	13007	3686.0	0.283385869147
chr8	131200000	131300000	0	0.0	NA
chr8	131300000	131400000	0	0.0	NA
chr8	131400000	131500000	0	0.0	NA
chr8	131500000	131600000	21329	5768.0	0.27042993108
chr8	131600000	131700000	4032	1043.0	0.258680555556
chr8	131700000	131800000	26404	7237.0	0.274087259506
chr8	131800000	131900000	0	0.0	NA
chr8	131900000	132000000	0	0.0	NA
chr8	132000000	132100000	32110	8213.0	0.255777016506
chr8	132100000	132200000	24000	6563.0	0.273458333333
chr8	132200000	132300000	26313	7139.0	0.27131075894
chr8	132300000	132400000	27004	7192.0	0.266330913939
chr8	132400000	132500000	17240	4638.0	0.269025522042
chr8	132500000	132600000	17355	4667.0	0.268913857678
chr8	132600000	132700000	0	0.0	NA
chr8	132700000	132800000	7409	1992.0	0.268862194628
chr8	132800000	132900000	36298	9793.0	0.269794479035
chr8	132900000	133000000	39371	9516.0	0.241700744203
chr8	133000000	133100000	39011	11583.0	0.29691625439
chr8	133100000	133200000	36129	10187.0	0.281961858895
chr8	133200000	133300000	11290	3120.0	0.276350752879
chr8	133300000	133400000	0	0.0	NA
chr8	133400000	133500000	15919	4345.0	0.27294428042
chr8	133500000	133600000	46381	12623.0	0.272158858153
chr8	133600000	133700000	39668	10153.0	0.255949379853
chr8	133700000	133800000	50653	12859.0	0.253864529248
chr8	133800000	133900000	54269	12233.0	0.22541414067
chr8	133900000	134000000	27108	8072.0	0.297771875461
chr8	134000000	134100000	0	0.0	NA
chr8	134100000	134200000	66107	20073.0	0.303644092154
chr8	134200000	134300000	36748	11191.0	0.304533580059
chr8	134300000	134400000	38895	12398.0	0.318755624116
chr8	134400000	134500000	19491	5913.0	0.303370786517
chr8	134500000	134600000	41190	12749.0	0.309516873027
chr8	134600000	134700000	48080	14505.0	0.30168469218
chr8	134700000	134800000	38571	11642.0	0.301832983329
chr8	134800000	134900000	34806	10406.0	0.298971441705
chr8	134900000	135000000	29777	8379.0	0.281391678141
chr8	135000000	135100000	6850	1990.0	0.290510948905
chr8	135100000	135200000	27079	7065.0	0.260903282987
chr8	135200000	135300000	0	0.0	NA
chr8	135300000	135400000	10402	3216.0	0.309171313209
chr8	135400000	135500000	20564	5619.0	0.27324450496
chr8	135500000	135600000	0	0.0	NA
chr8	135600000	135700000	27606	8141.0	0.294899659494
chr8	135700000	135800000	45223	12842.0	0.283970545961
chr8	135800000	135900000	61517	15473.0	0.251523968984
chr8	135900000	136000000	46959	13367.0	0.284652569263
chr8	136000000	136100000	4068	1068.0	0.262536873156
chr8	136100000	136200000	44551	12033.0	0.270094947364
chr8	136200000	136300000	21587	5998.0	0.277852411173
chr8	136300000	136400000	18533	4936.0	0.266335725463
chr8	136400000	136500000	14020	3869.0	0.275962910128
chr8	136500000	136600000	32195	8650.0	0.268675260134
chr8	136600000	136700000	23646	7067.0	0.298866615918
chr8	136700000	136800000	21531	6314.0	0.29325159073
chr8	136800000	136900000	31816	8852.0	0.278224792557
chr8	136900000	137000000	22682	6294.0	0.277488757605
chr8	137000000	137100000	5028	1366.0	0.271678599841
chr8	137100000	137200000	0	0.0	NA
chr8	137200000	137300000	23056	6290.0	0.272814018043
chr8	137300000	137400000	0	0.0	NA
chr8	137400000	137500000	42751	11467.0	0.268227643798
chr8	137500000	137600000	1111	354.0	0.318631863186
chr8	137600000	137700000	24254	6670.0	0.275006184547
chr8	137700000	137800000	0	0.0	NA
chr8	137800000	137900000	0	0.0	NA
chr8	137900000	138000000	0	0.0	NA
chr8	138000000	138100000	38481	10300.0	0.267664561732
chr8	138100000	138200000	20444	5729.0	0.28022891802
chr8	138200000	138300000	9759	2581.0	0.264473819039
chr8	138300000	138400000	16584	4739.0	0.285757356488
chr8	138400000	138500000	17643	5232.0	0.296548206087
chr8	138500000	138600000	13217	3742.0	0.283120223954
chr8	138600000	138700000	0	0.0	NA
chr8	138700000	138800000	11697	3353.0	0.286654697786
chr8	138800000	138900000	0	0.0	NA
chr8	138900000	139000000	0	0.0	NA
chr8	139000000	139100000	20422	6325.0	0.309715013221
chr8	139100000	139200000	23338	6875.0	0.294583940355
chr8	139200000	139300000	0	0.0	NA
chr8	139300000	139400000	0	0.0	NA
chr8	139400000	139500000	0	0.0	NA
chr8	139500000	139600000	33122	9696.0	0.292735945897
chr8	139600000	139700000	6919	2159.0	0.312039312039
chr8	139700000	139800000	0	0.0	NA
chr8	139800000	139900000	0	0.0	NA
chr8	139900000	140000000	11560	3289.0	0.284515570934
chr8	140000000	140100000	31441	9319.0	0.29639642505
chr8	140100000	140200000	5914	2002.0	0.338518769023
chr8	140200000	140300000	12998	3908.0	0.300661640252
chr8	140300000	140400000	7549	2150.0	0.284805934561
chr8	140400000	140500000	10888	3108.0	0.285451873622
chr8	140500000	140600000	12726	4328.0	0.340091151972
chr8	140600000	140700000	25324	8740.0	0.345127152109
chr8	140700000	140800000	16188	5120.0	0.316283666914
chr8	140800000	140900000	7795	2436.0	0.31250801796
chr8	140900000	141000000	0	0.0	NA
chr8	141000000	141100000	0	0.0	NA
chr8	141100000	141200000	0	0.0	NA
chr8	141200000	141300000	0	0.0	NA
chr8	141300000	141400000	0	0.0	NA
chr8	141400000	141500000	22821	6163.0	0.270058279655
chr8	141500000	141600000	42359	12696.0	0.299723789513
chr8	141600000	141700000	11906	4174.0	0.350579539728
chr8	141700000	141800000	24122	7107.0	0.294627311168
chr8	141800000	141900000	0	0.0	NA
chr8	141900000	142000000	10559	2907.0	0.275310161947
chr8	142000000	142100000	19939	6176.0	0.3097447214
chr8	142100000	142200000	28369	9966.0	0.351298953083
chr8	142200000	142300000	41471	13941.0	0.336162619662
chr8	142300000	142400000	51104	16863.0	0.329974170319
chr8	142400000	142500000	39524	13263.0	0.335568262322
chr8	142500000	142600000	32959	11138.0	0.337935010164
chr8	142600000	142700000	9514	3341.0	0.351166701703
chr8	142700000	142800000	0	0.0	NA
chr8	142800000	142900000	0	0.0	NA
chr8	142900000	143000000	15567	5009.0	0.321770411768
chr8	143000000	143100000	10274	3629.0	0.353221724742
chr8	143100000	143200000	25488	9542.0	0.37437225361
chr8	143200000	143300000	27025	9806.0	0.362849213691
chr8	143300000	143400000	25469	8924.0	0.35038674467
chr8	143400000	143500000	22657	8323.0	0.36734783952
chr8	143500000	143600000	30577	10335.0	0.337999149688
chr8	143600000	143700000	27996	9926.0	0.354550650093
chr8	143700000	143800000	6916	2293.0	0.331550028918
chr8	143800000	143900000	30066	10555.0	0.351060999135
chr8	143900000	144000000	3554	1243.0	0.349746764209
chr8	144000000	144100000	4275	1320.0	0.308771929825
chr8	144100000	144200000	5402	1947.0	0.360422065902
chr8	144200000	144300000	17940	6359.0	0.354459308807
chr8	144300000	144400000	12751	4348.0	0.340992863305
chr8	144400000	144500000	20520	7042.0	0.343177387914
chr8	144500000	144600000	32582	10471.0	0.321373764655
chr8	144600000	144700000	42776	13282.0	0.310501215635
chr8	144700000	144800000	10692	3156.0	0.295173961841
chr8	144800000	144900000	30777	9011.0	0.292783572148
chr8	144900000	145000000	45376	11860.0	0.261371650212
chr8	145000000	145100000	43836	13309.0	0.303608905922
chr8	145100000	145200000	35909	9553.0	0.266033584895
chr8	145200000	145300000	8850	3008.0	0.33988700565
chr8	145300000	145400000	0	0.0	NA
chr8	145400000	145500000	0	0.0	NA
chr8	145500000	145600000	37154	11094.0	0.298595036874
chr8	145600000	145700000	44786	12633.0	0.282074755504
chr8	145700000	145800000	38448	11008.0	0.286308780691
chr8	145800000	145900000	7417	2165.0	0.291896993394
chr8	145900000	146000000	9177	2845.0	0.310014165849
chr8	146000000	146100000	17990	5570.0	0.309616453585
chr8	146100000	146200000	9747	2777.0	0.284908176875
chr8	146200000	146300000	6957	1705.0	0.245076900963
chr8	146300000	146364022	0	0.0	NA
