chr8	0	100000	0	0.0	NA
chr8	100000	200000	0	0.0	NA
chr8	200000	300000	392	140.0	0.357142857143
chr8	300000	400000	50	8.0	0.16
chr8	400000	500000	1451	507.0	0.349414197105
chr8	500000	600000	0	0.0	NA
chr8	600000	700000	71	25.0	0.352112676056
chr8	700000	800000	0	0.0	NA
chr8	800000	900000	0	0.0	NA
chr8	900000	1000000	0	0.0	NA
chr8	1000000	1100000	0	0.0	NA
chr8	1100000	1200000	0	0.0	NA
chr8	1200000	1300000	0	0.0	NA
chr8	1300000	1400000	0	0.0	NA
chr8	1400000	1500000	0	0.0	NA
chr8	1500000	1600000	0	0.0	NA
chr8	1600000	1700000	381	117.0	0.307086614173
chr8	1700000	1800000	0	0.0	NA
chr8	1800000	1900000	0	0.0	NA
chr8	1900000	2000000	1832	748.0	0.408296943231
chr8	2000000	2100000	596	257.0	0.431208053691
chr8	2100000	2200000	1586	594.0	0.374527112232
chr8	2200000	2300000	0	0.0	NA
chr8	2300000	2400000	2060	888.0	0.431067961165
chr8	2400000	2500000	0	0.0	NA
chr8	2500000	2600000	0	0.0	NA
chr8	2600000	2700000	655	259.0	0.395419847328
chr8	2700000	2800000	92	50.0	0.54347826087
chr8	2800000	2900000	0	0.0	NA
chr8	2900000	3000000	0	0.0	NA
chr8	3000000	3100000	0	0.0	NA
chr8	3100000	3200000	0	0.0	NA
chr8	3200000	3300000	0	0.0	NA
chr8	3300000	3400000	0	0.0	NA
chr8	3400000	3500000	0	0.0	NA
chr8	3500000	3600000	0	0.0	NA
chr8	3600000	3700000	0	0.0	NA
chr8	3700000	3800000	0	0.0	NA
chr8	3800000	3900000	0	0.0	NA
chr8	3900000	4000000	0	0.0	NA
chr8	4000000	4100000	0	0.0	NA
chr8	4100000	4200000	0	0.0	NA
chr8	4200000	4300000	0	0.0	NA
chr8	4300000	4400000	0	0.0	NA
chr8	4400000	4500000	0	0.0	NA
chr8	4500000	4600000	0	0.0	NA
chr8	4600000	4700000	0	0.0	NA
chr8	4700000	4800000	0	0.0	NA
chr8	4800000	4900000	795	295.0	0.37106918239
chr8	4900000	5000000	711	236.0	0.331926863572
chr8	5000000	5100000	677	189.0	0.27917282127
chr8	5100000	5200000	0	0.0	NA
chr8	5200000	5300000	0	0.0	NA
chr8	5300000	5400000	0	0.0	NA
chr8	5400000	5500000	0	0.0	NA
chr8	5500000	5600000	1749	489.0	0.279588336192
chr8	5600000	5700000	0	0.0	NA
chr8	5700000	5800000	1328	369.0	0.277861445783
chr8	5800000	5900000	658	259.0	0.393617021277
chr8	5900000	6000000	79	36.0	0.455696202532
chr8	6000000	6100000	0	0.0	NA
chr8	6100000	6200000	215	83.0	0.386046511628
chr8	6200000	6300000	0	0.0	NA
chr8	6300000	6400000	0	0.0	NA
chr8	6400000	6500000	0	0.0	NA
chr8	6500000	6600000	273	81.0	0.296703296703
chr8	6600000	6700000	73	25.0	0.342465753425
chr8	6700000	6800000	0	0.0	NA
chr8	6800000	6900000	0	0.0	NA
chr8	6900000	7000000	0	0.0	NA
chr8	7000000	7100000	0	0.0	NA
chr8	7100000	7200000	0	0.0	NA
chr8	7200000	7300000	0	0.0	NA
chr8	7300000	7400000	0	0.0	NA
chr8	7400000	7500000	0	0.0	NA
chr8	7500000	7600000	0	0.0	NA
chr8	7600000	7700000	0	0.0	NA
chr8	7700000	7800000	0	0.0	NA
chr8	7800000	7900000	0	0.0	NA
chr8	7900000	8000000	0	0.0	NA
chr8	8000000	8100000	0	0.0	NA
chr8	8100000	8200000	903	239.0	0.264673311185
chr8	8200000	8300000	1391	323.0	0.232207045291
chr8	8300000	8400000	1734	474.0	0.273356401384
chr8	8400000	8500000	4613	1144.0	0.247994797312
chr8	8500000	8600000	1539	399.0	0.259259259259
chr8	8600000	8700000	186	41.0	0.220430107527
chr8	8700000	8800000	1321	418.0	0.316426949281
chr8	8800000	8900000	1368	367.0	0.268274853801
chr8	8900000	9000000	4286	1157.0	0.269948670089
chr8	9000000	9100000	5474	1474.0	0.269272926562
chr8	9100000	9200000	432	116.0	0.268518518519
chr8	9200000	9300000	375	100.0	0.266666666667
chr8	9300000	9400000	0	0.0	NA
chr8	9400000	9500000	621	148.0	0.238325281804
chr8	9500000	9600000	0	0.0	NA
chr8	9600000	9700000	491	148.0	0.301425661914
chr8	9700000	9800000	4797	1028.0	0.214300604545
chr8	9800000	9900000	0	0.0	NA
chr8	9900000	10000000	1509	480.0	0.318091451292
chr8	10000000	10100000	0	0.0	NA
chr8	10100000	10200000	0	0.0	NA
chr8	10200000	10300000	1843	501.0	0.271839392295
chr8	10300000	10400000	1588	482.0	0.303526448363
chr8	10400000	10500000	1848	474.0	0.256493506494
chr8	10500000	10600000	4384	1316.0	0.300182481752
chr8	10600000	10700000	1466	485.0	0.330832196453
chr8	10700000	10800000	3513	908.0	0.258468545403
chr8	10800000	10900000	0	0.0	NA
chr8	10900000	11000000	0	0.0	NA
chr8	11000000	11100000	2271	407.0	0.179216204315
chr8	11100000	11200000	2126	556.0	0.261523988711
chr8	11200000	11300000	0	0.0	NA
chr8	11300000	11400000	2404	676.0	0.281198003328
chr8	11400000	11500000	1405	463.0	0.329537366548
chr8	11500000	11600000	922	254.0	0.275488069414
chr8	11600000	11700000	2135	711.0	0.333021077283
chr8	11700000	11800000	469	145.0	0.309168443497
chr8	11800000	11900000	3649	976.0	0.267470539874
chr8	11900000	12000000	0	0.0	NA
chr8	12000000	12100000	0	0.0	NA
chr8	12100000	12200000	0	0.0	NA
chr8	12200000	12300000	0	0.0	NA
chr8	12300000	12400000	0	0.0	NA
chr8	12400000	12500000	0	0.0	NA
chr8	12500000	12600000	280	74.0	0.264285714286
chr8	12600000	12700000	1402	384.0	0.273894436519
chr8	12700000	12800000	468	110.0	0.235042735043
chr8	12800000	12900000	1509	422.0	0.279655400928
chr8	12900000	13000000	1084	357.0	0.329335793358
chr8	13000000	13100000	0	0.0	NA
chr8	13100000	13200000	0	0.0	NA
chr8	13200000	13300000	0	0.0	NA
chr8	13300000	13400000	0	0.0	NA
chr8	13400000	13500000	2115	603.0	0.285106382979
chr8	13500000	13600000	0	0.0	NA
chr8	13600000	13700000	0	0.0	NA
chr8	13700000	13800000	836	229.0	0.273923444976
chr8	13800000	13900000	0	0.0	NA
chr8	13900000	14000000	830	235.0	0.28313253012
chr8	14000000	14100000	0	0.0	NA
chr8	14100000	14200000	0	0.0	NA
chr8	14200000	14300000	0	0.0	NA
chr8	14300000	14400000	0	0.0	NA
chr8	14400000	14500000	0	0.0	NA
chr8	14500000	14600000	0	0.0	NA
chr8	14600000	14700000	0	0.0	NA
chr8	14700000	14800000	0	0.0	NA
chr8	14800000	14900000	0	0.0	NA
chr8	14900000	15000000	0	0.0	NA
chr8	15000000	15100000	931	208.0	0.223415682062
chr8	15100000	15200000	305	80.0	0.262295081967
chr8	15200000	15300000	0	0.0	NA
chr8	15300000	15400000	452	167.0	0.369469026549
chr8	15400000	15500000	0	0.0	NA
chr8	15500000	15600000	0	0.0	NA
chr8	15600000	15700000	935	232.0	0.248128342246
chr8	15700000	15800000	0	0.0	NA
chr8	15800000	15900000	1690	462.0	0.273372781065
chr8	15900000	16000000	510	141.0	0.276470588235
chr8	16000000	16100000	287	86.0	0.299651567944
chr8	16100000	16200000	0	0.0	NA
chr8	16200000	16300000	0	0.0	NA
chr8	16300000	16400000	0	0.0	NA
chr8	16400000	16500000	880	212.0	0.240909090909
chr8	16500000	16600000	913	231.0	0.253012048193
chr8	16600000	16700000	0	0.0	NA
chr8	16700000	16800000	709	196.0	0.276445698166
chr8	16800000	16900000	2228	477.0	0.214093357271
chr8	16900000	17000000	930	218.0	0.234408602151
chr8	17000000	17100000	1730	462.0	0.267052023121
chr8	17100000	17200000	0	0.0	NA
chr8	17200000	17300000	578	157.0	0.271626297578
chr8	17300000	17400000	0	0.0	NA
chr8	17400000	17500000	1532	431.0	0.281331592689
chr8	17500000	17600000	1163	258.0	0.221840068788
chr8	17600000	17700000	884	263.0	0.297511312217
chr8	17700000	17800000	2116	544.0	0.257088846881
chr8	17800000	17900000	81	21.0	0.259259259259
chr8	17900000	18000000	252	53.0	0.210317460317
chr8	18000000	18100000	0	0.0	NA
chr8	18100000	18200000	0	0.0	NA
chr8	18200000	18300000	0	0.0	NA
chr8	18300000	18400000	623	167.0	0.268057784912
chr8	18400000	18500000	0	0.0	NA
chr8	18500000	18600000	0	0.0	NA
chr8	18600000	18700000	0	0.0	NA
chr8	18700000	18800000	0	0.0	NA
chr8	18800000	18900000	480	173.0	0.360416666667
chr8	18900000	19000000	928	232.0	0.25
chr8	19000000	19100000	0	0.0	NA
chr8	19100000	19200000	1145	360.0	0.314410480349
chr8	19200000	19300000	832	240.0	0.288461538462
chr8	19300000	19400000	0	0.0	NA
chr8	19400000	19500000	0	0.0	NA
chr8	19500000	19600000	0	0.0	NA
chr8	19600000	19700000	1254	342.0	0.272727272727
chr8	19700000	19800000	1277	321.0	0.251370399374
chr8	19800000	19900000	651	155.0	0.238095238095
chr8	19900000	20000000	1182	328.0	0.277495769882
chr8	20000000	20100000	4226	1037.0	0.245385707525
chr8	20100000	20200000	1426	438.0	0.307152875175
chr8	20200000	20300000	671	173.0	0.25782414307
chr8	20300000	20400000	0	0.0	NA
chr8	20400000	20500000	71	13.0	0.183098591549
chr8	20500000	20600000	1840	456.0	0.247826086957
chr8	20600000	20700000	0	0.0	NA
chr8	20700000	20800000	919	270.0	0.293797606094
chr8	20800000	20900000	5752	1558.0	0.270862308762
chr8	20900000	21000000	1888	504.0	0.266949152542
chr8	21000000	21100000	210	60.0	0.285714285714
chr8	21100000	21200000	1372	409.0	0.298104956268
chr8	21200000	21300000	0	0.0	NA
chr8	21300000	21400000	1488	453.0	0.304435483871
chr8	21400000	21500000	1163	351.0	0.301805674979
chr8	21500000	21600000	514	196.0	0.381322957198
chr8	21600000	21700000	0	0.0	NA
chr8	21700000	21800000	1378	393.0	0.285195936139
chr8	21800000	21900000	2586	756.0	0.292343387471
chr8	21900000	22000000	5333	1395.0	0.261578848678
chr8	22000000	22100000	5239	1426.0	0.272189349112
chr8	22100000	22200000	3264	847.0	0.25949754902
chr8	22200000	22300000	1830	521.0	0.284699453552
chr8	22300000	22400000	0	0.0	NA
chr8	22400000	22500000	4454	1047.0	0.235069600359
chr8	22500000	22600000	3765	984.0	0.261354581673
chr8	22600000	22700000	0	0.0	NA
chr8	22700000	22800000	911	242.0	0.265642151482
chr8	22800000	22900000	1646	389.0	0.236330498177
chr8	22900000	23000000	1178	362.0	0.307300509338
chr8	23000000	23100000	177	42.0	0.237288135593
chr8	23100000	23200000	2106	634.0	0.301044634378
chr8	23200000	23300000	0	0.0	NA
chr8	23300000	23400000	3001	791.0	0.263578807064
chr8	23400000	23500000	2125	589.0	0.277176470588
chr8	23500000	23600000	2819	865.0	0.306846399432
chr8	23600000	23700000	2748	744.0	0.270742358079
chr8	23700000	23800000	975	204.0	0.209230769231
chr8	23800000	23900000	0	0.0	NA
chr8	23900000	24000000	923	233.0	0.252437703142
chr8	24000000	24100000	1164	301.0	0.258591065292
chr8	24100000	24200000	661	171.0	0.258698940998
chr8	24200000	24300000	0	0.0	NA
chr8	24300000	24400000	0	0.0	NA
chr8	24400000	24500000	0	0.0	NA
chr8	24500000	24600000	0	0.0	NA
chr8	24600000	24700000	0	0.0	NA
chr8	24700000	24800000	2705	542.0	0.200369685767
chr8	24800000	24900000	2729	681.0	0.249541956761
chr8	24900000	25000000	0	0.0	NA
chr8	25000000	25100000	1497	413.0	0.27588510354
chr8	25100000	25200000	0	0.0	NA
chr8	25200000	25300000	0	0.0	NA
chr8	25300000	25400000	0	0.0	NA
chr8	25400000	25500000	0	0.0	NA
chr8	25500000	25600000	0	0.0	NA
chr8	25600000	25700000	0	0.0	NA
chr8	25700000	25800000	0	0.0	NA
chr8	25800000	25900000	0	0.0	NA
chr8	25900000	26000000	0	0.0	NA
chr8	26000000	26100000	0	0.0	NA
chr8	26100000	26200000	0	0.0	NA
chr8	26200000	26300000	1816	561.0	0.308920704846
chr8	26300000	26400000	1418	396.0	0.279266572638
chr8	26400000	26500000	0	0.0	NA
chr8	26500000	26600000	657	201.0	0.305936073059
chr8	26600000	26700000	953	281.0	0.294858342078
chr8	26700000	26800000	884	219.0	0.247737556561
chr8	26800000	26900000	0	0.0	NA
chr8	26900000	27000000	1673	379.0	0.226539151225
chr8	27000000	27100000	2741	750.0	0.273622765414
chr8	27100000	27200000	2667	690.0	0.258717660292
chr8	27200000	27300000	0	0.0	NA
chr8	27300000	27400000	3097	850.0	0.27445915402
chr8	27400000	27500000	1811	582.0	0.321369409166
chr8	27500000	27600000	2812	713.0	0.253556187767
chr8	27600000	27700000	1350	348.0	0.257777777778
chr8	27700000	27800000	447	107.0	0.23937360179
chr8	27800000	27900000	1524	409.0	0.268372703412
chr8	27900000	28000000	521	124.0	0.238003838772
chr8	28000000	28100000	817	252.0	0.308445532436
chr8	28100000	28200000	909	263.0	0.289328932893
chr8	28200000	28300000	1306	417.0	0.319295558959
chr8	28300000	28400000	1818	470.0	0.258525852585
chr8	28400000	28500000	1164	373.0	0.320446735395
chr8	28500000	28600000	0	0.0	NA
chr8	28600000	28700000	386	119.0	0.30829015544
chr8	28700000	28800000	1820	309.0	0.16978021978
chr8	28800000	28900000	0	0.0	NA
chr8	28900000	29000000	5188	1421.0	0.273901310717
chr8	29000000	29100000	0	0.0	NA
chr8	29100000	29200000	647	187.0	0.289026275116
chr8	29200000	29300000	2135	509.0	0.238407494145
chr8	29300000	29400000	1218	326.0	0.267651888342
chr8	29400000	29500000	2714	630.0	0.232129697863
chr8	29500000	29600000	553	152.0	0.27486437613
chr8	29600000	29700000	2851	724.0	0.253945983865
chr8	29700000	29800000	1258	219.0	0.174085850556
chr8	29800000	29900000	1425	328.0	0.230175438596
chr8	29900000	30000000	230	54.0	0.234782608696
chr8	30000000	30100000	0	0.0	NA
chr8	30100000	30200000	620	143.0	0.23064516129
chr8	30200000	30300000	381	88.0	0.230971128609
chr8	30300000	30400000	0	0.0	NA
chr8	30400000	30500000	901	288.0	0.319644839068
chr8	30500000	30600000	881	273.0	0.309875141884
chr8	30600000	30700000	911	223.0	0.244785949506
chr8	30700000	30800000	480	162.0	0.3375
chr8	30800000	30900000	957	197.0	0.205851619645
chr8	30900000	31000000	0	0.0	NA
chr8	31000000	31100000	0	0.0	NA
chr8	31100000	31200000	593	157.0	0.264755480607
chr8	31200000	31300000	0	0.0	NA
chr8	31300000	31400000	641	141.0	0.219968798752
chr8	31400000	31500000	622	164.0	0.263665594855
chr8	31500000	31600000	0	0.0	NA
chr8	31600000	31700000	0	0.0	NA
chr8	31700000	31800000	0	0.0	NA
chr8	31800000	31900000	0	0.0	NA
chr8	31900000	32000000	0	0.0	NA
chr8	32000000	32100000	0	0.0	NA
chr8	32100000	32200000	0	0.0	NA
chr8	32200000	32300000	0	0.0	NA
chr8	32300000	32400000	0	0.0	NA
chr8	32400000	32500000	0	0.0	NA
chr8	32500000	32600000	0	0.0	NA
chr8	32600000	32700000	973	224.0	0.230215827338
chr8	32700000	32800000	1533	331.0	0.215916503588
chr8	32800000	32900000	0	0.0	NA
chr8	32900000	33000000	760	250.0	0.328947368421
chr8	33000000	33100000	541	87.0	0.160813308688
chr8	33100000	33200000	445	124.0	0.278651685393
chr8	33200000	33300000	1213	298.0	0.245671887881
chr8	33300000	33400000	778	212.0	0.272493573265
chr8	33400000	33500000	2016	556.0	0.275793650794
chr8	33500000	33600000	0	0.0	NA
chr8	33600000	33700000	0	0.0	NA
chr8	33700000	33800000	0	0.0	NA
chr8	33800000	33900000	19	5.0	0.263157894737
chr8	33900000	34000000	0	0.0	NA
chr8	34000000	34100000	2368	593.0	0.250422297297
chr8	34100000	34200000	0	0.0	NA
chr8	34200000	34300000	572	143.0	0.25
chr8	34300000	34400000	0	0.0	NA
chr8	34400000	34500000	0	0.0	NA
chr8	34500000	34600000	0	0.0	NA
chr8	34600000	34700000	980	242.0	0.24693877551
chr8	34700000	34800000	535	106.0	0.198130841121
chr8	34800000	34900000	1413	345.0	0.244161358811
chr8	34900000	35000000	0	0.0	NA
chr8	35000000	35100000	415	117.0	0.281927710843
chr8	35100000	35200000	0	0.0	NA
chr8	35200000	35300000	0	0.0	NA
chr8	35300000	35400000	0	0.0	NA
chr8	35400000	35500000	0	0.0	NA
chr8	35500000	35600000	0	0.0	NA
chr8	35600000	35700000	571	157.0	0.274956217163
chr8	35700000	35800000	911	216.0	0.23710208562
chr8	35800000	35900000	756	190.0	0.251322751323
chr8	35900000	36000000	107	25.0	0.233644859813
chr8	36000000	36100000	0	0.0	NA
chr8	36100000	36200000	1877	493.0	0.262653169952
chr8	36200000	36300000	0	0.0	NA
chr8	36300000	36400000	63	16.0	0.253968253968
chr8	36400000	36500000	0	0.0	NA
chr8	36500000	36600000	0	0.0	NA
chr8	36600000	36700000	353	123.0	0.348441926346
chr8	36700000	36800000	732	173.0	0.236338797814
chr8	36800000	36900000	0	0.0	NA
chr8	36900000	37000000	1649	469.0	0.284414796847
chr8	37000000	37100000	0	0.0	NA
chr8	37100000	37200000	1368	323.0	0.236111111111
chr8	37200000	37300000	959	253.0	0.263816475495
chr8	37300000	37400000	0	0.0	NA
chr8	37400000	37500000	5013	1068.0	0.213046080192
chr8	37500000	37600000	3573	817.0	0.228659389868
chr8	37600000	37700000	2852	789.0	0.276647966339
chr8	37700000	37800000	2353	635.0	0.269868253294
chr8	37800000	37900000	1657	452.0	0.272782136391
chr8	37900000	38000000	1780	457.0	0.256741573034
chr8	38000000	38100000	838	223.0	0.266109785203
chr8	38100000	38200000	2891	599.0	0.207194742304
chr8	38200000	38300000	3190	823.0	0.257993730408
chr8	38300000	38400000	2209	567.0	0.256677229516
chr8	38400000	38500000	1335	279.0	0.208988764045
chr8	38500000	38600000	1326	329.0	0.248114630468
chr8	38600000	38700000	0	0.0	NA
chr8	38700000	38800000	1356	350.0	0.258112094395
chr8	38800000	38900000	3881	861.0	0.22185003865
chr8	38900000	39000000	1425	355.0	0.249122807018
chr8	39000000	39100000	0	0.0	NA
chr8	39100000	39200000	1710	467.0	0.273099415205
chr8	39200000	39300000	551	153.0	0.277676950998
chr8	39300000	39400000	494	161.0	0.325910931174
chr8	39400000	39500000	1903	565.0	0.29689963216
chr8	39500000	39600000	604	191.0	0.316225165563
chr8	39600000	39700000	705	180.0	0.255319148936
chr8	39700000	39800000	0	0.0	NA
chr8	39800000	39900000	0	0.0	NA
chr8	39900000	40000000	2453	584.0	0.23807582552
chr8	40000000	40100000	3136	808.0	0.257653061224
chr8	40100000	40200000	1272	308.0	0.24213836478
chr8	40200000	40300000	693	182.0	0.262626262626
chr8	40300000	40400000	1656	382.0	0.230676328502
chr8	40400000	40500000	0	0.0	NA
chr8	40500000	40600000	0	0.0	NA
chr8	40600000	40700000	0	0.0	NA
chr8	40700000	40800000	2056	433.0	0.21060311284
chr8	40800000	40900000	0	0.0	NA
chr8	40900000	41000000	0	0.0	NA
chr8	41000000	41100000	0	0.0	NA
chr8	41100000	41200000	1466	413.0	0.281718963165
chr8	41200000	41300000	2328	639.0	0.274484536082
chr8	41300000	41400000	1156	353.0	0.305363321799
chr8	41400000	41500000	390	78.0	0.2
chr8	41500000	41600000	941	264.0	0.280552603613
chr8	41600000	41700000	0	0.0	NA
chr8	41700000	41800000	1154	312.0	0.270363951473
chr8	41800000	41900000	0	0.0	NA
chr8	41900000	42000000	1177	383.0	0.325403568394
chr8	42000000	42100000	4449	1358.0	0.30523713194
chr8	42100000	42200000	2250	692.0	0.307555555556
chr8	42200000	42300000	2922	758.0	0.259411362081
chr8	42300000	42400000	0	0.0	NA
chr8	42400000	42500000	665	186.0	0.27969924812
chr8	42500000	42600000	931	239.0	0.2567132116
chr8	42600000	42700000	1179	302.0	0.25614927905
chr8	42700000	42800000	603	224.0	0.371475953566
chr8	42800000	42900000	0	0.0	NA
chr8	42900000	43000000	1966	614.0	0.312309257375
chr8	43000000	43100000	219	64.0	0.292237442922
chr8	43100000	43200000	0	0.0	NA
chr8	43200000	43300000	0	0.0	NA
chr8	43300000	43400000	0	0.0	NA
chr8	43400000	43500000	0	0.0	NA
chr8	43500000	43600000	0	0.0	NA
chr8	43600000	43700000	0	0.0	NA
chr8	43700000	43800000	0	0.0	NA
chr8	43800000	43900000	0	0.0	NA
chr8	43900000	44000000	0	0.0	NA
chr8	44000000	44100000	0	0.0	NA
chr8	44100000	44200000	0	0.0	NA
chr8	44200000	44300000	0	0.0	NA
chr8	44300000	44400000	0	0.0	NA
chr8	44400000	44500000	0	0.0	NA
chr8	44500000	44600000	0	0.0	NA
chr8	44600000	44700000	0	0.0	NA
chr8	44700000	44800000	0	0.0	NA
chr8	44800000	44900000	0	0.0	NA
chr8	44900000	45000000	0	0.0	NA
chr8	45000000	45100000	0	0.0	NA
chr8	45100000	45200000	0	0.0	NA
chr8	45200000	45300000	0	0.0	NA
chr8	45300000	45400000	0	0.0	NA
chr8	45400000	45500000	0	0.0	NA
chr8	45500000	45600000	0	0.0	NA
chr8	45600000	45700000	0	0.0	NA
chr8	45700000	45800000	0	0.0	NA
chr8	45800000	45900000	0	0.0	NA
chr8	45900000	46000000	0	0.0	NA
chr8	46000000	46100000	0	0.0	NA
chr8	46100000	46200000	0	0.0	NA
chr8	46200000	46300000	0	0.0	NA
chr8	46300000	46400000	0	0.0	NA
chr8	46400000	46500000	0	0.0	NA
chr8	46500000	46600000	0	0.0	NA
chr8	46600000	46700000	0	0.0	NA
chr8	46700000	46800000	0	0.0	NA
chr8	46800000	46900000	0	0.0	NA
chr8	46900000	47000000	0	0.0	NA
chr8	47000000	47100000	0	0.0	NA
chr8	47100000	47200000	0	0.0	NA
chr8	47200000	47300000	0	0.0	NA
chr8	47300000	47400000	0	0.0	NA
chr8	47400000	47500000	0	0.0	NA
chr8	47500000	47600000	0	0.0	NA
chr8	47600000	47700000	0	0.0	NA
chr8	47700000	47800000	0	0.0	NA
chr8	47800000	47900000	0	0.0	NA
chr8	47900000	48000000	0	0.0	NA
chr8	48000000	48100000	243	68.0	0.279835390947
chr8	48100000	48200000	255	79.0	0.309803921569
chr8	48200000	48300000	0	0.0	NA
chr8	48300000	48400000	0	0.0	NA
chr8	48400000	48500000	0	0.0	NA
chr8	48500000	48600000	0	0.0	NA
chr8	48600000	48700000	414	86.0	0.207729468599
chr8	48700000	48800000	0	0.0	NA
chr8	48800000	48900000	1787	515.0	0.288192501399
chr8	48900000	49000000	517	143.0	0.276595744681
chr8	49000000	49100000	0	0.0	NA
chr8	49100000	49200000	0	0.0	NA
chr8	49200000	49300000	1032	245.0	0.237403100775
chr8	49300000	49400000	1891	532.0	0.281332628239
chr8	49400000	49500000	1333	312.0	0.234058514629
chr8	49500000	49600000	0	0.0	NA
chr8	49600000	49700000	2016	547.0	0.271329365079
chr8	49700000	49800000	0	0.0	NA
chr8	49800000	49900000	1572	470.0	0.298982188295
chr8	49900000	50000000	1418	377.0	0.2658674189
chr8	50000000	50100000	0	0.0	NA
chr8	50100000	50200000	0	0.0	NA
chr8	50200000	50300000	971	246.0	0.253347064882
chr8	50300000	50400000	0	0.0	NA
chr8	50400000	50500000	1013	325.0	0.320829220138
chr8	50500000	50600000	0	0.0	NA
chr8	50600000	50700000	0	0.0	NA
chr8	50700000	50800000	1545	488.0	0.315857605178
chr8	50800000	50900000	2026	565.0	0.278874629812
chr8	50900000	51000000	0	0.0	NA
chr8	51000000	51100000	0	0.0	NA
chr8	51100000	51200000	0	0.0	NA
chr8	51200000	51300000	0	0.0	NA
chr8	51300000	51400000	0	0.0	NA
chr8	51400000	51500000	0	0.0	NA
chr8	51500000	51600000	0	0.0	NA
chr8	51600000	51700000	0	0.0	NA
chr8	51700000	51800000	976	354.0	0.362704918033
chr8	51800000	51900000	0	0.0	NA
chr8	51900000	52000000	0	0.0	NA
chr8	52000000	52100000	0	0.0	NA
chr8	52100000	52200000	806	216.0	0.267990074442
chr8	52200000	52300000	0	0.0	NA
chr8	52300000	52400000	0	0.0	NA
chr8	52400000	52500000	0	0.0	NA
chr8	52500000	52600000	0	0.0	NA
chr8	52600000	52700000	0	0.0	NA
chr8	52700000	52800000	1926	584.0	0.303219106957
chr8	52800000	52900000	2406	649.0	0.269742310889
chr8	52900000	53000000	0	0.0	NA
chr8	53000000	53100000	686	190.0	0.276967930029
chr8	53100000	53200000	0	0.0	NA
chr8	53200000	53300000	0	0.0	NA
chr8	53300000	53400000	820	274.0	0.334146341463
chr8	53400000	53500000	1466	403.0	0.274897680764
chr8	53500000	53600000	858	215.0	0.250582750583
chr8	53600000	53700000	2113	544.0	0.257453857075
chr8	53700000	53800000	0	0.0	NA
chr8	53800000	53900000	1125	369.0	0.328
chr8	53900000	54000000	476	133.0	0.279411764706
chr8	54000000	54100000	0	0.0	NA
chr8	54100000	54200000	641	177.0	0.276131045242
chr8	54200000	54300000	0	0.0	NA
chr8	54300000	54400000	2944	822.0	0.279211956522
chr8	54400000	54500000	276	93.0	0.336956521739
chr8	54500000	54600000	0	0.0	NA
chr8	54600000	54700000	934	232.0	0.248394004283
chr8	54700000	54800000	1252	323.0	0.257987220447
chr8	54800000	54900000	1314	373.0	0.283866057839
chr8	54900000	55000000	783	191.0	0.243933588761
chr8	55000000	55100000	2173	582.0	0.267832489646
chr8	55100000	55200000	0	0.0	NA
chr8	55200000	55300000	1246	326.0	0.261637239165
chr8	55300000	55400000	2218	628.0	0.283137962128
chr8	55400000	55500000	582	157.0	0.269759450172
chr8	55500000	55600000	0	0.0	NA
chr8	55600000	55700000	0	0.0	NA
chr8	55700000	55800000	471	116.0	0.246284501062
chr8	55800000	55900000	0	0.0	NA
chr8	55900000	56000000	0	0.0	NA
chr8	56000000	56100000	0	0.0	NA
chr8	56100000	56200000	0	0.0	NA
chr8	56200000	56300000	0	0.0	NA
chr8	56300000	56400000	0	0.0	NA
chr8	56400000	56500000	641	126.0	0.196567862715
chr8	56500000	56600000	1396	366.0	0.26217765043
chr8	56600000	56700000	437	85.0	0.194508009153
chr8	56700000	56800000	916	266.0	0.2903930131
chr8	56800000	56900000	0	0.0	NA
chr8	56900000	57000000	2447	754.0	0.308132407029
chr8	57000000	57100000	4281	969.0	0.226348983882
chr8	57100000	57200000	2225	533.0	0.239550561798
chr8	57200000	57300000	2354	667.0	0.283347493628
chr8	57300000	57400000	706	173.0	0.245042492918
chr8	57400000	57500000	626	178.0	0.284345047923
chr8	57500000	57600000	544	168.0	0.308823529412
chr8	57600000	57700000	0	0.0	NA
chr8	57700000	57800000	0	0.0	NA
chr8	57800000	57900000	1264	330.0	0.261075949367
chr8	57900000	58000000	828	243.0	0.29347826087
chr8	58000000	58100000	318	79.0	0.248427672956
chr8	58100000	58200000	674	217.0	0.321958456973
chr8	58200000	58300000	831	284.0	0.341756919374
chr8	58300000	58400000	0	0.0	NA
chr8	58400000	58500000	3195	843.0	0.263849765258
chr8	58500000	58600000	636	160.0	0.251572327044
chr8	58600000	58700000	0	0.0	NA
chr8	58700000	58800000	589	149.0	0.252971137521
chr8	58800000	58900000	2475	624.0	0.252121212121
chr8	58900000	59000000	656	188.0	0.286585365854
chr8	59000000	59100000	885	207.0	0.233898305085
chr8	59100000	59200000	1837	494.0	0.26891671203
chr8	59200000	59300000	0	0.0	NA
chr8	59300000	59400000	551	132.0	0.239564428312
chr8	59400000	59500000	3477	853.0	0.245326430831
chr8	59500000	59600000	1032	278.0	0.269379844961
chr8	59600000	59700000	0	0.0	NA
chr8	59700000	59800000	664	183.0	0.275602409639
chr8	59800000	59900000	0	0.0	NA
chr8	59900000	60000000	0	0.0	NA
chr8	60000000	60100000	3270	762.0	0.233027522936
chr8	60100000	60200000	0	0.0	NA
chr8	60200000	60300000	0	0.0	NA
chr8	60300000	60400000	0	0.0	NA
chr8	60400000	60500000	474	124.0	0.261603375527
chr8	60500000	60600000	1759	395.0	0.224559408755
chr8	60600000	60700000	0	0.0	NA
chr8	60700000	60800000	0	0.0	NA
chr8	60800000	60900000	0	0.0	NA
chr8	60900000	61000000	1824	453.0	0.248355263158
chr8	61000000	61100000	598	163.0	0.272575250836
chr8	61100000	61200000	746	198.0	0.265415549598
chr8	61200000	61300000	0	0.0	NA
chr8	61300000	61400000	0	0.0	NA
chr8	61400000	61500000	925	266.0	0.287567567568
chr8	61500000	61600000	3671	1046.0	0.284935984745
chr8	61600000	61700000	0	0.0	NA
chr8	61700000	61800000	583	169.0	0.289879931389
chr8	61800000	61900000	722	174.0	0.240997229917
chr8	61900000	62000000	0	0.0	NA
chr8	62000000	62100000	0	0.0	NA
chr8	62100000	62200000	647	197.0	0.304482225657
chr8	62200000	62300000	0	0.0	NA
chr8	62300000	62400000	0	0.0	NA
chr8	62400000	62500000	0	0.0	NA
chr8	62500000	62600000	0	0.0	NA
chr8	62600000	62700000	3486	943.0	0.270510613884
chr8	62700000	62800000	0	0.0	NA
chr8	62800000	62900000	611	178.0	0.291325695581
chr8	62900000	63000000	0	0.0	NA
chr8	63000000	63100000	0	0.0	NA
chr8	63100000	63200000	589	169.0	0.286926994907
chr8	63200000	63300000	0	0.0	NA
chr8	63300000	63400000	0	0.0	NA
chr8	63400000	63500000	0	0.0	NA
chr8	63500000	63600000	0	0.0	NA
chr8	63600000	63700000	0	0.0	NA
chr8	63700000	63800000	0	0.0	NA
chr8	63800000	63900000	0	0.0	NA
chr8	63900000	64000000	2735	778.0	0.284460694698
chr8	64000000	64100000	2346	599.0	0.255328218244
chr8	64100000	64200000	1485	370.0	0.249158249158
chr8	64200000	64300000	928	253.0	0.272629310345
chr8	64300000	64400000	0	0.0	NA
chr8	64400000	64500000	980	199.0	0.20306122449
chr8	64500000	64600000	2797	601.0	0.214873078298
chr8	64600000	64700000	0	0.0	NA
chr8	64700000	64800000	0	0.0	NA
chr8	64800000	64900000	0	0.0	NA
chr8	64900000	65000000	0	0.0	NA
chr8	65000000	65100000	0	0.0	NA
chr8	65100000	65200000	0	0.0	NA
chr8	65200000	65300000	1560	180.0	0.115384615385
chr8	65300000	65400000	922	215.0	0.233188720174
chr8	65400000	65500000	2131	354.0	0.166119192867
chr8	65500000	65600000	0	0.0	NA
chr8	65600000	65700000	0	0.0	NA
chr8	65700000	65800000	1255	375.0	0.298804780876
chr8	65800000	65900000	0	0.0	NA
chr8	65900000	66000000	0	0.0	NA
chr8	66000000	66100000	1059	169.0	0.159584513692
chr8	66100000	66200000	0	0.0	NA
chr8	66200000	66300000	0	0.0	NA
chr8	66300000	66400000	0	0.0	NA
chr8	66400000	66500000	1237	292.0	0.236054971706
chr8	66500000	66600000	4152	977.0	0.235308285164
chr8	66600000	66700000	780	196.0	0.251282051282
chr8	66700000	66800000	1422	306.0	0.215189873418
chr8	66800000	66900000	0	0.0	NA
chr8	66900000	67000000	538	128.0	0.237918215613
chr8	67000000	67100000	5662	1319.0	0.232956552455
chr8	67100000	67200000	1121	286.0	0.255129348796
chr8	67200000	67300000	0	0.0	NA
chr8	67300000	67400000	2723	576.0	0.211531399192
chr8	67400000	67500000	2149	442.0	0.205677059097
chr8	67500000	67600000	3026	482.0	0.159286186385
chr8	67600000	67700000	0	0.0	NA
chr8	67700000	67800000	1472	379.0	0.257472826087
chr8	67800000	67900000	1471	410.0	0.278721957852
chr8	67900000	68000000	1537	417.0	0.271307742355
chr8	68000000	68100000	0	0.0	NA
chr8	68100000	68200000	0	0.0	NA
chr8	68200000	68300000	785	164.0	0.208917197452
chr8	68300000	68400000	0	0.0	NA
chr8	68400000	68500000	0	0.0	NA
chr8	68500000	68600000	0	0.0	NA
chr8	68600000	68700000	687	170.0	0.247452692868
chr8	68700000	68800000	0	0.0	NA
chr8	68800000	68900000	873	154.0	0.176403207331
chr8	68900000	69000000	0	0.0	NA
chr8	69000000	69100000	0	0.0	NA
chr8	69100000	69200000	421	87.0	0.206650831354
chr8	69200000	69300000	996	229.0	0.229919678715
chr8	69300000	69400000	0	0.0	NA
chr8	69400000	69500000	0	0.0	NA
chr8	69500000	69600000	0	0.0	NA
chr8	69600000	69700000	0	0.0	NA
chr8	69700000	69800000	2014	455.0	0.22591857001
chr8	69800000	69900000	668	173.0	0.258982035928
chr8	69900000	70000000	0	0.0	NA
chr8	70000000	70100000	4667	949.0	0.203342618384
chr8	70100000	70200000	0	0.0	NA
chr8	70200000	70300000	0	0.0	NA
chr8	70300000	70400000	1952	242.0	0.123975409836
chr8	70400000	70500000	0	0.0	NA
chr8	70500000	70600000	803	220.0	0.27397260274
chr8	70600000	70700000	0	0.0	NA
chr8	70700000	70800000	479	103.0	0.21503131524
chr8	70800000	70900000	725	159.0	0.219310344828
chr8	70900000	71000000	1748	486.0	0.278032036613
chr8	71000000	71100000	908	220.0	0.242290748899
chr8	71100000	71200000	0	0.0	NA
chr8	71200000	71300000	0	0.0	NA
chr8	71300000	71400000	2090	464.0	0.222009569378
chr8	71400000	71500000	440	122.0	0.277272727273
chr8	71500000	71600000	1696	399.0	0.235259433962
chr8	71600000	71700000	235	69.0	0.293617021277
chr8	71700000	71800000	0	0.0	NA
chr8	71800000	71900000	0	0.0	NA
chr8	71900000	72000000	0	0.0	NA
chr8	72000000	72100000	940	247.0	0.262765957447
chr8	72100000	72200000	0	0.0	NA
chr8	72200000	72300000	0	0.0	NA
chr8	72300000	72400000	0	0.0	NA
chr8	72400000	72500000	816	182.0	0.223039215686
chr8	72500000	72600000	298	82.0	0.275167785235
chr8	72600000	72700000	1753	417.0	0.23787792356
chr8	72700000	72800000	4016	1087.0	0.270667330677
chr8	72800000	72900000	0	0.0	NA
chr8	72900000	73000000	0	0.0	NA
chr8	73000000	73100000	0	0.0	NA
chr8	73100000	73200000	2188	586.0	0.267824497258
chr8	73200000	73300000	1112	304.0	0.273381294964
chr8	73300000	73400000	1220	318.0	0.260655737705
chr8	73400000	73500000	310	98.0	0.316129032258
chr8	73500000	73600000	0	0.0	NA
chr8	73600000	73700000	0	0.0	NA
chr8	73700000	73800000	0	0.0	NA
chr8	73800000	73900000	1984	362.0	0.182459677419
chr8	73900000	74000000	3211	844.0	0.262846465276
chr8	74000000	74100000	624	175.0	0.280448717949
chr8	74100000	74200000	543	144.0	0.265193370166
chr8	74200000	74300000	3461	926.0	0.267552730425
chr8	74300000	74400000	981	207.0	0.211009174312
chr8	74400000	74500000	0	0.0	NA
chr8	74500000	74600000	0	0.0	NA
chr8	74600000	74700000	0	0.0	NA
chr8	74700000	74800000	928	248.0	0.26724137931
chr8	74800000	74900000	1532	443.0	0.289164490862
chr8	74900000	75000000	1903	482.0	0.253284287966
chr8	75000000	75100000	2268	519.0	0.228835978836
chr8	75100000	75200000	2529	615.0	0.243179122183
chr8	75200000	75300000	3507	813.0	0.231822070145
chr8	75300000	75400000	0	0.0	NA
chr8	75400000	75500000	1661	436.0	0.262492474413
chr8	75500000	75600000	0	0.0	NA
chr8	75600000	75700000	0	0.0	NA
chr8	75700000	75800000	0	0.0	NA
chr8	75800000	75900000	1388	356.0	0.256484149856
chr8	75900000	76000000	702	173.0	0.246438746439
chr8	76000000	76100000	669	176.0	0.26307922272
chr8	76100000	76200000	222	59.0	0.265765765766
chr8	76200000	76300000	0	0.0	NA
chr8	76300000	76400000	812	256.0	0.315270935961
chr8	76400000	76500000	75	18.0	0.24
chr8	76500000	76600000	0	0.0	NA
chr8	76600000	76700000	0	0.0	NA
chr8	76700000	76800000	0	0.0	NA
chr8	76800000	76900000	1707	413.0	0.24194493263
chr8	76900000	77000000	0	0.0	NA
chr8	77000000	77100000	0	0.0	NA
chr8	77100000	77200000	859	217.0	0.252619324796
chr8	77200000	77300000	0	0.0	NA
chr8	77300000	77400000	996	52.0	0.0522088353414
chr8	77400000	77500000	2829	554.0	0.195828914811
chr8	77500000	77600000	850	143.0	0.168235294118
chr8	77600000	77700000	0	0.0	NA
chr8	77700000	77800000	981	177.0	0.180428134557
chr8	77800000	77900000	4045	1098.0	0.271446229913
chr8	77900000	78000000	814	232.0	0.285012285012
chr8	78000000	78100000	0	0.0	NA
chr8	78100000	78200000	709	233.0	0.328631875882
chr8	78200000	78300000	0	0.0	NA
chr8	78300000	78400000	980	160.0	0.163265306122
chr8	78400000	78500000	957	227.0	0.237199582027
chr8	78500000	78600000	0	0.0	NA
chr8	78600000	78700000	0	0.0	NA
chr8	78700000	78800000	0	0.0	NA
chr8	78800000	78900000	0	0.0	NA
chr8	78900000	79000000	0	0.0	NA
chr8	79000000	79100000	1526	435.0	0.28505897772
chr8	79100000	79200000	0	0.0	NA
chr8	79200000	79300000	0	0.0	NA
chr8	79300000	79400000	221	66.0	0.298642533937
chr8	79400000	79500000	0	0.0	NA
chr8	79500000	79600000	3045	828.0	0.271921182266
chr8	79600000	79700000	3036	708.0	0.233201581028
chr8	79700000	79800000	1756	411.0	0.234054669704
chr8	79800000	79900000	0	0.0	NA
chr8	79900000	80000000	0	0.0	NA
chr8	80000000	80100000	1015	200.0	0.197044334975
chr8	80100000	80200000	0	0.0	NA
chr8	80200000	80300000	447	129.0	0.288590604027
chr8	80300000	80400000	0	0.0	NA
chr8	80400000	80500000	0	0.0	NA
chr8	80500000	80600000	1939	436.0	0.224858174317
chr8	80600000	80700000	1560	350.0	0.224358974359
chr8	80700000	80800000	563	105.0	0.186500888099
chr8	80800000	80900000	901	221.0	0.245283018868
chr8	80900000	81000000	0	0.0	NA
chr8	81000000	81100000	293	114.0	0.389078498294
chr8	81100000	81200000	1315	327.0	0.248669201521
chr8	81200000	81300000	0	0.0	NA
chr8	81300000	81400000	1227	315.0	0.256723716381
chr8	81400000	81500000	3936	1048.0	0.266260162602
chr8	81500000	81600000	2750	644.0	0.234181818182
chr8	81600000	81700000	0	0.0	NA
chr8	81700000	81800000	438	130.0	0.296803652968
chr8	81800000	81900000	957	278.0	0.290491118077
chr8	81900000	82000000	0	0.0	NA
chr8	82000000	82100000	2435	527.0	0.216427104723
chr8	82100000	82200000	3018	763.0	0.252816434725
chr8	82200000	82300000	0	0.0	NA
chr8	82300000	82400000	0	0.0	NA
chr8	82400000	82500000	779	224.0	0.287548138639
chr8	82500000	82600000	0	0.0	NA
chr8	82600000	82700000	2910	826.0	0.283848797251
chr8	82700000	82800000	924	215.0	0.232683982684
chr8	82800000	82900000	77	23.0	0.298701298701
chr8	82900000	83000000	0	0.0	NA
chr8	83000000	83100000	839	152.0	0.181168057211
chr8	83100000	83200000	0	0.0	NA
chr8	83200000	83300000	0	0.0	NA
chr8	83300000	83400000	0	0.0	NA
chr8	83400000	83500000	948	204.0	0.215189873418
chr8	83500000	83600000	901	201.0	0.223085460599
chr8	83600000	83700000	0	0.0	NA
chr8	83700000	83800000	762	190.0	0.249343832021
chr8	83800000	83900000	0	0.0	NA
chr8	83900000	84000000	0	0.0	NA
chr8	84000000	84100000	0	0.0	NA
chr8	84100000	84200000	0	0.0	NA
chr8	84200000	84300000	0	0.0	NA
chr8	84300000	84400000	966	236.0	0.244306418219
chr8	84400000	84500000	0	0.0	NA
chr8	84500000	84600000	0	0.0	NA
chr8	84600000	84700000	0	0.0	NA
chr8	84700000	84800000	0	0.0	NA
chr8	84800000	84900000	0	0.0	NA
chr8	84900000	85000000	0	0.0	NA
chr8	85000000	85100000	876	271.0	0.309360730594
chr8	85100000	85200000	0	0.0	NA
chr8	85200000	85300000	0	0.0	NA
chr8	85300000	85400000	0	0.0	NA
chr8	85400000	85500000	0	0.0	NA
chr8	85500000	85600000	0	0.0	NA
chr8	85600000	85700000	0	0.0	NA
chr8	85700000	85800000	0	0.0	NA
chr8	85800000	85900000	907	234.0	0.257993384785
chr8	85900000	86000000	0	0.0	NA
chr8	86000000	86100000	2198	666.0	0.303002729754
chr8	86100000	86200000	905	299.0	0.330386740331
chr8	86200000	86300000	0	0.0	NA
chr8	86300000	86400000	0	0.0	NA
chr8	86400000	86500000	1750	470.0	0.268571428571
chr8	86500000	86600000	0	0.0	NA
chr8	86600000	86700000	0	0.0	NA
chr8	86700000	86800000	0	0.0	NA
chr8	86800000	86900000	760	210.0	0.276315789474
chr8	86900000	87000000	302	67.0	0.221854304636
chr8	87000000	87100000	1090	292.0	0.267889908257
chr8	87100000	87200000	1314	339.0	0.25799086758
chr8	87200000	87300000	1626	454.0	0.279212792128
chr8	87300000	87400000	0	0.0	NA
chr8	87400000	87500000	1604	433.0	0.269950124688
chr8	87500000	87600000	2212	597.0	0.269891500904
chr8	87600000	87700000	0	0.0	NA
chr8	87700000	87800000	150	43.0	0.286666666667
chr8	87800000	87900000	794	173.0	0.217884130982
chr8	87900000	88000000	0	0.0	NA
chr8	88000000	88100000	0	0.0	NA
chr8	88100000	88200000	0	0.0	NA
chr8	88200000	88300000	0	0.0	NA
chr8	88300000	88400000	937	234.0	0.249733191035
chr8	88400000	88500000	0	0.0	NA
chr8	88500000	88600000	0	0.0	NA
chr8	88600000	88700000	0	0.0	NA
chr8	88700000	88800000	0	0.0	NA
chr8	88800000	88900000	870	218.0	0.250574712644
chr8	88900000	89000000	968	216.0	0.223140495868
chr8	89000000	89100000	1360	365.0	0.268382352941
chr8	89100000	89200000	0	0.0	NA
chr8	89200000	89300000	0	0.0	NA
chr8	89300000	89400000	0	0.0	NA
chr8	89400000	89500000	0	0.0	NA
chr8	89500000	89600000	0	0.0	NA
chr8	89600000	89700000	0	0.0	NA
chr8	89700000	89800000	616	160.0	0.25974025974
chr8	89800000	89900000	1878	479.0	0.25505857295
chr8	89900000	90000000	0	0.0	NA
chr8	90000000	90100000	0	0.0	NA
chr8	90100000	90200000	0	0.0	NA
chr8	90200000	90300000	0	0.0	NA
chr8	90300000	90400000	0	0.0	NA
chr8	90400000	90500000	0	0.0	NA
chr8	90500000	90600000	0	0.0	NA
chr8	90600000	90700000	0	0.0	NA
chr8	90700000	90800000	972	273.0	0.280864197531
chr8	90800000	90900000	613	134.0	0.218597063622
chr8	90900000	91000000	997	333.0	0.334002006018
chr8	91000000	91100000	617	173.0	0.28038897893
chr8	91100000	91200000	0	0.0	NA
chr8	91200000	91300000	952	221.0	0.232142857143
chr8	91300000	91400000	0	0.0	NA
chr8	91400000	91500000	2646	647.0	0.244520030234
chr8	91500000	91600000	2217	613.0	0.27649977447
chr8	91600000	91700000	1784	464.0	0.260089686099
chr8	91700000	91800000	0	0.0	NA
chr8	91800000	91900000	0	0.0	NA
chr8	91900000	92000000	0	0.0	NA
chr8	92000000	92100000	3480	1011.0	0.290517241379
chr8	92100000	92200000	1247	316.0	0.253408179631
chr8	92200000	92300000	0	0.0	NA
chr8	92300000	92400000	0	0.0	NA
chr8	92400000	92500000	913	227.0	0.248630887185
chr8	92500000	92600000	643	185.0	0.287713841369
chr8	92600000	92700000	0	0.0	NA
chr8	92700000	92800000	0	0.0	NA
chr8	92800000	92900000	0	0.0	NA
chr8	92900000	93000000	1889	446.0	0.236103758602
chr8	93000000	93100000	0	0.0	NA
chr8	93100000	93200000	1696	232.0	0.13679245283
chr8	93200000	93300000	0	0.0	NA
chr8	93300000	93400000	0	0.0	NA
chr8	93400000	93500000	2640	774.0	0.293181818182
chr8	93500000	93600000	2717	704.0	0.259109311741
chr8	93600000	93700000	1279	296.0	0.231430805317
chr8	93700000	93800000	0	0.0	NA
chr8	93800000	93900000	1758	321.0	0.182593856655
chr8	93900000	94000000	0	0.0	NA
chr8	94000000	94100000	1596	392.0	0.245614035088
chr8	94100000	94200000	1819	448.0	0.246289169874
chr8	94200000	94300000	406	118.0	0.290640394089
chr8	94300000	94400000	0	0.0	NA
chr8	94400000	94500000	0	0.0	NA
chr8	94500000	94600000	0	0.0	NA
chr8	94600000	94700000	0	0.0	NA
chr8	94700000	94800000	2048	547.0	0.26708984375
chr8	94800000	94900000	1752	532.0	0.303652968037
chr8	94900000	95000000	2298	698.0	0.303742384682
chr8	95000000	95100000	0	0.0	NA
chr8	95100000	95200000	830	217.0	0.261445783133
chr8	95200000	95300000	1881	545.0	0.289739500266
chr8	95300000	95400000	430	92.0	0.213953488372
chr8	95400000	95500000	757	186.0	0.24570673712
chr8	95500000	95600000	1080	274.0	0.253703703704
chr8	95600000	95700000	265	62.0	0.233962264151
chr8	95700000	95800000	1377	367.0	0.266521423384
chr8	95800000	95900000	1066	310.0	0.290806754221
chr8	95900000	96000000	0	0.0	NA
chr8	96000000	96100000	0	0.0	NA
chr8	96100000	96200000	393	119.0	0.302798982188
chr8	96200000	96300000	0	0.0	NA
chr8	96300000	96400000	0	0.0	NA
chr8	96400000	96500000	0	0.0	NA
chr8	96500000	96600000	0	0.0	NA
chr8	96600000	96700000	0	0.0	NA
chr8	96700000	96800000	0	0.0	NA
chr8	96800000	96900000	361	95.0	0.263157894737
chr8	96900000	97000000	1052	261.0	0.248098859316
chr8	97000000	97100000	461	112.0	0.24295010846
chr8	97100000	97200000	2073	564.0	0.272069464544
chr8	97200000	97300000	2715	733.0	0.269981583794
chr8	97300000	97400000	1601	456.0	0.284821986259
chr8	97400000	97500000	0	0.0	NA
chr8	97500000	97600000	801	168.0	0.209737827715
chr8	97600000	97700000	1254	353.0	0.281499202552
chr8	97700000	97800000	0	0.0	NA
chr8	97800000	97900000	0	0.0	NA
chr8	97900000	98000000	0	0.0	NA
chr8	98000000	98100000	0	0.0	NA
chr8	98100000	98200000	0	0.0	NA
chr8	98200000	98300000	0	0.0	NA
chr8	98300000	98400000	0	0.0	NA
chr8	98400000	98500000	0	0.0	NA
chr8	98500000	98600000	0	0.0	NA
chr8	98600000	98700000	162	57.0	0.351851851852
chr8	98700000	98800000	1043	282.0	0.270373921381
chr8	98800000	98900000	1555	327.0	0.210289389068
chr8	98900000	99000000	0	0.0	NA
chr8	99000000	99100000	682	221.0	0.324046920821
chr8	99100000	99200000	3392	889.0	0.262087264151
chr8	99200000	99300000	982	175.0	0.178207739308
chr8	99300000	99400000	1170	325.0	0.277777777778
chr8	99400000	99500000	6709	1775.0	0.264569980623
chr8	99500000	99600000	0	0.0	NA
chr8	99600000	99700000	0	0.0	NA
chr8	99700000	99800000	0	0.0	NA
chr8	99800000	99900000	0	0.0	NA
chr8	99900000	100000000	5294	1033.0	0.195126558368
chr8	100000000	100100000	2101	498.0	0.237029985721
chr8	100100000	100200000	0	0.0	NA
chr8	100200000	100300000	0	0.0	NA
chr8	100300000	100400000	0	0.0	NA
chr8	100400000	100500000	0	0.0	NA
chr8	100500000	100600000	0	0.0	NA
chr8	100600000	100700000	0	0.0	NA
chr8	100700000	100800000	0	0.0	NA
chr8	100800000	100900000	1230	276.0	0.224390243902
chr8	100900000	101000000	1466	367.0	0.25034106412
chr8	101000000	101100000	0	0.0	NA
chr8	101100000	101200000	3634	1005.0	0.276554760594
chr8	101200000	101300000	570	124.0	0.217543859649
chr8	101300000	101400000	1939	400.0	0.206291903043
chr8	101400000	101500000	2776	789.0	0.284221902017
chr8	101500000	101600000	2104	497.0	0.236216730038
chr8	101600000	101700000	1307	383.0	0.293037490436
chr8	101700000	101800000	2008	512.0	0.254980079681
chr8	101800000	101900000	351	76.0	0.216524216524
chr8	101900000	102000000	2929	728.0	0.24854899283
chr8	102000000	102100000	1922	443.0	0.230489073881
chr8	102100000	102200000	7025	2093.0	0.29793594306
chr8	102200000	102300000	3802	990.0	0.260389268806
chr8	102300000	102400000	2837	716.0	0.252379273881
chr8	102400000	102500000	3908	994.0	0.254350051177
chr8	102500000	102600000	0	0.0	NA
chr8	102600000	102700000	1367	412.0	0.301389904901
chr8	102700000	102800000	0	0.0	NA
chr8	102800000	102900000	0	0.0	NA
chr8	102900000	103000000	0	0.0	NA
chr8	103000000	103100000	0	0.0	NA
chr8	103100000	103200000	1734	427.0	0.246251441753
chr8	103200000	103300000	1746	522.0	0.298969072165
chr8	103300000	103400000	0	0.0	NA
chr8	103400000	103500000	616	104.0	0.168831168831
chr8	103500000	103600000	2616	727.0	0.277905198777
chr8	103600000	103700000	1819	301.0	0.165475536009
chr8	103700000	103800000	1357	326.0	0.240235814296
chr8	103800000	103900000	446	124.0	0.27802690583
chr8	103900000	104000000	206	42.0	0.203883495146
chr8	104000000	104100000	2515	568.0	0.225844930417
chr8	104100000	104200000	951	246.0	0.258675078864
chr8	104200000	104300000	0	0.0	NA
chr8	104300000	104400000	3332	667.0	0.200180072029
chr8	104400000	104500000	3077	668.0	0.217094572636
chr8	104500000	104600000	0	0.0	NA
chr8	104600000	104700000	0	0.0	NA
chr8	104700000	104800000	0	0.0	NA
chr8	104800000	104900000	0	0.0	NA
chr8	104900000	105000000	0	0.0	NA
chr8	105000000	105100000	0	0.0	NA
chr8	105100000	105200000	0	0.0	NA
chr8	105200000	105300000	0	0.0	NA
chr8	105300000	105400000	2401	598.0	0.249062890462
chr8	105400000	105500000	2093	504.0	0.240802675585
chr8	105500000	105600000	897	204.0	0.227424749164
chr8	105600000	105700000	1939	492.0	0.253739040743
chr8	105700000	105800000	3168	737.0	0.232638888889
chr8	105800000	105900000	0	0.0	NA
chr8	105900000	106000000	0	0.0	NA
chr8	106000000	106100000	0	0.0	NA
chr8	106100000	106200000	881	131.0	0.148694665153
chr8	106200000	106300000	0	0.0	NA
chr8	106300000	106400000	233	69.0	0.296137339056
chr8	106400000	106500000	0	0.0	NA
chr8	106500000	106600000	0	0.0	NA
chr8	106600000	106700000	0	0.0	NA
chr8	106700000	106800000	0	0.0	NA
chr8	106800000	106900000	0	0.0	NA
chr8	106900000	107000000	0	0.0	NA
chr8	107000000	107100000	0	0.0	NA
chr8	107100000	107200000	0	0.0	NA
chr8	107200000	107300000	1459	405.0	0.277587388622
chr8	107300000	107400000	0	0.0	NA
chr8	107400000	107500000	0	0.0	NA
chr8	107500000	107600000	0	0.0	NA
chr8	107600000	107700000	0	0.0	NA
chr8	107700000	107800000	1645	386.0	0.234650455927
chr8	107800000	107900000	0	0.0	NA
chr8	107900000	108000000	0	0.0	NA
chr8	108000000	108100000	0	0.0	NA
chr8	108100000	108200000	0	0.0	NA
chr8	108200000	108300000	966	246.0	0.254658385093
chr8	108300000	108400000	0	0.0	NA
chr8	108400000	108500000	0	0.0	NA
chr8	108500000	108600000	945	175.0	0.185185185185
chr8	108600000	108700000	0	0.0	NA
chr8	108700000	108800000	0	0.0	NA
chr8	108800000	108900000	1596	353.0	0.221177944862
chr8	108900000	109000000	840	212.0	0.252380952381
chr8	109000000	109100000	952	226.0	0.237394957983
chr8	109100000	109200000	0	0.0	NA
chr8	109200000	109300000	1632	476.0	0.291666666667
chr8	109300000	109400000	0	0.0	NA
chr8	109400000	109500000	729	187.0	0.256515775034
chr8	109500000	109600000	1112	276.0	0.248201438849
chr8	109600000	109700000	0	0.0	NA
chr8	109700000	109800000	64	28.0	0.4375
chr8	109800000	109900000	1268	305.0	0.240536277603
chr8	109900000	110000000	262	67.0	0.25572519084
chr8	110000000	110100000	1736	470.0	0.270737327189
chr8	110100000	110200000	969	194.0	0.200206398349
chr8	110200000	110300000	0	0.0	NA
chr8	110300000	110400000	1326	268.0	0.202111613876
chr8	110400000	110500000	0	0.0	NA
chr8	110500000	110600000	2482	682.0	0.274778404512
chr8	110600000	110700000	0	0.0	NA
chr8	110700000	110800000	905	248.0	0.274033149171
chr8	110800000	110900000	1447	357.0	0.246717346234
chr8	110900000	111000000	1715	447.0	0.260641399417
chr8	111000000	111100000	0	0.0	NA
chr8	111100000	111200000	0	0.0	NA
chr8	111200000	111300000	0	0.0	NA
chr8	111300000	111400000	1721	464.0	0.269610691458
chr8	111400000	111500000	0	0.0	NA
chr8	111500000	111600000	0	0.0	NA
chr8	111600000	111700000	1137	259.0	0.227792436236
chr8	111700000	111800000	0	0.0	NA
chr8	111800000	111900000	0	0.0	NA
chr8	111900000	112000000	495	161.0	0.325252525253
chr8	112000000	112100000	643	163.0	0.253499222395
chr8	112100000	112200000	971	253.0	0.260556127703
chr8	112200000	112300000	0	0.0	NA
chr8	112300000	112400000	0	0.0	NA
chr8	112400000	112500000	0	0.0	NA
chr8	112500000	112600000	0	0.0	NA
chr8	112600000	112700000	0	0.0	NA
chr8	112700000	112800000	0	0.0	NA
chr8	112800000	112900000	0	0.0	NA
chr8	112900000	113000000	0	0.0	NA
chr8	113000000	113100000	0	0.0	NA
chr8	113100000	113200000	1632	479.0	0.293504901961
chr8	113200000	113300000	709	149.0	0.210155148096
chr8	113300000	113400000	0	0.0	NA
chr8	113400000	113500000	0	0.0	NA
chr8	113500000	113600000	0	0.0	NA
chr8	113600000	113700000	0	0.0	NA
chr8	113700000	113800000	0	0.0	NA
chr8	113800000	113900000	0	0.0	NA
chr8	113900000	114000000	0	0.0	NA
chr8	114000000	114100000	0	0.0	NA
chr8	114100000	114200000	0	0.0	NA
chr8	114200000	114300000	0	0.0	NA
chr8	114300000	114400000	0	0.0	NA
chr8	114400000	114500000	957	154.0	0.16091954023
chr8	114500000	114600000	0	0.0	NA
chr8	114600000	114700000	915	235.0	0.256830601093
chr8	114700000	114800000	0	0.0	NA
chr8	114800000	114900000	0	0.0	NA
chr8	114900000	115000000	492	123.0	0.25
chr8	115000000	115100000	0	0.0	NA
chr8	115100000	115200000	0	0.0	NA
chr8	115200000	115300000	0	0.0	NA
chr8	115300000	115400000	574	146.0	0.254355400697
chr8	115400000	115500000	0	0.0	NA
chr8	115500000	115600000	0	0.0	NA
chr8	115600000	115700000	0	0.0	NA
chr8	115700000	115800000	0	0.0	NA
chr8	115800000	115900000	0	0.0	NA
chr8	115900000	116000000	0	0.0	NA
chr8	116000000	116100000	0	0.0	NA
chr8	116100000	116200000	0	0.0	NA
chr8	116200000	116300000	0	0.0	NA
chr8	116300000	116400000	0	0.0	NA
chr8	116400000	116500000	279	72.0	0.258064516129
chr8	116500000	116600000	0	0.0	NA
chr8	116600000	116700000	631	114.0	0.180665610143
chr8	116700000	116800000	0	0.0	NA
chr8	116800000	116900000	0	0.0	NA
chr8	116900000	117000000	554	104.0	0.187725631769
chr8	117000000	117100000	0	0.0	NA
chr8	117100000	117200000	0	0.0	NA
chr8	117200000	117300000	0	0.0	NA
chr8	117300000	117400000	829	190.0	0.229191797346
chr8	117400000	117500000	1234	301.0	0.243922204214
chr8	117500000	117600000	0	0.0	NA
chr8	117600000	117700000	604	154.0	0.254966887417
chr8	117700000	117800000	1516	450.0	0.296833773087
chr8	117800000	117900000	0	0.0	NA
chr8	117900000	118000000	1830	501.0	0.273770491803
chr8	118000000	118100000	0	0.0	NA
chr8	118100000	118200000	993	186.0	0.187311178248
chr8	118200000	118300000	0	0.0	NA
chr8	118300000	118400000	822	242.0	0.294403892944
chr8	118400000	118500000	0	0.0	NA
chr8	118500000	118600000	1317	329.0	0.249810174639
chr8	118600000	118700000	0	0.0	NA
chr8	118700000	118800000	0	0.0	NA
chr8	118800000	118900000	962	229.0	0.238045738046
chr8	118900000	119000000	0	0.0	NA
chr8	119000000	119100000	0	0.0	NA
chr8	119100000	119200000	526	173.0	0.328897338403
chr8	119200000	119300000	988	170.0	0.172064777328
chr8	119300000	119400000	0	0.0	NA
chr8	119400000	119500000	0	0.0	NA
chr8	119500000	119600000	0	0.0	NA
chr8	119600000	119700000	0	0.0	NA
chr8	119700000	119800000	314	41.0	0.130573248408
chr8	119800000	119900000	0	0.0	NA
chr8	119900000	120000000	423	98.0	0.231678486998
chr8	120000000	120100000	0	0.0	NA
chr8	120100000	120200000	579	147.0	0.253886010363
chr8	120200000	120300000	710	177.0	0.249295774648
chr8	120300000	120400000	528	138.0	0.261363636364
chr8	120400000	120500000	835	224.0	0.268263473054
chr8	120500000	120600000	612	145.0	0.236928104575
chr8	120600000	120700000	910	252.0	0.276923076923
chr8	120700000	120800000	928	234.0	0.252155172414
chr8	120800000	120900000	1705	518.0	0.303812316716
chr8	120900000	121000000	0	0.0	NA
chr8	121000000	121100000	2035	558.0	0.274201474201
chr8	121100000	121200000	625	159.0	0.2544
chr8	121200000	121300000	0	0.0	NA
chr8	121300000	121400000	754	215.0	0.285145888594
chr8	121400000	121500000	948	261.0	0.275316455696
chr8	121500000	121600000	754	184.0	0.244031830239
chr8	121600000	121700000	0	0.0	NA
chr8	121700000	121800000	0	0.0	NA
chr8	121800000	121900000	889	219.0	0.246344206974
chr8	121900000	122000000	619	149.0	0.24071082391
chr8	122000000	122100000	0	0.0	NA
chr8	122100000	122200000	1649	363.0	0.22013341419
chr8	122200000	122300000	129	45.0	0.348837209302
chr8	122300000	122400000	0	0.0	NA
chr8	122400000	122500000	0	0.0	NA
chr8	122500000	122600000	0	0.0	NA
chr8	122600000	122700000	1459	357.0	0.244688142563
chr8	122700000	122800000	951	191.0	0.200841219769
chr8	122800000	122900000	450	112.0	0.248888888889
chr8	122900000	123000000	1172	274.0	0.233788395904
chr8	123000000	123100000	0	0.0	NA
chr8	123100000	123200000	720	185.0	0.256944444444
chr8	123200000	123300000	0	0.0	NA
chr8	123300000	123400000	0	0.0	NA
chr8	123400000	123500000	927	180.0	0.194174757282
chr8	123500000	123600000	957	286.0	0.298850574713
chr8	123600000	123700000	0	0.0	NA
chr8	123700000	123800000	4368	949.0	0.217261904762
chr8	123800000	123900000	0	0.0	NA
chr8	123900000	124000000	1604	399.0	0.248753117207
chr8	124000000	124100000	2765	730.0	0.264014466546
chr8	124100000	124200000	682	194.0	0.284457478006
chr8	124200000	124300000	2302	651.0	0.282797567333
chr8	124300000	124400000	413	89.0	0.215496368039
chr8	124400000	124500000	1518	391.0	0.257575757576
chr8	124500000	124600000	2510	643.0	0.256175298805
chr8	124600000	124700000	3268	793.0	0.242656058752
chr8	124700000	124800000	948	269.0	0.283755274262
chr8	124800000	124900000	755	183.0	0.24238410596
chr8	124900000	125000000	0	0.0	NA
chr8	125000000	125100000	0	0.0	NA
chr8	125100000	125200000	192	47.0	0.244791666667
chr8	125200000	125300000	3496	921.0	0.263443935927
chr8	125300000	125400000	1136	293.0	0.257922535211
chr8	125400000	125500000	2511	598.0	0.238152130625
chr8	125500000	125600000	1836	521.0	0.283769063181
chr8	125600000	125700000	0	0.0	NA
chr8	125700000	125800000	783	158.0	0.201787994891
chr8	125800000	125900000	301	93.0	0.308970099668
chr8	125900000	126000000	1628	437.0	0.268427518428
chr8	126000000	126100000	2547	734.0	0.288182175108
chr8	126100000	126200000	0	0.0	NA
chr8	126200000	126300000	0	0.0	NA
chr8	126300000	126400000	443	85.0	0.191873589165
chr8	126400000	126500000	3359	813.0	0.242036320333
chr8	126500000	126600000	2717	672.0	0.247331615753
chr8	126600000	126700000	0	0.0	NA
chr8	126700000	126800000	633	172.0	0.271721958926
chr8	126800000	126900000	0	0.0	NA
chr8	126900000	127000000	2024	576.0	0.284584980237
chr8	127000000	127100000	493	136.0	0.275862068966
chr8	127100000	127200000	0	0.0	NA
chr8	127200000	127300000	0	0.0	NA
chr8	127300000	127400000	1430	370.0	0.258741258741
chr8	127400000	127500000	583	159.0	0.272727272727
chr8	127500000	127600000	6381	1587.0	0.248707099201
chr8	127600000	127700000	0	0.0	NA
chr8	127700000	127800000	0	0.0	NA
chr8	127800000	127900000	0	0.0	NA
chr8	127900000	128000000	0	0.0	NA
chr8	128000000	128100000	0	0.0	NA
chr8	128100000	128200000	0	0.0	NA
chr8	128200000	128300000	0	0.0	NA
chr8	128300000	128400000	0	0.0	NA
chr8	128400000	128500000	898	216.0	0.240534521158
chr8	128500000	128600000	0	0.0	NA
chr8	128600000	128700000	787	223.0	0.283354510801
chr8	128700000	128800000	2258	566.0	0.250664304694
chr8	128800000	128900000	469	144.0	0.307036247335
chr8	128900000	129000000	0	0.0	NA
chr8	129000000	129100000	0	0.0	NA
chr8	129100000	129200000	2609	730.0	0.27980068992
chr8	129200000	129300000	1777	455.0	0.256049521666
chr8	129300000	129400000	0	0.0	NA
chr8	129400000	129500000	984	224.0	0.227642276423
chr8	129500000	129600000	645	154.0	0.238759689922
chr8	129600000	129700000	246	57.0	0.231707317073
chr8	129700000	129800000	0	0.0	NA
chr8	129800000	129900000	0	0.0	NA
chr8	129900000	130000000	782	181.0	0.231457800512
chr8	130000000	130100000	578	166.0	0.287197231834
chr8	130100000	130200000	0	0.0	NA
chr8	130200000	130300000	0	0.0	NA
chr8	130300000	130400000	0	0.0	NA
chr8	130400000	130500000	0	0.0	NA
chr8	130500000	130600000	0	0.0	NA
chr8	130600000	130700000	1681	437.0	0.25996430696
chr8	130700000	130800000	1202	318.0	0.26455906822
chr8	130800000	130900000	0	0.0	NA
chr8	130900000	131000000	0	0.0	NA
chr8	131000000	131100000	1198	373.0	0.311352253756
chr8	131100000	131200000	0	0.0	NA
chr8	131200000	131300000	0	0.0	NA
chr8	131300000	131400000	0	0.0	NA
chr8	131400000	131500000	635	208.0	0.327559055118
chr8	131500000	131600000	0	0.0	NA
chr8	131600000	131700000	689	178.0	0.258345428157
chr8	131700000	131800000	750	237.0	0.316
chr8	131800000	131900000	0	0.0	NA
chr8	131900000	132000000	0	0.0	NA
chr8	132000000	132100000	976	214.0	0.219262295082
chr8	132100000	132200000	957	233.0	0.243469174504
chr8	132200000	132300000	0	0.0	NA
chr8	132300000	132400000	829	236.0	0.284680337756
chr8	132400000	132500000	85	15.0	0.176470588235
chr8	132500000	132600000	0	0.0	NA
chr8	132600000	132700000	0	0.0	NA
chr8	132700000	132800000	0	0.0	NA
chr8	132800000	132900000	1882	552.0	0.293304994687
chr8	132900000	133000000	890	271.0	0.304494382022
chr8	133000000	133100000	1176	329.0	0.279761904762
chr8	133100000	133200000	666	157.0	0.235735735736
chr8	133200000	133300000	0	0.0	NA
chr8	133300000	133400000	0	0.0	NA
chr8	133400000	133500000	311	110.0	0.353697749196
chr8	133500000	133600000	191	54.0	0.282722513089
chr8	133600000	133700000	2208	608.0	0.275362318841
chr8	133700000	133800000	2670	692.0	0.259176029963
chr8	133800000	133900000	1711	502.0	0.293395675044
chr8	133900000	134000000	0	0.0	NA
chr8	134000000	134100000	0	0.0	NA
chr8	134100000	134200000	964	294.0	0.304979253112
chr8	134200000	134300000	1637	528.0	0.322541233965
chr8	134300000	134400000	803	243.0	0.302615193026
chr8	134400000	134500000	832	278.0	0.334134615385
chr8	134500000	134600000	1281	338.0	0.263856362217
chr8	134600000	134700000	957	329.0	0.343782654127
chr8	134700000	134800000	841	281.0	0.334126040428
chr8	134800000	134900000	1415	393.0	0.277738515901
chr8	134900000	135000000	964	274.0	0.284232365145
chr8	135000000	135100000	0	0.0	NA
chr8	135100000	135200000	0	0.0	NA
chr8	135200000	135300000	975	235.0	0.241025641026
chr8	135300000	135400000	658	190.0	0.288753799392
chr8	135400000	135500000	953	318.0	0.333683105981
chr8	135500000	135600000	0	0.0	NA
chr8	135600000	135700000	0	0.0	NA
chr8	135700000	135800000	4053	1196.0	0.295090056748
chr8	135800000	135900000	9069	2248.0	0.247877384497
chr8	135900000	136000000	0	0.0	NA
chr8	136000000	136100000	0	0.0	NA
chr8	136100000	136200000	1128	325.0	0.288120567376
chr8	136200000	136300000	7	2.0	0.285714285714
chr8	136300000	136400000	601	155.0	0.257903494176
chr8	136400000	136500000	916	293.0	0.319868995633
chr8	136500000	136600000	0	0.0	NA
chr8	136600000	136700000	992	70.0	0.070564516129
chr8	136700000	136800000	1748	490.0	0.280320366133
chr8	136800000	136900000	0	0.0	NA
chr8	136900000	137000000	0	0.0	NA
chr8	137000000	137100000	908	216.0	0.237885462555
chr8	137100000	137200000	365	103.0	0.282191780822
chr8	137200000	137300000	0	0.0	NA
chr8	137300000	137400000	0	0.0	NA
chr8	137400000	137500000	0	0.0	NA
chr8	137500000	137600000	208	67.0	0.322115384615
chr8	137600000	137700000	0	0.0	NA
chr8	137700000	137800000	0	0.0	NA
chr8	137800000	137900000	0	0.0	NA
chr8	137900000	138000000	831	283.0	0.34055354994
chr8	138000000	138100000	0	0.0	NA
chr8	138100000	138200000	1842	451.0	0.244842562432
chr8	138200000	138300000	0	0.0	NA
chr8	138300000	138400000	0	0.0	NA
chr8	138400000	138500000	99	34.0	0.343434343434
chr8	138500000	138600000	0	0.0	NA
chr8	138600000	138700000	0	0.0	NA
chr8	138700000	138800000	0	0.0	NA
chr8	138800000	138900000	733	186.0	0.253751705321
chr8	138900000	139000000	0	0.0	NA
chr8	139000000	139100000	7	1.0	0.142857142857
chr8	139100000	139200000	912	306.0	0.335526315789
chr8	139200000	139300000	0	0.0	NA
chr8	139300000	139400000	0	0.0	NA
chr8	139400000	139500000	0	0.0	NA
chr8	139500000	139600000	168	60.0	0.357142857143
chr8	139600000	139700000	403	140.0	0.347394540943
chr8	139700000	139800000	0	0.0	NA
chr8	139800000	139900000	0	0.0	NA
chr8	139900000	140000000	632	202.0	0.319620253165
chr8	140000000	140100000	0	0.0	NA
chr8	140100000	140200000	675	252.0	0.373333333333
chr8	140200000	140300000	0	0.0	NA
chr8	140300000	140400000	0	0.0	NA
chr8	140400000	140500000	206	65.0	0.315533980583
chr8	140500000	140600000	0	0.0	NA
chr8	140600000	140700000	907	308.0	0.339581036384
chr8	140700000	140800000	949	238.0	0.250790305585
chr8	140800000	140900000	0	0.0	NA
chr8	140900000	141000000	0	0.0	NA
chr8	141000000	141100000	0	0.0	NA
chr8	141100000	141200000	0	0.0	NA
chr8	141200000	141300000	0	0.0	NA
chr8	141300000	141400000	0	0.0	NA
chr8	141400000	141500000	29	10.0	0.344827586207
chr8	141500000	141600000	1722	506.0	0.293844367015
chr8	141600000	141700000	585	223.0	0.381196581197
chr8	141700000	141800000	0	0.0	NA
chr8	141800000	141900000	0	0.0	NA
chr8	141900000	142000000	0	0.0	NA
chr8	142000000	142100000	106	25.0	0.235849056604
chr8	142100000	142200000	102	35.0	0.343137254902
chr8	142200000	142300000	1794	581.0	0.323857302118
chr8	142300000	142400000	4607	1632.0	0.354243542435
chr8	142400000	142500000	557	183.0	0.328545780969
chr8	142500000	142600000	1651	608.0	0.3682616596
chr8	142600000	142700000	0	0.0	NA
chr8	142700000	142800000	0	0.0	NA
chr8	142800000	142900000	523	195.0	0.372848948375
chr8	142900000	143000000	0	0.0	NA
chr8	143000000	143100000	530	211.0	0.398113207547
chr8	143100000	143200000	1435	535.0	0.372822299652
chr8	143200000	143300000	1689	675.0	0.399644760213
chr8	143300000	143400000	0	0.0	NA
chr8	143400000	143500000	793	280.0	0.353089533417
chr8	143500000	143600000	743	248.0	0.333781965007
chr8	143600000	143700000	1087	426.0	0.391904323827
chr8	143700000	143800000	695	241.0	0.346762589928
chr8	143800000	143900000	4073	1397.0	0.342990424748
chr8	143900000	144000000	437	144.0	0.329519450801
chr8	144000000	144100000	0	0.0	NA
chr8	144100000	144200000	390	143.0	0.366666666667
chr8	144200000	144300000	2181	783.0	0.359009628611
chr8	144300000	144400000	1088	454.0	0.417279411765
chr8	144400000	144500000	2821	1022.0	0.362282878412
chr8	144500000	144600000	917	364.0	0.396946564885
chr8	144600000	144700000	3245	1180.0	0.363636363636
chr8	144700000	144800000	180	61.0	0.338888888889
chr8	144800000	144900000	2606	816.0	0.313123561013
chr8	144900000	145000000	1533	538.0	0.350945857795
chr8	145000000	145100000	3323	1159.0	0.348781221788
chr8	145100000	145200000	6520	1983.0	0.304141104294
chr8	145200000	145300000	0	0.0	NA
chr8	145300000	145400000	0	0.0	NA
chr8	145400000	145500000	0	0.0	NA
chr8	145500000	145600000	3374	1156.0	0.342620035566
chr8	145600000	145700000	1942	683.0	0.351699279094
chr8	145700000	145800000	4435	1283.0	0.289289740699
chr8	145800000	145900000	0	0.0	NA
chr8	145900000	146000000	1736	448.0	0.258064516129
chr8	146000000	146100000	1675	613.0	0.365970149254
chr8	146100000	146200000	508	152.0	0.299212598425
chr8	146200000	146300000	0	0.0	NA
chr8	146300000	146364022	0	0.0	NA
