chr8	0	100000	0	0.0	NA
chr8	100000	200000	0	0.0	NA
chr8	200000	300000	6843	2263.0	0.330702908081
chr8	300000	400000	6642	2108.0	0.317374284854
chr8	400000	500000	13715	4802.0	0.350127597521
chr8	500000	600000	100	36.0	0.36
chr8	600000	700000	1829	721.0	0.394204483324
chr8	700000	800000	14315	5035.0	0.351728955641
chr8	800000	900000	0	0.0	NA
chr8	900000	1000000	0	0.0	NA
chr8	1000000	1100000	0	0.0	NA
chr8	1100000	1200000	0	0.0	NA
chr8	1200000	1300000	0	0.0	NA
chr8	1300000	1400000	0	0.0	NA
chr8	1400000	1500000	0	0.0	NA
chr8	1500000	1600000	0	0.0	NA
chr8	1600000	1700000	4625	1621.0	0.350486486486
chr8	1700000	1800000	3405	1306.0	0.383553597651
chr8	1800000	1900000	7479	2877.0	0.384677095868
chr8	1900000	2000000	10424	3993.0	0.383058326938
chr8	2000000	2100000	9256	3418.0	0.369273984443
chr8	2100000	2200000	10137	3285.0	0.324060372891
chr8	2200000	2300000	0	0.0	NA
chr8	2300000	2400000	19902	6597.0	0.331474223696
chr8	2400000	2500000	16167	5499.0	0.340137316756
chr8	2500000	2600000	0	0.0	NA
chr8	2600000	2700000	0	0.0	NA
chr8	2700000	2800000	19318	6347.0	0.328553680505
chr8	2800000	2900000	0	0.0	NA
chr8	2900000	3000000	0	0.0	NA
chr8	3000000	3100000	0	0.0	NA
chr8	3100000	3200000	0	0.0	NA
chr8	3200000	3300000	0	0.0	NA
chr8	3300000	3400000	0	0.0	NA
chr8	3400000	3500000	0	0.0	NA
chr8	3500000	3600000	0	0.0	NA
chr8	3600000	3700000	0	0.0	NA
chr8	3700000	3800000	0	0.0	NA
chr8	3800000	3900000	0	0.0	NA
chr8	3900000	4000000	0	0.0	NA
chr8	4000000	4100000	0	0.0	NA
chr8	4100000	4200000	0	0.0	NA
chr8	4200000	4300000	0	0.0	NA
chr8	4300000	4400000	0	0.0	NA
chr8	4400000	4500000	0	0.0	NA
chr8	4500000	4600000	0	0.0	NA
chr8	4600000	4700000	0	0.0	NA
chr8	4700000	4800000	0	0.0	NA
chr8	4800000	4900000	10109	3066.0	0.303294094371
chr8	4900000	5000000	25887	7917.0	0.30582918067
chr8	5000000	5100000	13222	4288.0	0.324307971563
chr8	5100000	5200000	0	0.0	NA
chr8	5200000	5300000	0	0.0	NA
chr8	5300000	5400000	24620	7484.0	0.303980503656
chr8	5400000	5500000	28261	8527.0	0.301723222816
chr8	5500000	5600000	18431	5669.0	0.30757962129
chr8	5600000	5700000	0	0.0	NA
chr8	5700000	5800000	16826	4911.0	0.291869725425
chr8	5800000	5900000	30490	8892.0	0.291636602165
chr8	5900000	6000000	14269	4239.0	0.29707758077
chr8	6000000	6100000	0	0.0	NA
chr8	6100000	6200000	8828	2830.0	0.320570910739
chr8	6200000	6300000	5309	1583.0	0.29817291392
chr8	6300000	6400000	0	0.0	NA
chr8	6400000	6500000	0	0.0	NA
chr8	6500000	6600000	20070	5629.0	0.280468360737
chr8	6600000	6700000	30025	9347.0	0.311307243963
chr8	6700000	6800000	16332	5549.0	0.339762429586
chr8	6800000	6900000	0	0.0	NA
chr8	6900000	7000000	956	194.0	0.202928870293
chr8	7000000	7100000	0	0.0	NA
chr8	7100000	7200000	0	0.0	NA
chr8	7200000	7300000	0	0.0	NA
chr8	7300000	7400000	0	0.0	NA
chr8	7400000	7500000	0	0.0	NA
chr8	7500000	7600000	0	0.0	NA
chr8	7600000	7700000	0	0.0	NA
chr8	7700000	7800000	0	0.0	NA
chr8	7800000	7900000	0	0.0	NA
chr8	7900000	8000000	0	0.0	NA
chr8	8000000	8100000	0	0.0	NA
chr8	8100000	8200000	30243	8500.0	0.281056773468
chr8	8200000	8300000	32858	8357.0	0.254336843387
chr8	8300000	8400000	47472	12573.0	0.264850859454
chr8	8400000	8500000	43123	10759.0	0.249495628783
chr8	8500000	8600000	26381	7203.0	0.27303741329
chr8	8600000	8700000	26051	6985.0	0.26812790296
chr8	8700000	8800000	31665	8123.0	0.256529291015
chr8	8800000	8900000	42905	10743.0	0.25039039739
chr8	8900000	9000000	49061	12651.0	0.257862660769
chr8	9000000	9100000	55296	13891.0	0.25121166088
chr8	9100000	9200000	4886	1305.0	0.26708964388
chr8	9200000	9300000	0	0.0	NA
chr8	9300000	9400000	23107	5840.0	0.252737265764
chr8	9400000	9500000	0	0.0	NA
chr8	9500000	9600000	0	0.0	NA
chr8	9600000	9700000	8166	2246.0	0.275042860642
chr8	9700000	9800000	45904	11020.0	0.240066225166
chr8	9800000	9900000	41460	10100.0	0.243608297154
chr8	9900000	10000000	22195	5138.0	0.231493579635
chr8	10000000	10100000	0	0.0	NA
chr8	10100000	10200000	0	0.0	NA
chr8	10200000	10300000	33361	9331.0	0.279697850784
chr8	10300000	10400000	30537	8618.0	0.282215017847
chr8	10400000	10500000	42084	12453.0	0.295908183633
chr8	10500000	10600000	47969	14148.0	0.294940482395
chr8	10600000	10700000	34728	9377.0	0.270012669892
chr8	10700000	10800000	54188	13241.0	0.244352993283
chr8	10800000	10900000	0	0.0	NA
chr8	10900000	11000000	0	0.0	NA
chr8	11000000	11100000	49716	12826.0	0.257985356827
chr8	11100000	11200000	26103	6675.0	0.255717733594
chr8	11200000	11300000	24685	7029.0	0.284747822564
chr8	11300000	11400000	47690	14081.0	0.295261061019
chr8	11400000	11500000	44421	12924.0	0.290943472682
chr8	11500000	11600000	31266	8395.0	0.268502526706
chr8	11600000	11700000	43144	12099.0	0.280432968663
chr8	11700000	11800000	18281	5331.0	0.291614244297
chr8	11800000	11900000	22741	6276.0	0.275977309705
chr8	11900000	12000000	0	0.0	NA
chr8	12000000	12100000	0	0.0	NA
chr8	12100000	12200000	0	0.0	NA
chr8	12200000	12300000	0	0.0	NA
chr8	12300000	12400000	0	0.0	NA
chr8	12400000	12500000	0	0.0	NA
chr8	12500000	12600000	17038	3894.0	0.228547951638
chr8	12600000	12700000	27275	6750.0	0.247479376719
chr8	12700000	12800000	31103	8058.0	0.259074687329
chr8	12800000	12900000	29441	7724.0	0.262355218912
chr8	12900000	13000000	24473	6352.0	0.259551342296
chr8	13000000	13100000	0	0.0	NA
chr8	13100000	13200000	0	0.0	NA
chr8	13200000	13300000	0	0.0	NA
chr8	13300000	13400000	0	0.0	NA
chr8	13400000	13500000	28516	7411.0	0.259889185019
chr8	13500000	13600000	18361	4963.0	0.270301181853
chr8	13600000	13700000	12221	3208.0	0.26249897717
chr8	13700000	13800000	14073	3701.0	0.262985859447
chr8	13800000	13900000	6109	1751.0	0.286626289082
chr8	13900000	14000000	11286	3070.0	0.272018429913
chr8	14000000	14100000	0	0.0	NA
chr8	14100000	14200000	0	0.0	NA
chr8	14200000	14300000	0	0.0	NA
chr8	14300000	14400000	0	0.0	NA
chr8	14400000	14500000	0	0.0	NA
chr8	14500000	14600000	0	0.0	NA
chr8	14600000	14700000	0	0.0	NA
chr8	14700000	14800000	0	0.0	NA
chr8	14800000	14900000	0	0.0	NA
chr8	14900000	15000000	0	0.0	NA
chr8	15000000	15100000	0	0.0	NA
chr8	15100000	15200000	20492	5182.0	0.25287917236
chr8	15200000	15300000	11139	2958.0	0.265553460813
chr8	15300000	15400000	17052	4217.0	0.247302369224
chr8	15400000	15500000	13085	3308.0	0.252808559419
chr8	15500000	15600000	0	0.0	NA
chr8	15600000	15700000	16405	4305.0	0.262419993904
chr8	15700000	15800000	6844	1820.0	0.265926358854
chr8	15800000	15900000	16447	4368.0	0.265580349
chr8	15900000	16000000	22968	5987.0	0.260667014977
chr8	16000000	16100000	6850	1839.0	0.268467153285
chr8	16100000	16200000	230	65.0	0.282608695652
chr8	16200000	16300000	0	0.0	NA
chr8	16300000	16400000	0	0.0	NA
chr8	16400000	16500000	26648	6508.0	0.244220954668
chr8	16500000	16600000	21805	5380.0	0.246732400825
chr8	16600000	16700000	0	0.0	NA
chr8	16700000	16800000	0	0.0	NA
chr8	16800000	16900000	34329	7795.0	0.227067493956
chr8	16900000	17000000	44542	10149.0	0.227852364061
chr8	17000000	17100000	35510	8878.0	0.250014080541
chr8	17100000	17200000	13925	3267.0	0.234614003591
chr8	17200000	17300000	5282	1348.0	0.255206361227
chr8	17300000	17400000	26894	6836.0	0.254183089165
chr8	17400000	17500000	22248	5581.0	0.250854009349
chr8	17500000	17600000	19448	4908.0	0.252365281777
chr8	17600000	17700000	27080	6999.0	0.258456425406
chr8	17700000	17800000	36394	8526.0	0.234269385063
chr8	17800000	17900000	20404	4572.0	0.224073711037
chr8	17900000	18000000	15194	3976.0	0.261682242991
chr8	18000000	18100000	0	0.0	NA
chr8	18100000	18200000	0	0.0	NA
chr8	18200000	18300000	0	0.0	NA
chr8	18300000	18400000	3063	812.0	0.265099575579
chr8	18400000	18500000	0	0.0	NA
chr8	18500000	18600000	0	0.0	NA
chr8	18600000	18700000	0	0.0	NA
chr8	18700000	18800000	0	0.0	NA
chr8	18800000	18900000	6075	1463.0	0.240823045267
chr8	18900000	19000000	15785	3828.0	0.242508710801
chr8	19000000	19100000	8649	2371.0	0.274135738236
chr8	19100000	19200000	30669	8423.0	0.274642146793
chr8	19200000	19300000	26108	7181.0	0.275049793167
chr8	19300000	19400000	1701	480.0	0.282186948854
chr8	19400000	19500000	0	0.0	NA
chr8	19500000	19600000	0	0.0	NA
chr8	19600000	19700000	15228	3861.0	0.253546099291
chr8	19700000	19800000	5835	1599.0	0.274035989717
chr8	19800000	19900000	11315	3044.0	0.269023420239
chr8	19900000	20000000	17989	5174.0	0.287620212352
chr8	20000000	20100000	56422	13940.0	0.247066747014
chr8	20100000	20200000	45051	11939.0	0.265010765577
chr8	20200000	20300000	25299	6510.0	0.257322423811
chr8	20300000	20400000	0	0.0	NA
chr8	20400000	20500000	34279	8773.0	0.255929286152
chr8	20500000	20600000	28843	7757.0	0.268938737302
chr8	20600000	20700000	194	48.0	0.247422680412
chr8	20700000	20800000	32586	9121.0	0.279905480881
chr8	20800000	20900000	54810	14988.0	0.273453749316
chr8	20900000	21000000	59909	15689.0	0.261880518787
chr8	21000000	21100000	33500	9309.0	0.277880597015
chr8	21100000	21200000	31902	8530.0	0.267381355401
chr8	21200000	21300000	11455	3080.0	0.268878219118
chr8	21300000	21400000	45737	11847.0	0.25902442224
chr8	21400000	21500000	20350	5228.0	0.256904176904
chr8	21500000	21600000	13700	3725.0	0.271897810219
chr8	21600000	21700000	0	0.0	NA
chr8	21700000	21800000	22257	5678.0	0.255110751674
chr8	21800000	21900000	48783	11566.0	0.237090789824
chr8	21900000	22000000	64881	16238.0	0.250273577781
chr8	22000000	22100000	65985	16372.0	0.248116996287
chr8	22100000	22200000	30815	7349.0	0.238487749473
chr8	22200000	22300000	20391	5574.0	0.273355892305
chr8	22300000	22400000	28178	5835.0	0.207076442615
chr8	22400000	22500000	68965	18455.0	0.267599506996
chr8	22500000	22600000	45864	11043.0	0.240777080063
chr8	22600000	22700000	0	0.0	NA
chr8	22700000	22800000	5450	1408.0	0.258348623853
chr8	22800000	22900000	28438	7425.0	0.26109431043
chr8	22900000	23000000	3841	1274.0	0.331684457173
chr8	23000000	23100000	6264	2058.0	0.328544061303
chr8	23100000	23200000	54019	14910.0	0.276013995076
chr8	23200000	23300000	17059	4770.0	0.279617797057
chr8	23300000	23400000	57746	15939.0	0.276019118207
chr8	23400000	23500000	46058	12125.0	0.263255026271
chr8	23500000	23600000	50002	13120.0	0.26238950442
chr8	23600000	23700000	60005	15788.0	0.263111407383
chr8	23700000	23800000	33053	7537.0	0.228027713067
chr8	23800000	23900000	6256	1516.0	0.242327365729
chr8	23900000	24000000	36333	9047.0	0.249002284425
chr8	24000000	24100000	21386	5683.0	0.265734592724
chr8	24100000	24200000	13147	3443.0	0.261884840648
chr8	24200000	24300000	0	0.0	NA
chr8	24300000	24400000	0	0.0	NA
chr8	24400000	24500000	0	0.0	NA
chr8	24500000	24600000	0	0.0	NA
chr8	24600000	24700000	0	0.0	NA
chr8	24700000	24800000	46749	11258.0	0.240817985411
chr8	24800000	24900000	45953	11305.0	0.246012229887
chr8	24900000	25000000	15331	3743.0	0.244145848281
chr8	25000000	25100000	19622	4894.0	0.249413923147
chr8	25100000	25200000	0	0.0	NA
chr8	25200000	25300000	0	0.0	NA
chr8	25300000	25400000	0	0.0	NA
chr8	25400000	25500000	0	0.0	NA
chr8	25500000	25600000	0	0.0	NA
chr8	25600000	25700000	0	0.0	NA
chr8	25700000	25800000	0	0.0	NA
chr8	25800000	25900000	0	0.0	NA
chr8	25900000	26000000	0	0.0	NA
chr8	26000000	26100000	0	0.0	NA
chr8	26100000	26200000	8292	2012.0	0.242643511819
chr8	26200000	26300000	37468	9288.0	0.247891534109
chr8	26300000	26400000	21148	6016.0	0.284471344808
chr8	26400000	26500000	0	0.0	NA
chr8	26500000	26600000	21137	5495.0	0.25997066755
chr8	26600000	26700000	0	0.0	NA
chr8	26700000	26800000	18545	4735.0	0.255324885414
chr8	26800000	26900000	11881	3122.0	0.262772493898
chr8	26900000	27000000	42986	11219.0	0.260991950868
chr8	27000000	27100000	41042	10724.0	0.261293309293
chr8	27100000	27200000	48060	13876.0	0.288722430295
chr8	27200000	27300000	35364	9659.0	0.273130867549
chr8	27300000	27400000	46931	13282.0	0.283011229251
chr8	27400000	27500000	44030	12885.0	0.292641380877
chr8	27500000	27600000	51941	13363.0	0.257272674766
chr8	27600000	27700000	31999	7578.0	0.236819900622
chr8	27700000	27800000	18531	4866.0	0.262587016351
chr8	27800000	27900000	35393	9803.0	0.276975673156
chr8	27900000	28000000	36679	8769.0	0.239074129611
chr8	28000000	28100000	15062	3957.0	0.262714114991
chr8	28100000	28200000	19039	4749.0	0.249435369505
chr8	28200000	28300000	20087	4790.0	0.23846268731
chr8	28300000	28400000	29245	6336.0	0.216652419217
chr8	28400000	28500000	18323	4670.0	0.25487092725
chr8	28500000	28600000	16100	4028.0	0.250186335404
chr8	28600000	28700000	17368	4695.0	0.270324735145
chr8	28700000	28800000	31560	7359.0	0.233174904943
chr8	28800000	28900000	28743	6329.0	0.220192742581
chr8	28900000	29000000	27572	7362.0	0.267010010155
chr8	29000000	29100000	11700	2826.0	0.241538461538
chr8	29100000	29200000	19754	5224.0	0.264452769059
chr8	29200000	29300000	32478	8806.0	0.271137385307
chr8	29300000	29400000	28008	7480.0	0.267066552414
chr8	29400000	29500000	55400	14645.0	0.264350180505
chr8	29500000	29600000	18115	4527.0	0.249903394977
chr8	29600000	29700000	39885	10122.0	0.253779616397
chr8	29700000	29800000	51493	12466.0	0.242091158021
chr8	29800000	29900000	39182	9831.0	0.250906028278
chr8	29900000	30000000	9428	2135.0	0.226453118371
chr8	30000000	30100000	0	0.0	NA
chr8	30100000	30200000	15638	4145.0	0.265059470521
chr8	30200000	30300000	2179	506.0	0.232216613125
chr8	30300000	30400000	8113	2110.0	0.26007642056
chr8	30400000	30500000	32917	8033.0	0.244038035058
chr8	30500000	30600000	20023	4909.0	0.245168056735
chr8	30600000	30700000	27401	6384.0	0.232984197657
chr8	30700000	30800000	15185	3243.0	0.213566019098
chr8	30800000	30900000	12057	2791.0	0.231483785353
chr8	30900000	31000000	0	0.0	NA
chr8	31000000	31100000	9453	2378.0	0.251560351211
chr8	31100000	31200000	6900	1792.0	0.259710144928
chr8	31200000	31300000	18047	4335.0	0.240206128442
chr8	31300000	31400000	27493	6435.0	0.234059578802
chr8	31400000	31500000	44093	10488.0	0.237860884948
chr8	31500000	31600000	4839	1087.0	0.224633188675
chr8	31600000	31700000	0	0.0	NA
chr8	31700000	31800000	0	0.0	NA
chr8	31800000	31900000	0	0.0	NA
chr8	31900000	32000000	0	0.0	NA
chr8	32000000	32100000	0	0.0	NA
chr8	32100000	32200000	0	0.0	NA
chr8	32200000	32300000	0	0.0	NA
chr8	32300000	32400000	0	0.0	NA
chr8	32400000	32500000	0	0.0	NA
chr8	32500000	32600000	0	0.0	NA
chr8	32600000	32700000	9285	2530.0	0.272482498654
chr8	32700000	32800000	36466	9216.0	0.252728569078
chr8	32800000	32900000	6029	1462.0	0.242494609388
chr8	32900000	33000000	16859	4180.0	0.247938786405
chr8	33000000	33100000	32823	7754.0	0.236236785181
chr8	33100000	33200000	24699	5942.0	0.24057654156
chr8	33200000	33300000	27258	6407.0	0.235050260474
chr8	33300000	33400000	14148	3606.0	0.254877014419
chr8	33400000	33500000	30617	7987.0	0.260868145148
chr8	33500000	33600000	1091	312.0	0.285976168653
chr8	33600000	33700000	0	0.0	NA
chr8	33700000	33800000	0	0.0	NA
chr8	33800000	33900000	0	0.0	NA
chr8	33900000	34000000	25310	6350.0	0.250888976689
chr8	34000000	34100000	39935	9604.0	0.240490797546
chr8	34100000	34200000	0	0.0	NA
chr8	34200000	34300000	19095	4708.0	0.246556690233
chr8	34300000	34400000	0	0.0	NA
chr8	34400000	34500000	0	0.0	NA
chr8	34500000	34600000	2583	739.0	0.286101432443
chr8	34600000	34700000	13266	3409.0	0.256972712197
chr8	34700000	34800000	24768	6168.0	0.249031007752
chr8	34800000	34900000	21781	5453.0	0.250355814701
chr8	34900000	35000000	0	0.0	NA
chr8	35000000	35100000	16898	4237.0	0.250739732513
chr8	35100000	35200000	0	0.0	NA
chr8	35200000	35300000	0	0.0	NA
chr8	35300000	35400000	0	0.0	NA
chr8	35400000	35500000	0	0.0	NA
chr8	35500000	35600000	0	0.0	NA
chr8	35600000	35700000	6427	1652.0	0.257040609927
chr8	35700000	35800000	0	0.0	NA
chr8	35800000	35900000	20855	5227.0	0.250635339247
chr8	35900000	36000000	8096	1959.0	0.241971343874
chr8	36000000	36100000	10801	2546.0	0.235718914915
chr8	36100000	36200000	32381	7980.0	0.246440814058
chr8	36200000	36300000	9963	2656.0	0.266586369567
chr8	36300000	36400000	19219	5313.0	0.276445184453
chr8	36400000	36500000	0	0.0	NA
chr8	36500000	36600000	1502	383.0	0.25499334221
chr8	36600000	36700000	27443	7322.0	0.266807564771
chr8	36700000	36800000	0	0.0	NA
chr8	36800000	36900000	30616	7518.0	0.245557878234
chr8	36900000	37000000	14983	3786.0	0.252686377895
chr8	37000000	37100000	0	0.0	NA
chr8	37100000	37200000	17539	4553.0	0.259592907235
chr8	37200000	37300000	23371	5839.0	0.249839544735
chr8	37300000	37400000	21278	5619.0	0.264075571012
chr8	37400000	37500000	59874	16038.0	0.267862511274
chr8	37500000	37600000	58670	14266.0	0.243156638827
chr8	37600000	37700000	52782	13662.0	0.258838240309
chr8	37700000	37800000	37158	9103.0	0.244980892405
chr8	37800000	37900000	24330	6342.0	0.260665844636
chr8	37900000	38000000	26837	6360.0	0.236986250326
chr8	38000000	38100000	29776	6702.0	0.225080601827
chr8	38100000	38200000	37399	7243.0	0.193668279901
chr8	38200000	38300000	52644	11859.0	0.225267836791
chr8	38300000	38400000	39546	9680.0	0.244778232944
chr8	38400000	38500000	39554	10394.0	0.262779996966
chr8	38500000	38600000	52634	12683.0	0.240965915568
chr8	38600000	38700000	4825	1206.0	0.249948186528
chr8	38700000	38800000	36217	9166.0	0.253085567551
chr8	38800000	38900000	47536	11449.0	0.240849040727
chr8	38900000	39000000	11728	2737.0	0.233373124147
chr8	39000000	39100000	3568	883.0	0.247477578475
chr8	39100000	39200000	18939	4779.0	0.252336448598
chr8	39200000	39300000	7093	1789.0	0.252220499084
chr8	39300000	39400000	18036	4914.0	0.27245508982
chr8	39400000	39500000	19282	5399.0	0.280002074474
chr8	39500000	39600000	3300	906.0	0.274545454545
chr8	39600000	39700000	14285	3690.0	0.258312915646
chr8	39700000	39800000	0	0.0	NA
chr8	39800000	39900000	3361	1014.0	0.301695923832
chr8	39900000	40000000	42645	10973.0	0.257310352914
chr8	40000000	40100000	56146	14512.0	0.258468991558
chr8	40100000	40200000	41031	10142.0	0.247178962248
chr8	40200000	40300000	31732	8545.0	0.269286524644
chr8	40300000	40400000	29733	8204.0	0.275922375811
chr8	40400000	40500000	20151	5407.0	0.268324152648
chr8	40500000	40600000	0	0.0	NA
chr8	40600000	40700000	0	0.0	NA
chr8	40700000	40800000	34976	9878.0	0.282422232388
chr8	40800000	40900000	18765	5612.0	0.299067412736
chr8	40900000	41000000	6801	1767.0	0.259814733127
chr8	41000000	41100000	7782	2104.0	0.270367514778
chr8	41100000	41200000	8672	2408.0	0.277675276753
chr8	41200000	41300000	23009	5525.0	0.240123429962
chr8	41300000	41400000	38063	9283.0	0.243885137798
chr8	41400000	41500000	24555	6680.0	0.272042353899
chr8	41500000	41600000	22637	6424.0	0.283783186818
chr8	41600000	41700000	0	0.0	NA
chr8	41700000	41800000	34863	8671.0	0.248716404211
chr8	41800000	41900000	2890	612.0	0.211764705882
chr8	41900000	42000000	18120	4844.0	0.267328918322
chr8	42000000	42100000	43563	11664.0	0.267750154948
chr8	42100000	42200000	36241	10170.0	0.280621395657
chr8	42200000	42300000	47341	11416.0	0.24114404005
chr8	42300000	42400000	4956	1384.0	0.279257465698
chr8	42400000	42500000	9540	2371.0	0.248532494759
chr8	42500000	42600000	25305	6913.0	0.273187117171
chr8	42600000	42700000	16604	4438.0	0.267284991568
chr8	42700000	42800000	24511	5645.0	0.230304761128
chr8	42800000	42900000	595	157.0	0.263865546218
chr8	42900000	43000000	18860	5002.0	0.265217391304
chr8	43000000	43100000	9960	2681.0	0.269176706827
chr8	43100000	43200000	6341	1833.0	0.289071124428
chr8	43200000	43300000	1423	387.0	0.271960646521
chr8	43300000	43400000	0	0.0	NA
chr8	43400000	43500000	0	0.0	NA
chr8	43500000	43600000	0	0.0	NA
chr8	43600000	43700000	0	0.0	NA
chr8	43700000	43800000	0	0.0	NA
chr8	43800000	43900000	0	0.0	NA
chr8	43900000	44000000	0	0.0	NA
chr8	44000000	44100000	0	0.0	NA
chr8	44100000	44200000	0	0.0	NA
chr8	44200000	44300000	0	0.0	NA
chr8	44300000	44400000	0	0.0	NA
chr8	44400000	44500000	0	0.0	NA
chr8	44500000	44600000	0	0.0	NA
chr8	44600000	44700000	0	0.0	NA
chr8	44700000	44800000	0	0.0	NA
chr8	44800000	44900000	0	0.0	NA
chr8	44900000	45000000	0	0.0	NA
chr8	45000000	45100000	0	0.0	NA
chr8	45100000	45200000	0	0.0	NA
chr8	45200000	45300000	0	0.0	NA
chr8	45300000	45400000	0	0.0	NA
chr8	45400000	45500000	0	0.0	NA
chr8	45500000	45600000	0	0.0	NA
chr8	45600000	45700000	0	0.0	NA
chr8	45700000	45800000	0	0.0	NA
chr8	45800000	45900000	0	0.0	NA
chr8	45900000	46000000	0	0.0	NA
chr8	46000000	46100000	0	0.0	NA
chr8	46100000	46200000	0	0.0	NA
chr8	46200000	46300000	0	0.0	NA
chr8	46300000	46400000	0	0.0	NA
chr8	46400000	46500000	0	0.0	NA
chr8	46500000	46600000	0	0.0	NA
chr8	46600000	46700000	0	0.0	NA
chr8	46700000	46800000	0	0.0	NA
chr8	46800000	46900000	0	0.0	NA
chr8	46900000	47000000	0	0.0	NA
chr8	47000000	47100000	0	0.0	NA
chr8	47100000	47200000	0	0.0	NA
chr8	47200000	47300000	0	0.0	NA
chr8	47300000	47400000	0	0.0	NA
chr8	47400000	47500000	0	0.0	NA
chr8	47500000	47600000	0	0.0	NA
chr8	47600000	47700000	0	0.0	NA
chr8	47700000	47800000	0	0.0	NA
chr8	47800000	47900000	7245	1887.0	0.260455486542
chr8	47900000	48000000	8165	2072.0	0.253766074709
chr8	48000000	48100000	11858	3191.0	0.269101028841
chr8	48100000	48200000	0	0.0	NA
chr8	48200000	48300000	0	0.0	NA
chr8	48300000	48400000	0	0.0	NA
chr8	48400000	48500000	0	0.0	NA
chr8	48500000	48600000	0	0.0	NA
chr8	48600000	48700000	11655	3532.0	0.303045903046
chr8	48700000	48800000	8799	2381.0	0.270598931697
chr8	48800000	48900000	33684	8398.0	0.249317183232
chr8	48900000	49000000	5324	1359.0	0.255259203606
chr8	49000000	49100000	4876	1306.0	0.267842493847
chr8	49100000	49200000	18335	5482.0	0.298991000818
chr8	49200000	49300000	9839	2672.0	0.27157231426
chr8	49300000	49400000	25841	7422.0	0.28721798692
chr8	49400000	49500000	46405	12560.0	0.270660489171
chr8	49500000	49600000	19746	5081.0	0.25731793781
chr8	49600000	49700000	41639	11230.0	0.269699080189
chr8	49700000	49800000	7252	2073.0	0.285852178709
chr8	49800000	49900000	11780	3292.0	0.279456706282
chr8	49900000	50000000	9747	2714.0	0.278444649636
chr8	50000000	50100000	21997	6176.0	0.28076555894
chr8	50100000	50200000	9837	2832.0	0.287892650198
chr8	50200000	50300000	15834	4373.0	0.276177845143
chr8	50300000	50400000	10099	2766.0	0.273888503812
chr8	50400000	50500000	17847	5010.0	0.280719448647
chr8	50500000	50600000	0	0.0	NA
chr8	50600000	50700000	2975	793.0	0.266554621849
chr8	50700000	50800000	18537	5110.0	0.275664886443
chr8	50800000	50900000	17772	5036.0	0.283367094306
chr8	50900000	51000000	0	0.0	NA
chr8	51000000	51100000	0	0.0	NA
chr8	51100000	51200000	0	0.0	NA
chr8	51200000	51300000	0	0.0	NA
chr8	51300000	51400000	0	0.0	NA
chr8	51400000	51500000	0	0.0	NA
chr8	51500000	51600000	0	0.0	NA
chr8	51600000	51700000	0	0.0	NA
chr8	51700000	51800000	5819	1515.0	0.260354012717
chr8	51800000	51900000	11149	3138.0	0.281460220648
chr8	51900000	52000000	12119	3314.0	0.27345490552
chr8	52000000	52100000	0	0.0	NA
chr8	52100000	52200000	5029	1252.0	0.248956054882
chr8	52200000	52300000	0	0.0	NA
chr8	52300000	52400000	0	0.0	NA
chr8	52400000	52500000	0	0.0	NA
chr8	52500000	52600000	0	0.0	NA
chr8	52600000	52700000	13830	3538.0	0.255820679682
chr8	52700000	52800000	33265	7970.0	0.239591161882
chr8	52800000	52900000	23032	5915.0	0.256816602987
chr8	52900000	53000000	21764	5644.0	0.259327329535
chr8	53000000	53100000	1965	536.0	0.272773536896
chr8	53100000	53200000	0	0.0	NA
chr8	53200000	53300000	0	0.0	NA
chr8	53300000	53400000	13386	3219.0	0.240475123263
chr8	53400000	53500000	14202	3699.0	0.260456273764
chr8	53500000	53600000	13802	3256.0	0.235907839444
chr8	53600000	53700000	18998	4985.0	0.262396041689
chr8	53700000	53800000	0	0.0	NA
chr8	53800000	53900000	24587	6124.0	0.24907471428
chr8	53900000	54000000	23291	6195.0	0.265982568374
chr8	54000000	54100000	12292	3143.0	0.25569476082
chr8	54100000	54200000	5802	1595.0	0.274905205102
chr8	54200000	54300000	8986	2282.0	0.253950589806
chr8	54300000	54400000	14496	3717.0	0.256415562914
chr8	54400000	54500000	10188	2645.0	0.259619159796
chr8	54500000	54600000	2703	728.0	0.269330373659
chr8	54600000	54700000	4710	1224.0	0.259872611465
chr8	54700000	54800000	28852	7114.0	0.246568695411
chr8	54800000	54900000	13319	3492.0	0.262181845484
chr8	54900000	55000000	23370	5621.0	0.240522036799
chr8	55000000	55100000	20951	5327.0	0.25425993986
chr8	55100000	55200000	2322	597.0	0.257105943152
chr8	55200000	55300000	28386	7357.0	0.259177059114
chr8	55300000	55400000	50384	13227.0	0.262523817085
chr8	55400000	55500000	16330	4044.0	0.247642375995
chr8	55500000	55600000	0	0.0	NA
chr8	55600000	55700000	0	0.0	NA
chr8	55700000	55800000	0	0.0	NA
chr8	55800000	55900000	18525	4900.0	0.264507422402
chr8	55900000	56000000	13124	3360.0	0.256019506248
chr8	56000000	56100000	0	0.0	NA
chr8	56100000	56200000	0	0.0	NA
chr8	56200000	56300000	0	0.0	NA
chr8	56300000	56400000	0	0.0	NA
chr8	56400000	56500000	9332	2448.0	0.262323189027
chr8	56500000	56600000	11025	2743.0	0.248798185941
chr8	56600000	56700000	74	16.0	0.216216216216
chr8	56700000	56800000	19229	5391.0	0.280357792917
chr8	56800000	56900000	8122	2438.0	0.300172371337
chr8	56900000	57000000	28172	7807.0	0.277119125373
chr8	57000000	57100000	45774	9891.0	0.216083366103
chr8	57100000	57200000	20357	5496.0	0.269980841971
chr8	57200000	57300000	4113	1205.0	0.292973498663
chr8	57300000	57400000	13771	3773.0	0.273981555443
chr8	57400000	57500000	4972	1248.0	0.251005631537
chr8	57500000	57600000	19486	5050.0	0.259160422868
chr8	57600000	57700000	12716	3369.0	0.264941805599
chr8	57700000	57800000	12942	3489.0	0.269587389893
chr8	57800000	57900000	32532	8156.0	0.250706996188
chr8	57900000	58000000	14307	3648.0	0.254980079681
chr8	58000000	58100000	25639	6747.0	0.263153789149
chr8	58100000	58200000	16126	4840.0	0.300136425648
chr8	58200000	58300000	8997	2668.0	0.296543292209
chr8	58300000	58400000	18495	5032.0	0.272073533387
chr8	58400000	58500000	46390	12501.0	0.269476180211
chr8	58500000	58600000	13519	3504.0	0.259190768548
chr8	58600000	58700000	0	0.0	NA
chr8	58700000	58800000	22574	5954.0	0.263754762116
chr8	58800000	58900000	37872	9540.0	0.251901140684
chr8	58900000	59000000	17310	4628.0	0.267359907568
chr8	59000000	59100000	11133	2827.0	0.253929758376
chr8	59100000	59200000	24749	6555.0	0.26485918623
chr8	59200000	59300000	23005	5674.0	0.24664203434
chr8	59300000	59400000	25789	6525.0	0.253014851293
chr8	59400000	59500000	34871	8659.0	0.24831521895
chr8	59500000	59600000	16824	4295.0	0.255290061816
chr8	59600000	59700000	26912	7042.0	0.261667657551
chr8	59700000	59800000	0	0.0	NA
chr8	59800000	59900000	0	0.0	NA
chr8	59900000	60000000	12319	2765.0	0.224450036529
chr8	60000000	60100000	52234	11389.0	0.218038059501
chr8	60100000	60200000	61	3.0	0.0491803278689
chr8	60200000	60300000	0	0.0	NA
chr8	60300000	60400000	18775	4448.0	0.236910785619
chr8	60400000	60500000	26953	6562.0	0.243460839239
chr8	60500000	60600000	37618	8022.0	0.213248976554
chr8	60600000	60700000	0	0.0	NA
chr8	60700000	60800000	0	0.0	NA
chr8	60800000	60900000	0	0.0	NA
chr8	60900000	61000000	12065	2842.0	0.235557397431
chr8	61000000	61100000	30479	7215.0	0.236720364841
chr8	61100000	61200000	0	0.0	NA
chr8	61200000	61300000	23537	5920.0	0.25151888516
chr8	61300000	61400000	6669	1747.0	0.26195831459
chr8	61400000	61500000	17107	4213.0	0.246273455311
chr8	61500000	61600000	51278	12456.0	0.242911189984
chr8	61600000	61700000	20347	5232.0	0.257138644518
chr8	61700000	61800000	18911	4434.0	0.234466712495
chr8	61800000	61900000	17607	4374.0	0.248423922304
chr8	61900000	62000000	21597	4999.0	0.231467333426
chr8	62000000	62100000	0	0.0	NA
chr8	62100000	62200000	15686	4017.0	0.256088231544
chr8	62200000	62300000	0	0.0	NA
chr8	62300000	62400000	0	0.0	NA
chr8	62400000	62500000	0	0.0	NA
chr8	62500000	62600000	20157	4626.0	0.229498437267
chr8	62600000	62700000	40327	10667.0	0.264512609418
chr8	62700000	62800000	9965	2544.0	0.255293527346
chr8	62800000	62900000	14598	3644.0	0.24962323606
chr8	62900000	63000000	0	0.0	NA
chr8	63000000	63100000	0	0.0	NA
chr8	63100000	63200000	8745	2105.0	0.240708976558
chr8	63200000	63300000	0	0.0	NA
chr8	63300000	63400000	0	0.0	NA
chr8	63400000	63500000	0	0.0	NA
chr8	63500000	63600000	0	0.0	NA
chr8	63600000	63700000	0	0.0	NA
chr8	63700000	63800000	0	0.0	NA
chr8	63800000	63900000	14385	3526.0	0.245116440737
chr8	63900000	64000000	42524	10751.0	0.252821935848
chr8	64000000	64100000	24300	5378.0	0.221316872428
chr8	64100000	64200000	45443	10618.0	0.233655348459
chr8	64200000	64300000	12781	2990.0	0.233941006181
chr8	64300000	64400000	0	0.0	NA
chr8	64400000	64500000	42407	9975.0	0.235220600373
chr8	64500000	64600000	42818	9280.0	0.216731281237
chr8	64600000	64700000	0	0.0	NA
chr8	64700000	64800000	0	0.0	NA
chr8	64800000	64900000	0	0.0	NA
chr8	64900000	65000000	0	0.0	NA
chr8	65000000	65100000	0	0.0	NA
chr8	65100000	65200000	0	0.0	NA
chr8	65200000	65300000	19104	4439.0	0.232359715243
chr8	65300000	65400000	28895	7258.0	0.251185326181
chr8	65400000	65500000	20057	4907.0	0.244652739692
chr8	65500000	65600000	22992	4557.0	0.198199373695
chr8	65600000	65700000	19480	4669.0	0.239681724846
chr8	65700000	65800000	29023	7075.0	0.243772180684
chr8	65800000	65900000	0	0.0	NA
chr8	65900000	66000000	0	0.0	NA
chr8	66000000	66100000	5194	1266.0	0.243742780131
chr8	66100000	66200000	19991	4157.0	0.207943574609
chr8	66200000	66300000	0	0.0	NA
chr8	66300000	66400000	7899	1913.0	0.242182554754
chr8	66400000	66500000	28064	6582.0	0.234535347777
chr8	66500000	66600000	29280	6487.0	0.221550546448
chr8	66600000	66700000	17031	4043.0	0.237390640597
chr8	66700000	66800000	20191	4783.0	0.236887722252
chr8	66800000	66900000	5123	1292.0	0.252195978919
chr8	66900000	67000000	21228	4990.0	0.235066892783
chr8	67000000	67100000	48232	10851.0	0.224975120252
chr8	67100000	67200000	28259	6821.0	0.241374429385
chr8	67200000	67300000	6657	1525.0	0.229082169145
chr8	67300000	67400000	36103	8033.0	0.222502285129
chr8	67400000	67500000	48290	11292.0	0.233837233382
chr8	67500000	67600000	33261	6450.0	0.193920808154
chr8	67600000	67700000	11660	2577.0	0.221012006861
chr8	67700000	67800000	20029	4500.0	0.224674222378
chr8	67800000	67900000	36305	8288.0	0.228288114585
chr8	67900000	68000000	31691	7035.0	0.221987315011
chr8	68000000	68100000	0	0.0	NA
chr8	68100000	68200000	0	0.0	NA
chr8	68200000	68300000	18036	4210.0	0.233422044799
chr8	68300000	68400000	3685	831.0	0.225508819539
chr8	68400000	68500000	0	0.0	NA
chr8	68500000	68600000	0	0.0	NA
chr8	68600000	68700000	11905	2999.0	0.251910961781
chr8	68700000	68800000	5077	1279.0	0.251920425448
chr8	68800000	68900000	20527	4920.0	0.239684318215
chr8	68900000	69000000	0	0.0	NA
chr8	69000000	69100000	0	0.0	NA
chr8	69100000	69200000	12698	3163.0	0.249094345566
chr8	69200000	69300000	0	0.0	NA
chr8	69300000	69400000	0	0.0	NA
chr8	69400000	69500000	0	0.0	NA
chr8	69500000	69600000	0	0.0	NA
chr8	69600000	69700000	0	0.0	NA
chr8	69700000	69800000	45330	11205.0	0.247187293183
chr8	69800000	69900000	6021	1487.0	0.246968942036
chr8	69900000	70000000	15509	3773.0	0.243278096589
chr8	70000000	70100000	28374	6670.0	0.235074363854
chr8	70100000	70200000	22459	5562.0	0.247651275658
chr8	70200000	70300000	0	0.0	NA
chr8	70300000	70400000	39319	9171.0	0.233246013378
chr8	70400000	70500000	7857	1739.0	0.221331296933
chr8	70500000	70600000	19796	4964.0	0.250757728834
chr8	70600000	70700000	10996	2766.0	0.251546016733
chr8	70700000	70800000	2636	570.0	0.216236722307
chr8	70800000	70900000	17291	4234.0	0.244867271991
chr8	70900000	71000000	28689	7206.0	0.251176409077
chr8	71000000	71100000	17082	3729.0	0.218299964875
chr8	71100000	71200000	0	0.0	NA
chr8	71200000	71300000	0	0.0	NA
chr8	71300000	71400000	20606	4548.0	0.22071241386
chr8	71400000	71500000	26335	5773.0	0.219213973799
chr8	71500000	71600000	16138	3544.0	0.21960589912
chr8	71600000	71700000	24819	5790.0	0.23328901245
chr8	71700000	71800000	8651	1797.0	0.207721650676
chr8	71800000	71900000	0	0.0	NA
chr8	71900000	72000000	0	0.0	NA
chr8	72000000	72100000	15544	3529.0	0.227032938755
chr8	72100000	72200000	0	0.0	NA
chr8	72200000	72300000	0	0.0	NA
chr8	72300000	72400000	0	0.0	NA
chr8	72400000	72500000	3598	955.0	0.265425236242
chr8	72500000	72600000	27358	6648.0	0.243000219314
chr8	72600000	72700000	35139	8202.0	0.233415862717
chr8	72700000	72800000	61276	15071.0	0.245952738429
chr8	72800000	72900000	0	0.0	NA
chr8	72900000	73000000	0	0.0	NA
chr8	73000000	73100000	19346	5117.0	0.264499121265
chr8	73100000	73200000	23391	6013.0	0.257064682998
chr8	73200000	73300000	19160	4828.0	0.251983298539
chr8	73300000	73400000	13575	3310.0	0.243830570902
chr8	73400000	73500000	15411	3790.0	0.24592823308
chr8	73500000	73600000	0	0.0	NA
chr8	73600000	73700000	0	0.0	NA
chr8	73700000	73800000	0	0.0	NA
chr8	73800000	73900000	31724	7054.0	0.222355314588
chr8	73900000	74000000	36927	9596.0	0.259864056111
chr8	74000000	74100000	31210	7675.0	0.245914770907
chr8	74100000	74200000	22223	5407.0	0.243306484273
chr8	74200000	74300000	51669	12049.0	0.233195920184
chr8	74300000	74400000	14891	3765.0	0.252837284266
chr8	74400000	74500000	0	0.0	NA
chr8	74500000	74600000	0	0.0	NA
chr8	74600000	74700000	0	0.0	NA
chr8	74700000	74800000	0	0.0	NA
chr8	74800000	74900000	17351	3914.0	0.225577776497
chr8	74900000	75000000	22940	5634.0	0.245597210113
chr8	75000000	75100000	43097	10428.0	0.241965798083
chr8	75100000	75200000	37375	8616.0	0.230528428094
chr8	75200000	75300000	62640	14361.0	0.229262452107
chr8	75300000	75400000	8203	1911.0	0.232963549921
chr8	75400000	75500000	29907	7356.0	0.245962483699
chr8	75500000	75600000	3064	765.0	0.249673629243
chr8	75600000	75700000	0	0.0	NA
chr8	75700000	75800000	17268	4223.0	0.244556404911
chr8	75800000	75900000	27999	7003.0	0.250116075574
chr8	75900000	76000000	10005	2308.0	0.230684657671
chr8	76000000	76100000	18763	4561.0	0.243084794542
chr8	76100000	76200000	15604	3846.0	0.246475262753
chr8	76200000	76300000	31233	7560.0	0.242051676112
chr8	76300000	76400000	0	0.0	NA
chr8	76400000	76500000	0	0.0	NA
chr8	76500000	76600000	10092	2498.0	0.247522790329
chr8	76600000	76700000	16767	3772.0	0.224965706447
chr8	76700000	76800000	31781	7594.0	0.238947798999
chr8	76800000	76900000	14694	3938.0	0.26800054444
chr8	76900000	77000000	0	0.0	NA
chr8	77000000	77100000	0	0.0	NA
chr8	77100000	77200000	16769	3615.0	0.215576361143
chr8	77200000	77300000	29110	7167.0	0.24620405359
chr8	77300000	77400000	0	0.0	NA
chr8	77400000	77500000	44055	8996.0	0.204199296334
chr8	77500000	77600000	26169	5885.0	0.224884405212
chr8	77600000	77700000	0	0.0	NA
chr8	77700000	77800000	24519	4926.0	0.200905420286
chr8	77800000	77900000	39661	9492.0	0.239328307405
chr8	77900000	78000000	31781	7341.0	0.230987067745
chr8	78000000	78100000	0	0.0	NA
chr8	78100000	78200000	16132	3436.0	0.212992809323
chr8	78200000	78300000	26438	6349.0	0.240146758454
chr8	78300000	78400000	0	0.0	NA
chr8	78400000	78500000	8917	2130.0	0.238869574969
chr8	78500000	78600000	0	0.0	NA
chr8	78600000	78700000	0	0.0	NA
chr8	78700000	78800000	0	0.0	NA
chr8	78800000	78900000	0	0.0	NA
chr8	78900000	79000000	0	0.0	NA
chr8	79000000	79100000	21561	5239.0	0.242985019248
chr8	79100000	79200000	6836	1596.0	0.233469865418
chr8	79200000	79300000	16664	4006.0	0.240398463754
chr8	79300000	79400000	17306	4067.0	0.235005200508
chr8	79400000	79500000	19623	4826.0	0.245935891556
chr8	79500000	79600000	17690	4281.0	0.242001130582
chr8	79600000	79700000	15286	3570.0	0.233547036504
chr8	79700000	79800000	43981	11138.0	0.253245719743
chr8	79800000	79900000	1799	455.0	0.252918287938
chr8	79900000	80000000	16311	4053.0	0.248482619091
chr8	80000000	80100000	9198	2335.0	0.253859534681
chr8	80100000	80200000	11334	2837.0	0.250308805364
chr8	80200000	80300000	21994	5631.0	0.256024370283
chr8	80300000	80400000	0	0.0	NA
chr8	80400000	80500000	14766	3526.0	0.238791819044
chr8	80500000	80600000	995	236.0	0.237185929648
chr8	80600000	80700000	33386	8286.0	0.248187863176
chr8	80700000	80800000	29386	7258.0	0.246988361805
chr8	80800000	80900000	18872	4173.0	0.221121237813
chr8	80900000	81000000	0	0.0	NA
chr8	81000000	81100000	10616	2715.0	0.255746043708
chr8	81100000	81200000	31146	7911.0	0.253997303024
chr8	81200000	81300000	1935	483.0	0.249612403101
chr8	81300000	81400000	15366	3271.0	0.212872575817
chr8	81400000	81500000	61483	13907.0	0.226192606086
chr8	81500000	81600000	44555	10517.0	0.236045337224
chr8	81600000	81700000	0	0.0	NA
chr8	81700000	81800000	0	0.0	NA
chr8	81800000	81900000	31139	7762.0	0.249269404926
chr8	81900000	82000000	0	0.0	NA
chr8	82000000	82100000	44161	10461.0	0.236883222753
chr8	82100000	82200000	34071	8054.0	0.236388717678
chr8	82200000	82300000	12347	2971.0	0.240625253098
chr8	82300000	82400000	14061	3528.0	0.250906763388
chr8	82400000	82500000	8244	2179.0	0.264313440078
chr8	82500000	82600000	34630	8619.0	0.248888247185
chr8	82600000	82700000	44858	10912.0	0.243256498283
chr8	82700000	82800000	29781	6995.0	0.234881300158
chr8	82800000	82900000	24847	5613.0	0.225902523443
chr8	82900000	83000000	19386	4708.0	0.24285566904
chr8	83000000	83100000	1463	357.0	0.244019138756
chr8	83100000	83200000	12488	3085.0	0.247037155669
chr8	83200000	83300000	0	0.0	NA
chr8	83300000	83400000	10650	2746.0	0.257840375587
chr8	83400000	83500000	3793	963.0	0.25388874242
chr8	83500000	83600000	0	0.0	NA
chr8	83600000	83700000	15345	3838.0	0.250114043662
chr8	83700000	83800000	7810	1955.0	0.250320102433
chr8	83800000	83900000	3295	695.0	0.210925644917
chr8	83900000	84000000	4620	1150.0	0.248917748918
chr8	84000000	84100000	0	0.0	NA
chr8	84100000	84200000	0	0.0	NA
chr8	84200000	84300000	11600	3001.0	0.258706896552
chr8	84300000	84400000	5560	1522.0	0.273741007194
chr8	84400000	84500000	0	0.0	NA
chr8	84500000	84600000	0	0.0	NA
chr8	84600000	84700000	0	0.0	NA
chr8	84700000	84800000	8951	2252.0	0.251592000894
chr8	84800000	84900000	597	160.0	0.268006700168
chr8	84900000	85000000	0	0.0	NA
chr8	85000000	85100000	31299	7422.0	0.237132176747
chr8	85100000	85200000	1836	498.0	0.271241830065
chr8	85200000	85300000	0	0.0	NA
chr8	85300000	85400000	0	0.0	NA
chr8	85400000	85500000	0	0.0	NA
chr8	85500000	85600000	0	0.0	NA
chr8	85600000	85700000	0	0.0	NA
chr8	85700000	85800000	0	0.0	NA
chr8	85800000	85900000	8208	1924.0	0.23440545809
chr8	85900000	86000000	1309	303.0	0.231474407945
chr8	86000000	86100000	18674	4316.0	0.231123487201
chr8	86100000	86200000	35290	8484.0	0.240408047606
chr8	86200000	86300000	0	0.0	NA
chr8	86300000	86400000	6354	1554.0	0.244570349386
chr8	86400000	86500000	33012	8338.0	0.252574821277
chr8	86500000	86600000	16053	3973.0	0.247492680496
chr8	86600000	86700000	0	0.0	NA
chr8	86700000	86800000	0	0.0	NA
chr8	86800000	86900000	9858	2487.0	0.252282410225
chr8	86900000	87000000	11108	2774.0	0.249729924379
chr8	87000000	87100000	39847	9922.0	0.249002434311
chr8	87100000	87200000	41025	9848.0	0.240048750762
chr8	87200000	87300000	20420	4899.0	0.239911851126
chr8	87300000	87400000	7048	1626.0	0.230703745743
chr8	87400000	87500000	30353	6762.0	0.222778638026
chr8	87500000	87600000	40801	9301.0	0.227960099017
chr8	87600000	87700000	10596	2227.0	0.210173650434
chr8	87700000	87800000	16934	3618.0	0.213653005787
chr8	87800000	87900000	42457	9846.0	0.231905221754
chr8	87900000	88000000	0	0.0	NA
chr8	88000000	88100000	0	0.0	NA
chr8	88100000	88200000	0	0.0	NA
chr8	88200000	88300000	0	0.0	NA
chr8	88300000	88400000	0	0.0	NA
chr8	88400000	88500000	9786	2450.0	0.250357653791
chr8	88500000	88600000	14120	3358.0	0.237818696884
chr8	88600000	88700000	0	0.0	NA
chr8	88700000	88800000	3521	884.0	0.251065038341
chr8	88800000	88900000	12429	3091.0	0.248692573819
chr8	88900000	89000000	39232	9183.0	0.234069127243
chr8	89000000	89100000	41945	9704.0	0.231350578138
chr8	89100000	89200000	0	0.0	NA
chr8	89200000	89300000	0	0.0	NA
chr8	89300000	89400000	0	0.0	NA
chr8	89400000	89500000	0	0.0	NA
chr8	89500000	89600000	0	0.0	NA
chr8	89600000	89700000	0	0.0	NA
chr8	89700000	89800000	7092	1801.0	0.253948110547
chr8	89800000	89900000	12627	3346.0	0.264987724717
chr8	89900000	90000000	0	0.0	NA
chr8	90000000	90100000	0	0.0	NA
chr8	90100000	90200000	0	0.0	NA
chr8	90200000	90300000	0	0.0	NA
chr8	90300000	90400000	0	0.0	NA
chr8	90400000	90500000	0	0.0	NA
chr8	90500000	90600000	12260	2876.0	0.234584013051
chr8	90600000	90700000	602	126.0	0.209302325581
chr8	90700000	90800000	16477	4068.0	0.24688960369
chr8	90800000	90900000	32553	8266.0	0.25392436949
chr8	90900000	91000000	44682	10912.0	0.244214672575
chr8	91000000	91100000	33237	7855.0	0.236333002377
chr8	91100000	91200000	28647	6955.0	0.24278283939
chr8	91200000	91300000	9692	2511.0	0.259079653322
chr8	91300000	91400000	0	0.0	NA
chr8	91400000	91500000	29679	7225.0	0.24343812123
chr8	91500000	91600000	41094	10477.0	0.254952061128
chr8	91600000	91700000	28568	7245.0	0.253605432652
chr8	91700000	91800000	0	0.0	NA
chr8	91800000	91900000	0	0.0	NA
chr8	91900000	92000000	14647	3373.0	0.230286065406
chr8	92000000	92100000	67904	16097.0	0.237055254477
chr8	92100000	92200000	27656	7040.0	0.254555973387
chr8	92200000	92300000	0	0.0	NA
chr8	92300000	92400000	0	0.0	NA
chr8	92400000	92500000	25499	6175.0	0.242166359465
chr8	92500000	92600000	13964	3250.0	0.232741334861
chr8	92600000	92700000	0	0.0	NA
chr8	92700000	92800000	0	0.0	NA
chr8	92800000	92900000	0	0.0	NA
chr8	92900000	93000000	27338	6485.0	0.237215597337
chr8	93000000	93100000	0	0.0	NA
chr8	93100000	93200000	18914	4894.0	0.258750132177
chr8	93200000	93300000	9395	2422.0	0.257796700373
chr8	93300000	93400000	16222	3818.0	0.235359388485
chr8	93400000	93500000	39673	8430.0	0.212487081894
chr8	93500000	93600000	24297	5727.0	0.235708112113
chr8	93600000	93700000	49107	11487.0	0.233917771397
chr8	93700000	93800000	25914	5864.0	0.226286949139
chr8	93800000	93900000	16256	3696.0	0.227362204724
chr8	93900000	94000000	20091	4478.0	0.222885869295
chr8	94000000	94100000	25148	5947.0	0.236480038174
chr8	94100000	94200000	30168	7133.0	0.236442588173
chr8	94200000	94300000	14615	3631.0	0.248443380089
chr8	94300000	94400000	0	0.0	NA
chr8	94400000	94500000	0	0.0	NA
chr8	94500000	94600000	0	0.0	NA
chr8	94600000	94700000	1515	387.0	0.255445544554
chr8	94700000	94800000	47685	10681.0	0.22399077278
chr8	94800000	94900000	31911	8315.0	0.260568456018
chr8	94900000	95000000	12702	3346.0	0.263423082979
chr8	95000000	95100000	31375	9078.0	0.289338645418
chr8	95100000	95200000	16341	4156.0	0.254329600392
chr8	95200000	95300000	38737	11222.0	0.289697188734
chr8	95300000	95400000	17981	4827.0	0.268450030588
chr8	95400000	95500000	12104	2819.0	0.232898215466
chr8	95500000	95600000	18305	3322.0	0.181480469817
chr8	95600000	95700000	19658	4750.0	0.241631905586
chr8	95700000	95800000	23436	5224.0	0.222904932582
chr8	95800000	95900000	16854	3816.0	0.22641509434
chr8	95900000	96000000	0	0.0	NA
chr8	96000000	96100000	2342	679.0	0.289923142613
chr8	96100000	96200000	31409	9135.0	0.290840205037
chr8	96200000	96300000	6229	2205.0	0.353989404399
chr8	96300000	96400000	0	0.0	NA
chr8	96400000	96500000	0	0.0	NA
chr8	96500000	96600000	0	0.0	NA
chr8	96600000	96700000	0	0.0	NA
chr8	96700000	96800000	0	0.0	NA
chr8	96800000	96900000	21809	5156.0	0.236416158467
chr8	96900000	97000000	43979	10576.0	0.24047841015
chr8	97000000	97100000	20005	5469.0	0.273381654586
chr8	97100000	97200000	26849	7726.0	0.287757458378
chr8	97200000	97300000	38018	11832.0	0.311221000579
chr8	97300000	97400000	42636	12293.0	0.288324420677
chr8	97400000	97500000	29219	8665.0	0.296553612376
chr8	97500000	97600000	0	0.0	NA
chr8	97600000	97700000	16272	5088.0	0.312684365782
chr8	97700000	97800000	0	0.0	NA
chr8	97800000	97900000	0	0.0	NA
chr8	97900000	98000000	0	0.0	NA
chr8	98000000	98100000	0	0.0	NA
chr8	98100000	98200000	0	0.0	NA
chr8	98200000	98300000	0	0.0	NA
chr8	98300000	98400000	0	0.0	NA
chr8	98400000	98500000	3562	1123.0	0.315272318922
chr8	98500000	98600000	1736	519.0	0.298963133641
chr8	98600000	98700000	8195	2357.0	0.287614399024
chr8	98700000	98800000	8645	1738.0	0.201041064199
chr8	98800000	98900000	19494	5066.0	0.259874833282
chr8	98900000	99000000	10268	2672.0	0.260225944683
chr8	99000000	99100000	41822	10291.0	0.246066663479
chr8	99100000	99200000	44203	11015.0	0.249191231364
chr8	99200000	99300000	14915	3143.0	0.210727455582
chr8	99300000	99400000	44902	10556.0	0.235089751013
chr8	99400000	99500000	62186	14269.0	0.229456790918
chr8	99500000	99600000	1311	311.0	0.237223493516
chr8	99600000	99700000	0	0.0	NA
chr8	99700000	99800000	0	0.0	NA
chr8	99800000	99900000	0	0.0	NA
chr8	99900000	100000000	55921	11552.0	0.206577135602
chr8	100000000	100100000	22540	5182.0	0.229902395741
chr8	100100000	100200000	0	0.0	NA
chr8	100200000	100300000	0	0.0	NA
chr8	100300000	100400000	0	0.0	NA
chr8	100400000	100500000	0	0.0	NA
chr8	100500000	100600000	0	0.0	NA
chr8	100600000	100700000	0	0.0	NA
chr8	100700000	100800000	0	0.0	NA
chr8	100800000	100900000	20283	5077.0	0.250308139822
chr8	100900000	101000000	9621	2116.0	0.219935557634
chr8	101000000	101100000	2964	644.0	0.217273954116
chr8	101100000	101200000	44120	9860.0	0.223481414325
chr8	101200000	101300000	37505	8626.0	0.229996000533
chr8	101300000	101400000	50391	12059.0	0.239308606696
chr8	101400000	101500000	48945	12371.0	0.252753090203
chr8	101500000	101600000	23247	5123.0	0.220372521186
chr8	101600000	101700000	33431	8620.0	0.257844515569
chr8	101700000	101800000	35665	8827.0	0.247497546614
chr8	101800000	101900000	25467	6655.0	0.261318569129
chr8	101900000	102000000	33697	8461.0	0.251090601537
chr8	102000000	102100000	34762	8351.0	0.240233588401
chr8	102100000	102200000	59310	16327.0	0.275282414433
chr8	102200000	102300000	53591	13122.0	0.244854546472
chr8	102300000	102400000	43915	11340.0	0.258226118638
chr8	102400000	102500000	40448	10245.0	0.253288172468
chr8	102500000	102600000	9115	2050.0	0.224904004388
chr8	102600000	102700000	16986	4431.0	0.260861886259
chr8	102700000	102800000	10357	2841.0	0.274307231824
chr8	102800000	102900000	0	0.0	NA
chr8	102900000	103000000	0	0.0	NA
chr8	103000000	103100000	8158	1896.0	0.232409904388
chr8	103100000	103200000	22230	5445.0	0.244939271255
chr8	103200000	103300000	33122	7026.0	0.212124871686
chr8	103300000	103400000	10433	2418.0	0.231764593118
chr8	103400000	103500000	20887	5106.0	0.244458275482
chr8	103500000	103600000	32187	8020.0	0.249168919129
chr8	103600000	103700000	29049	7535.0	0.259389307721
chr8	103700000	103800000	36829	9848.0	0.267397974422
chr8	103800000	103900000	26896	6401.0	0.237990779298
chr8	103900000	104000000	14433	3455.0	0.23938197187
chr8	104000000	104100000	50345	11592.0	0.230251266263
chr8	104100000	104200000	27346	7168.0	0.262122431069
chr8	104200000	104300000	0	0.0	NA
chr8	104300000	104400000	33230	7408.0	0.222931086368
chr8	104400000	104500000	48043	10497.0	0.218491767791
chr8	104500000	104600000	23677	5055.0	0.213498331714
chr8	104600000	104700000	0	0.0	NA
chr8	104700000	104800000	0	0.0	NA
chr8	104800000	104900000	0	0.0	NA
chr8	104900000	105000000	0	0.0	NA
chr8	105000000	105100000	0	0.0	NA
chr8	105100000	105200000	0	0.0	NA
chr8	105200000	105300000	495	109.0	0.220202020202
chr8	105300000	105400000	35740	9382.0	0.262506994964
chr8	105400000	105500000	38726	9460.0	0.244280328461
chr8	105500000	105600000	31516	6671.0	0.211670262724
chr8	105600000	105700000	42273	9797.0	0.231755494051
chr8	105700000	105800000	44750	10934.0	0.244335195531
chr8	105800000	105900000	15130	3155.0	0.208526107072
chr8	105900000	106000000	0	0.0	NA
chr8	106000000	106100000	0	0.0	NA
chr8	106100000	106200000	23898	5126.0	0.214494936815
chr8	106200000	106300000	18369	4349.0	0.236757580707
chr8	106300000	106400000	6391	1664.0	0.260366139884
chr8	106400000	106500000	0	0.0	NA
chr8	106500000	106600000	0	0.0	NA
chr8	106600000	106700000	0	0.0	NA
chr8	106700000	106800000	0	0.0	NA
chr8	106800000	106900000	0	0.0	NA
chr8	106900000	107000000	0	0.0	NA
chr8	107000000	107100000	3809	1003.0	0.26332370701
chr8	107100000	107200000	4435	1139.0	0.256820744081
chr8	107200000	107300000	13431	3341.0	0.248752885117
chr8	107300000	107400000	19557	4673.0	0.238942578105
chr8	107400000	107500000	0	0.0	NA
chr8	107500000	107600000	0	0.0	NA
chr8	107600000	107700000	0	0.0	NA
chr8	107700000	107800000	22008	5218.0	0.237095601599
chr8	107800000	107900000	17494	4452.0	0.254487252772
chr8	107900000	108000000	0	0.0	NA
chr8	108000000	108100000	0	0.0	NA
chr8	108100000	108200000	0	0.0	NA
chr8	108200000	108300000	19681	4812.0	0.244499771353
chr8	108300000	108400000	0	0.0	NA
chr8	108400000	108500000	0	0.0	NA
chr8	108500000	108600000	19374	4399.0	0.227056880355
chr8	108600000	108700000	0	0.0	NA
chr8	108700000	108800000	0	0.0	NA
chr8	108800000	108900000	27310	6484.0	0.237422189674
chr8	108900000	109000000	13814	3170.0	0.229477341827
chr8	109000000	109100000	0	0.0	NA
chr8	109100000	109200000	18723	4373.0	0.233562997383
chr8	109200000	109300000	13016	2917.0	0.224108789183
chr8	109300000	109400000	7515	1693.0	0.225282767798
chr8	109400000	109500000	20812	4752.0	0.228329809725
chr8	109500000	109600000	28634	6441.0	0.224942376196
chr8	109600000	109700000	0	0.0	NA
chr8	109700000	109800000	0	0.0	NA
chr8	109800000	109900000	44789	10619.0	0.237089463931
chr8	109900000	110000000	5772	1380.0	0.239085239085
chr8	110000000	110100000	16642	4337.0	0.260605696431
chr8	110100000	110200000	38106	9361.0	0.245656851939
chr8	110200000	110300000	8136	1918.0	0.235742379548
chr8	110300000	110400000	27895	6387.0	0.228965764474
chr8	110400000	110500000	6456	1431.0	0.221654275093
chr8	110500000	110600000	61993	14658.0	0.236446050361
chr8	110600000	110700000	23386	5514.0	0.23578209185
chr8	110700000	110800000	19910	4919.0	0.247061778001
chr8	110800000	110900000	124	30.0	0.241935483871
chr8	110900000	111000000	22763	5711.0	0.250889601546
chr8	111000000	111100000	5792	1510.0	0.26070441989
chr8	111100000	111200000	0	0.0	NA
chr8	111200000	111300000	2097	536.0	0.255603242728
chr8	111300000	111400000	17293	4249.0	0.245706355173
chr8	111400000	111500000	0	0.0	NA
chr8	111500000	111600000	10607	2715.0	0.255963043273
chr8	111600000	111700000	14041	3688.0	0.262659354747
chr8	111700000	111800000	6922	1861.0	0.268852932678
chr8	111800000	111900000	13422	3605.0	0.268588883922
chr8	111900000	112000000	8599	2230.0	0.259332480521
chr8	112000000	112100000	5379	1425.0	0.26491912995
chr8	112100000	112200000	0	0.0	NA
chr8	112200000	112300000	11417	2909.0	0.254795480424
chr8	112300000	112400000	14230	3893.0	0.273576950105
chr8	112400000	112500000	0	0.0	NA
chr8	112500000	112600000	0	0.0	NA
chr8	112600000	112700000	0	0.0	NA
chr8	112700000	112800000	4780	1290.0	0.269874476987
chr8	112800000	112900000	9750	2522.0	0.258666666667
chr8	112900000	113000000	0	0.0	NA
chr8	113000000	113100000	0	0.0	NA
chr8	113100000	113200000	17887	4722.0	0.263990607704
chr8	113200000	113300000	3004	804.0	0.267643142477
chr8	113300000	113400000	0	0.0	NA
chr8	113400000	113500000	0	0.0	NA
chr8	113500000	113600000	0	0.0	NA
chr8	113600000	113700000	0	0.0	NA
chr8	113700000	113800000	0	0.0	NA
chr8	113800000	113900000	0	0.0	NA
chr8	113900000	114000000	0	0.0	NA
chr8	114000000	114100000	0	0.0	NA
chr8	114100000	114200000	0	0.0	NA
chr8	114200000	114300000	0	0.0	NA
chr8	114300000	114400000	0	0.0	NA
chr8	114400000	114500000	5816	1439.0	0.24742090784
chr8	114500000	114600000	16821	4255.0	0.252957612508
chr8	114600000	114700000	10411	2785.0	0.267505523005
chr8	114700000	114800000	0	0.0	NA
chr8	114800000	114900000	0	0.0	NA
chr8	114900000	115000000	14508	3731.0	0.257168458781
chr8	115000000	115100000	2655	726.0	0.273446327684
chr8	115100000	115200000	0	0.0	NA
chr8	115200000	115300000	11203	2963.0	0.264482727841
chr8	115300000	115400000	11418	2965.0	0.259677701874
chr8	115400000	115500000	0	0.0	NA
chr8	115500000	115600000	0	0.0	NA
chr8	115600000	115700000	0	0.0	NA
chr8	115700000	115800000	0	0.0	NA
chr8	115800000	115900000	0	0.0	NA
chr8	115900000	116000000	0	0.0	NA
chr8	116000000	116100000	0	0.0	NA
chr8	116100000	116200000	0	0.0	NA
chr8	116200000	116300000	0	0.0	NA
chr8	116300000	116400000	10718	2225.0	0.207594700504
chr8	116400000	116500000	0	0.0	NA
chr8	116500000	116600000	0	0.0	NA
chr8	116600000	116700000	0	0.0	NA
chr8	116700000	116800000	24810	5230.0	0.210802095929
chr8	116800000	116900000	0	0.0	NA
chr8	116900000	117000000	22831	5214.0	0.228373702422
chr8	117000000	117100000	0	0.0	NA
chr8	117100000	117200000	0	0.0	NA
chr8	117200000	117300000	0	0.0	NA
chr8	117300000	117400000	23210	4911.0	0.211589831969
chr8	117400000	117500000	23344	5101.0	0.21851439342
chr8	117500000	117600000	0	0.0	NA
chr8	117600000	117700000	17375	4479.0	0.257784172662
chr8	117700000	117800000	14667	3419.0	0.233108338447
chr8	117800000	117900000	13248	3299.0	0.249018719807
chr8	117900000	118000000	23651	5834.0	0.246670331064
chr8	118000000	118100000	4783	1228.0	0.256742630148
chr8	118100000	118200000	0	0.0	NA
chr8	118200000	118300000	32023	7455.0	0.232801423977
chr8	118300000	118400000	14828	3724.0	0.251146479633
chr8	118400000	118500000	7421	1715.0	0.231100929794
chr8	118500000	118600000	20431	4933.0	0.241446821007
chr8	118600000	118700000	1964	449.0	0.228615071283
chr8	118700000	118800000	18515	4562.0	0.246394815015
chr8	118800000	118900000	0	0.0	NA
chr8	118900000	119000000	0	0.0	NA
chr8	119000000	119100000	0	0.0	NA
chr8	119100000	119200000	20663	4780.0	0.231331365242
chr8	119200000	119300000	0	0.0	NA
chr8	119300000	119400000	0	0.0	NA
chr8	119400000	119500000	0	0.0	NA
chr8	119500000	119600000	0	0.0	NA
chr8	119600000	119700000	0	0.0	NA
chr8	119700000	119800000	1842	423.0	0.229641693811
chr8	119800000	119900000	21810	5123.0	0.234892251261
chr8	119900000	120000000	6633	1653.0	0.24920850294
chr8	120000000	120100000	0	0.0	NA
chr8	120100000	120200000	21244	5255.0	0.247363961589
chr8	120200000	120300000	9042	2187.0	0.241871267419
chr8	120300000	120400000	19070	4645.0	0.24357629785
chr8	120400000	120500000	31755	7313.0	0.23029444182
chr8	120500000	120600000	25602	6400.0	0.249980470276
chr8	120600000	120700000	14990	3816.0	0.254569713142
chr8	120700000	120800000	41207	9743.0	0.23644041061
chr8	120800000	120900000	43465	10515.0	0.241918785229
chr8	120900000	121000000	10404	2522.0	0.242406766628
chr8	121000000	121100000	29517	7449.0	0.252363045025
chr8	121100000	121200000	3654	892.0	0.244116037219
chr8	121200000	121300000	0	0.0	NA
chr8	121300000	121400000	18305	4454.0	0.243321496859
chr8	121400000	121500000	19034	4375.0	0.229851844069
chr8	121500000	121600000	34063	8275.0	0.242932213839
chr8	121600000	121700000	0	0.0	NA
chr8	121700000	121800000	0	0.0	NA
chr8	121800000	121900000	32556	8056.0	0.24745054675
chr8	121900000	122000000	2689	662.0	0.246188174042
chr8	122000000	122100000	0	0.0	NA
chr8	122100000	122200000	15883	3879.0	0.244223383492
chr8	122200000	122300000	19787	5028.0	0.254106231364
chr8	122300000	122400000	0	0.0	NA
chr8	122400000	122500000	0	0.0	NA
chr8	122500000	122600000	18254	4688.0	0.256820422921
chr8	122600000	122700000	27398	6533.0	0.238448061902
chr8	122700000	122800000	15168	3851.0	0.253889767932
chr8	122800000	122900000	15491	3898.0	0.251629978697
chr8	122900000	123000000	23976	5786.0	0.241324657991
chr8	123000000	123100000	0	0.0	NA
chr8	123100000	123200000	16787	4131.0	0.246083278728
chr8	123200000	123300000	0	0.0	NA
chr8	123300000	123400000	14629	3679.0	0.251486772848
chr8	123400000	123500000	2569	715.0	0.278318411833
chr8	123500000	123600000	0	0.0	NA
chr8	123600000	123700000	49524	12332.0	0.249010580729
chr8	123700000	123800000	30513	7674.0	0.251499360928
chr8	123800000	123900000	20552	5414.0	0.263429349942
chr8	123900000	124000000	32345	8474.0	0.261987942495
chr8	124000000	124100000	44852	10858.0	0.242085079818
chr8	124100000	124200000	32922	8128.0	0.246886580402
chr8	124200000	124300000	39507	8197.0	0.207482218341
chr8	124300000	124400000	14424	3093.0	0.214434276206
chr8	124400000	124500000	23975	5908.0	0.246423357664
chr8	124500000	124600000	53239	12828.0	0.240951182404
chr8	124600000	124700000	56546	13859.0	0.245092491069
chr8	124700000	124800000	54194	13501.0	0.249123519209
chr8	124800000	124900000	13999	3529.0	0.25208943496
chr8	124900000	125000000	0	0.0	NA
chr8	125000000	125100000	0	0.0	NA
chr8	125100000	125200000	15720	4103.0	0.261005089059
chr8	125200000	125300000	42415	11020.0	0.259813745137
chr8	125300000	125400000	17980	3795.0	0.21106785317
chr8	125400000	125500000	22815	5085.0	0.222879684418
chr8	125500000	125600000	38065	9851.0	0.258794167871
chr8	125600000	125700000	99	21.0	0.212121212121
chr8	125700000	125800000	16835	4351.0	0.25844965845
chr8	125800000	125900000	1447	365.0	0.252246026261
chr8	125900000	126000000	34746	8934.0	0.257123122086
chr8	126000000	126100000	49158	12201.0	0.248199682656
chr8	126100000	126200000	0	0.0	NA
chr8	126200000	126300000	0	0.0	NA
chr8	126300000	126400000	2350	596.0	0.253617021277
chr8	126400000	126500000	47221	12269.0	0.259820842422
chr8	126500000	126600000	35946	9222.0	0.256551493908
chr8	126600000	126700000	13770	3933.0	0.285620915033
chr8	126700000	126800000	28372	7430.0	0.261877907796
chr8	126800000	126900000	27095	6993.0	0.258091898874
chr8	126900000	127000000	48739	13021.0	0.267157717639
chr8	127000000	127100000	13907	3322.0	0.238872510247
chr8	127100000	127200000	34277	8640.0	0.252064066284
chr8	127200000	127300000	6083	1503.0	0.247082031892
chr8	127300000	127400000	32778	8666.0	0.26438464824
chr8	127400000	127500000	22781	5747.0	0.252271629867
chr8	127500000	127600000	40482	10472.0	0.2586828714
chr8	127600000	127700000	0	0.0	NA
chr8	127700000	127800000	0	0.0	NA
chr8	127800000	127900000	0	0.0	NA
chr8	127900000	128000000	0	0.0	NA
chr8	128000000	128100000	0	0.0	NA
chr8	128100000	128200000	0	0.0	NA
chr8	128200000	128300000	0	0.0	NA
chr8	128300000	128400000	0	0.0	NA
chr8	128400000	128500000	0	0.0	NA
chr8	128500000	128600000	17241	4387.0	0.254451597935
chr8	128600000	128700000	21406	5520.0	0.257871624778
chr8	128700000	128800000	35349	9470.0	0.267900082039
chr8	128800000	128900000	1188	345.0	0.290404040404
chr8	128900000	129000000	0	0.0	NA
chr8	129000000	129100000	0	0.0	NA
chr8	129100000	129200000	46893	12657.0	0.269912353656
chr8	129200000	129300000	26646	7157.0	0.268595661638
chr8	129300000	129400000	10366	2840.0	0.27397260274
chr8	129400000	129500000	0	0.0	NA
chr8	129500000	129600000	2754	765.0	0.277777777778
chr8	129600000	129700000	12848	3353.0	0.260974470735
chr8	129700000	129800000	0	0.0	NA
chr8	129800000	129900000	0	0.0	NA
chr8	129900000	130000000	24492	6495.0	0.265188633023
chr8	130000000	130100000	17937	4510.0	0.251435580086
chr8	130100000	130200000	0	0.0	NA
chr8	130200000	130300000	0	0.0	NA
chr8	130300000	130400000	0	0.0	NA
chr8	130400000	130500000	0	0.0	NA
chr8	130500000	130600000	0	0.0	NA
chr8	130600000	130700000	18503	4610.0	0.249148786683
chr8	130700000	130800000	27331	7555.0	0.276426036369
chr8	130800000	130900000	3169	967.0	0.305143578416
chr8	130900000	131000000	0	0.0	NA
chr8	131000000	131100000	25847	7449.0	0.288195922157
chr8	131100000	131200000	0	0.0	NA
chr8	131200000	131300000	0	0.0	NA
chr8	131300000	131400000	0	0.0	NA
chr8	131400000	131500000	11685	3191.0	0.273085151904
chr8	131500000	131600000	17772	4770.0	0.268399729912
chr8	131600000	131700000	5140	1332.0	0.259143968872
chr8	131700000	131800000	21905	6056.0	0.276466560146
chr8	131800000	131900000	0	0.0	NA
chr8	131900000	132000000	0	0.0	NA
chr8	132000000	132100000	8589	2359.0	0.274653626732
chr8	132100000	132200000	19186	5262.0	0.274262483061
chr8	132200000	132300000	16610	4526.0	0.272486453943
chr8	132300000	132400000	20659	5539.0	0.268115591268
chr8	132400000	132500000	24190	6485.0	0.268085985945
chr8	132500000	132600000	0	0.0	NA
chr8	132600000	132700000	0	0.0	NA
chr8	132700000	132800000	0	0.0	NA
chr8	132800000	132900000	28832	7823.0	0.271330466149
chr8	132900000	133000000	21306	5176.0	0.242936262086
chr8	133000000	133100000	41137	11499.0	0.279529377446
chr8	133100000	133200000	26449	7210.0	0.272600098302
chr8	133200000	133300000	0	0.0	NA
chr8	133300000	133400000	0	0.0	NA
chr8	133400000	133500000	0	0.0	NA
chr8	133500000	133600000	29897	8145.0	0.272435361407
chr8	133600000	133700000	31147	7987.0	0.256429190612
chr8	133700000	133800000	33091	8542.0	0.258136653471
chr8	133800000	133900000	57144	14321.0	0.25061248775
chr8	133900000	134000000	8384	2440.0	0.291030534351
chr8	134000000	134100000	0	0.0	NA
chr8	134100000	134200000	29936	9108.0	0.304249064671
chr8	134200000	134300000	37852	11842.0	0.312850047554
chr8	134300000	134400000	13994	4168.0	0.297841932257
chr8	134400000	134500000	12867	4046.0	0.314447812233
chr8	134500000	134600000	16188	5223.0	0.322646404744
chr8	134600000	134700000	36921	11184.0	0.302917039083
chr8	134700000	134800000	19489	5882.0	0.301811278157
chr8	134800000	134900000	18186	5270.0	0.28978334983
chr8	134900000	135000000	5815	1533.0	0.263628546862
chr8	135000000	135100000	0	0.0	NA
chr8	135100000	135200000	10451	2920.0	0.279399100565
chr8	135200000	135300000	1500	371.0	0.247333333333
chr8	135300000	135400000	15861	4312.0	0.271861799382
chr8	135400000	135500000	11298	3500.0	0.309789343247
chr8	135500000	135600000	0	0.0	NA
chr8	135600000	135700000	5312	1589.0	0.299134036145
chr8	135700000	135800000	39903	11288.0	0.282885998546
chr8	135800000	135900000	61517	15473.0	0.251523968984
chr8	135900000	136000000	16205	4528.0	0.27941993212
chr8	136000000	136100000	0	0.0	NA
chr8	136100000	136200000	13902	3856.0	0.277370162567
chr8	136200000	136300000	28801	7882.0	0.273671053088
chr8	136300000	136400000	17273	4845.0	0.280495571123
chr8	136400000	136500000	22754	6034.0	0.265184143447
chr8	136500000	136600000	14021	3872.0	0.276157192782
chr8	136600000	136700000	8104	2721.0	0.33576011846
chr8	136700000	136800000	15663	4457.0	0.284555959906
chr8	136800000	136900000	271	74.0	0.273062730627
chr8	136900000	137000000	0	0.0	NA
chr8	137000000	137100000	20147	5569.0	0.276418325309
chr8	137100000	137200000	1286	345.0	0.268273716952
chr8	137200000	137300000	16358	4480.0	0.273872111505
chr8	137300000	137400000	0	0.0	NA
chr8	137400000	137500000	16873	4587.0	0.271854442008
chr8	137500000	137600000	21540	5997.0	0.278412256267
chr8	137600000	137700000	0	0.0	NA
chr8	137700000	137800000	0	0.0	NA
chr8	137800000	137900000	0	0.0	NA
chr8	137900000	138000000	0	0.0	NA
chr8	138000000	138100000	30963	8261.0	0.266802312437
chr8	138100000	138200000	13985	3868.0	0.276582052199
chr8	138200000	138300000	0	0.0	NA
chr8	138300000	138400000	18687	5279.0	0.282495852732
chr8	138400000	138500000	23984	6713.0	0.279894929953
chr8	138500000	138600000	0	0.0	NA
chr8	138600000	138700000	0	0.0	NA
chr8	138700000	138800000	13296	4015.0	0.301970517449
chr8	138800000	138900000	1357	387.0	0.285187914517
chr8	138900000	139000000	0	0.0	NA
chr8	139000000	139100000	2324	645.0	0.277538726334
chr8	139100000	139200000	21853	6615.0	0.302704434174
chr8	139200000	139300000	0	0.0	NA
chr8	139300000	139400000	0	0.0	NA
chr8	139400000	139500000	0	0.0	NA
chr8	139500000	139600000	19197	5341.0	0.278220555295
chr8	139600000	139700000	0	0.0	NA
chr8	139700000	139800000	0	0.0	NA
chr8	139800000	139900000	0	0.0	NA
chr8	139900000	140000000	10278	3327.0	0.323701109165
chr8	140000000	140100000	9200	2560.0	0.278260869565
chr8	140100000	140200000	11834	4152.0	0.350853473044
chr8	140200000	140300000	0	0.0	NA
chr8	140300000	140400000	0	0.0	NA
chr8	140400000	140500000	19599	5244.0	0.267564671667
chr8	140500000	140600000	25228	8430.0	0.334152528936
chr8	140600000	140700000	5420	1854.0	0.342066420664
chr8	140700000	140800000	24404	7872.0	0.32257007048
chr8	140800000	140900000	0	0.0	NA
chr8	140900000	141000000	0	0.0	NA
chr8	141000000	141100000	0	0.0	NA
chr8	141100000	141200000	0	0.0	NA
chr8	141200000	141300000	0	0.0	NA
chr8	141300000	141400000	0	0.0	NA
chr8	141400000	141500000	5024	1464.0	0.291401273885
chr8	141500000	141600000	24199	7673.0	0.31707921815
chr8	141600000	141700000	31477	10555.0	0.335324204975
chr8	141700000	141800000	0	0.0	NA
chr8	141800000	141900000	0	0.0	NA
chr8	141900000	142000000	0	0.0	NA
chr8	142000000	142100000	19151	6104.0	0.318730092423
chr8	142100000	142200000	10514	3636.0	0.345824614799
chr8	142200000	142300000	24667	8338.0	0.338022459156
chr8	142300000	142400000	51104	16863.0	0.329974170319
chr8	142400000	142500000	27300	8871.0	0.324945054945
chr8	142500000	142600000	18544	6119.0	0.329971958585
chr8	142600000	142700000	0	0.0	NA
chr8	142700000	142800000	0	0.0	NA
chr8	142800000	142900000	8768	3052.0	0.348083941606
chr8	142900000	143000000	18537	5557.0	0.299778820737
chr8	143000000	143100000	12451	4105.0	0.329692394185
chr8	143100000	143200000	6871	2791.0	0.406199970892
chr8	143200000	143300000	33484	11997.0	0.358290526819
chr8	143300000	143400000	7834	2724.0	0.347715088078
chr8	143400000	143500000	15852	5928.0	0.373959121877
chr8	143500000	143600000	12610	4204.0	0.333386201427
chr8	143600000	143700000	15038	5498.0	0.365607128608
chr8	143700000	143800000	6916	2293.0	0.331550028918
chr8	143800000	143900000	30066	10555.0	0.351060999135
chr8	143900000	144000000	3554	1243.0	0.349746764209
chr8	144000000	144100000	4275	1320.0	0.308771929825
chr8	144100000	144200000	2568	954.0	0.371495327103
chr8	144200000	144300000	10456	3687.0	0.352620504973
chr8	144300000	144400000	12725	4599.0	0.36141453831
chr8	144400000	144500000	21094	7183.0	0.340523371575
chr8	144500000	144600000	28099	8973.0	0.319335207659
chr8	144600000	144700000	42776	13282.0	0.310501215635
chr8	144700000	144800000	9582	2832.0	0.295554164058
chr8	144800000	144900000	19923	5927.0	0.297495357125
chr8	144900000	145000000	45376	11860.0	0.261371650212
chr8	145000000	145100000	43836	13309.0	0.303608905922
chr8	145100000	145200000	35909	9553.0	0.266033584895
chr8	145200000	145300000	5855	2001.0	0.341759180188
chr8	145300000	145400000	0	0.0	NA
chr8	145400000	145500000	0	0.0	NA
chr8	145500000	145600000	37154	11094.0	0.298595036874
chr8	145600000	145700000	44786	12633.0	0.282074755504
chr8	145700000	145800000	38448	11008.0	0.286308780691
chr8	145800000	145900000	4074	1262.0	0.309769268532
chr8	145900000	146000000	9034	2796.0	0.309497454062
chr8	146000000	146100000	17990	5570.0	0.309616453585
chr8	146100000	146200000	14371	3963.0	0.275763690766
chr8	146200000	146300000	6377	1553.0	0.243531441117
chr8	146300000	146364022	0	0.0	NA
