chr8	0	100000	0	0.0	NA
chr8	100000	200000	0	0.0	NA
chr8	200000	300000	22228	1774.0	0.0798092495951
chr8	300000	400000	14186	1179.0	0.0831101085577
chr8	400000	500000	11217	844.0	0.0752429348311
chr8	500000	600000	46091	3302.0	0.0716408843375
chr8	600000	700000	3557	230.0	0.0646612313748
chr8	700000	800000	0	0.0	NA
chr8	800000	900000	0	0.0	NA
chr8	900000	1000000	0	0.0	NA
chr8	1000000	1100000	0	0.0	NA
chr8	1100000	1200000	0	0.0	NA
chr8	1200000	1300000	0	0.0	NA
chr8	1300000	1400000	0	0.0	NA
chr8	1400000	1500000	0	0.0	NA
chr8	1500000	1600000	0	0.0	NA
chr8	1600000	1700000	18007	1587.0	0.0881323929583
chr8	1700000	1800000	17952	1406.0	0.0783199643494
chr8	1800000	1900000	0	0.0	NA
chr8	1900000	2000000	35300	3022.0	0.0856090651558
chr8	2000000	2100000	4433	355.0	0.0800812091135
chr8	2100000	2200000	45942	3899.0	0.0848678768883
chr8	2200000	2300000	8881	662.0	0.0745411552753
chr8	2300000	2400000	26896	2110.0	0.0784503271862
chr8	2400000	2500000	0	0.0	NA
chr8	2500000	2600000	0	0.0	NA
chr8	2600000	2700000	12346	923.0	0.0747610562125
chr8	2700000	2800000	64052	4892.0	0.076375444951
chr8	2800000	2900000	0	0.0	NA
chr8	2900000	3000000	0	0.0	NA
chr8	3000000	3100000	0	0.0	NA
chr8	3100000	3200000	0	0.0	NA
chr8	3200000	3300000	0	0.0	NA
chr8	3300000	3400000	0	0.0	NA
chr8	3400000	3500000	0	0.0	NA
chr8	3500000	3600000	0	0.0	NA
chr8	3600000	3700000	0	0.0	NA
chr8	3700000	3800000	0	0.0	NA
chr8	3800000	3900000	0	0.0	NA
chr8	3900000	4000000	0	0.0	NA
chr8	4000000	4100000	0	0.0	NA
chr8	4100000	4200000	0	0.0	NA
chr8	4200000	4300000	0	0.0	NA
chr8	4300000	4400000	0	0.0	NA
chr8	4400000	4500000	0	0.0	NA
chr8	4500000	4600000	0	0.0	NA
chr8	4600000	4700000	0	0.0	NA
chr8	4700000	4800000	0	0.0	NA
chr8	4800000	4900000	41063	3208.0	0.0781238584614
chr8	4900000	5000000	81953	6132.0	0.0748233743731
chr8	5000000	5100000	70943	5358.0	0.0755254218175
chr8	5100000	5200000	80243	5939.0	0.0740126864649
chr8	5200000	5300000	75235	6060.0	0.0805476174653
chr8	5300000	5400000	61008	4757.0	0.0779733805403
chr8	5400000	5500000	80240	5939.0	0.0740154536391
chr8	5500000	5600000	70201	5459.0	0.0777624250367
chr8	5600000	5700000	84770	6605.0	0.0779167158193
chr8	5700000	5800000	67974	5114.0	0.0752346485421
chr8	5800000	5900000	81359	5992.0	0.0736488894898
chr8	5900000	6000000	1540	109.0	0.0707792207792
chr8	6000000	6100000	0	0.0	NA
chr8	6100000	6200000	45159	3246.0	0.0718793595961
chr8	6200000	6300000	18696	1267.0	0.0677685066324
chr8	6300000	6400000	0	0.0	NA
chr8	6400000	6500000	0	0.0	NA
chr8	6500000	6600000	0	0.0	NA
chr8	6600000	6700000	34664	2517.0	0.0726113547196
chr8	6700000	6800000	39535	3146.0	0.0795750600734
chr8	6800000	6900000	39409	3338.0	0.0847014641326
chr8	6900000	7000000	19138	1644.0	0.0859023931445
chr8	7000000	7100000	0	0.0	NA
chr8	7100000	7200000	0	0.0	NA
chr8	7200000	7300000	0	0.0	NA
chr8	7300000	7400000	0	0.0	NA
chr8	7400000	7500000	0	0.0	NA
chr8	7500000	7600000	0	0.0	NA
chr8	7600000	7700000	0	0.0	NA
chr8	7700000	7800000	0	0.0	NA
chr8	7800000	7900000	0	0.0	NA
chr8	7900000	8000000	0	0.0	NA
chr8	8000000	8100000	0	0.0	NA
chr8	8100000	8200000	59064	3944.0	0.0667750237031
chr8	8200000	8300000	26882	1729.0	0.0643181310914
chr8	8300000	8400000	62530	4272.0	0.0683192067807
chr8	8400000	8500000	73321	4708.0	0.0642107990889
chr8	8500000	8600000	55591	3786.0	0.0681045492975
chr8	8600000	8700000	791	58.0	0.0733249051833
chr8	8700000	8800000	33269	2293.0	0.0689230214314
chr8	8800000	8900000	46379	3213.0	0.0692770434895
chr8	8900000	9000000	62289	4163.0	0.066833630336
chr8	9000000	9100000	43725	2573.0	0.0588450543168
chr8	9100000	9200000	5069	324.0	0.0639179325311
chr8	9200000	9300000	2831	225.0	0.0794772165313
chr8	9300000	9400000	55748	3559.0	0.0638408552773
chr8	9400000	9500000	10204	627.0	0.0614464915719
chr8	9500000	9600000	0	0.0	NA
chr8	9600000	9700000	27581	2195.0	0.0795837714369
chr8	9700000	9800000	55215	3360.0	0.0608530290682
chr8	9800000	9900000	76534	4594.0	0.060025609533
chr8	9900000	10000000	6032	383.0	0.0634946949602
chr8	10000000	10100000	0	0.0	NA
chr8	10100000	10200000	0	0.0	NA
chr8	10200000	10300000	6384	476.0	0.0745614035088
chr8	10300000	10400000	25173	1669.0	0.0663011957256
chr8	10400000	10500000	37998	2862.0	0.0753197536712
chr8	10500000	10600000	33053	2238.0	0.0677094363598
chr8	10600000	10700000	0	0.0	NA
chr8	10700000	10800000	41931	2297.0	0.0547804726813
chr8	10800000	10900000	0	0.0	NA
chr8	10900000	11000000	0	0.0	NA
chr8	11000000	11100000	33096	1904.0	0.0575296108291
chr8	11100000	11200000	21536	1417.0	0.0657968053492
chr8	11200000	11300000	0	0.0	NA
chr8	11300000	11400000	24302	1629.0	0.0670315200395
chr8	11400000	11500000	55547	3778.0	0.068014474229
chr8	11500000	11600000	27439	1907.0	0.069499617333
chr8	11600000	11700000	9589	737.0	0.0768589008239
chr8	11700000	11800000	27803	2070.0	0.0744523972233
chr8	11800000	11900000	35071	2457.0	0.070057882581
chr8	11900000	12000000	0	0.0	NA
chr8	12000000	12100000	0	0.0	NA
chr8	12100000	12200000	0	0.0	NA
chr8	12200000	12300000	0	0.0	NA
chr8	12300000	12400000	0	0.0	NA
chr8	12400000	12500000	0	0.0	NA
chr8	12500000	12600000	4451	506.0	0.11368231858
chr8	12600000	12700000	28770	1736.0	0.0603406326034
chr8	12700000	12800000	68445	4577.0	0.066871210461
chr8	12800000	12900000	10842	803.0	0.0740638258624
chr8	12900000	13000000	26634	1939.0	0.0728016820605
chr8	13000000	13100000	0	0.0	NA
chr8	13100000	13200000	0	0.0	NA
chr8	13200000	13300000	0	0.0	NA
chr8	13300000	13400000	0	0.0	NA
chr8	13400000	13500000	25716	1837.0	0.0714341266138
chr8	13500000	13600000	76520	5864.0	0.0766335598536
chr8	13600000	13700000	76266	6149.0	0.0806257047701
chr8	13700000	13800000	61395	4823.0	0.0785568857399
chr8	13800000	13900000	81395	5985.0	0.0735303151299
chr8	13900000	14000000	34192	2558.0	0.0748128217127
chr8	14000000	14100000	0	0.0	NA
chr8	14100000	14200000	0	0.0	NA
chr8	14200000	14300000	0	0.0	NA
chr8	14300000	14400000	0	0.0	NA
chr8	14400000	14500000	0	0.0	NA
chr8	14500000	14600000	0	0.0	NA
chr8	14600000	14700000	0	0.0	NA
chr8	14700000	14800000	0	0.0	NA
chr8	14800000	14900000	0	0.0	NA
chr8	14900000	15000000	0	0.0	NA
chr8	15000000	15100000	3985	255.0	0.0639899623588
chr8	15100000	15200000	80625	5939.0	0.0736620155039
chr8	15200000	15300000	74843	5620.0	0.0750905228278
chr8	15300000	15400000	71890	5551.0	0.0772151898734
chr8	15400000	15500000	0	0.0	NA
chr8	15500000	15600000	0	0.0	NA
chr8	15600000	15700000	57493	4209.0	0.0732089123893
chr8	15700000	15800000	74308	5717.0	0.0769365344243
chr8	15800000	15900000	56129	4210.0	0.0750057902332
chr8	15900000	16000000	51469	3765.0	0.0731508286541
chr8	16000000	16100000	33589	2372.0	0.0706183572003
chr8	16100000	16200000	84612	6008.0	0.0710064766227
chr8	16200000	16300000	84755	6076.0	0.0716889859005
chr8	16300000	16400000	85271	6072.0	0.0712082654126
chr8	16400000	16500000	50168	3430.0	0.0683702758731
chr8	16500000	16600000	6341	439.0	0.0692319823372
chr8	16600000	16700000	0	0.0	NA
chr8	16700000	16800000	22785	1658.0	0.0727671713847
chr8	16800000	16900000	41979	2994.0	0.0713213749732
chr8	16900000	17000000	7000	469.0	0.067
chr8	17000000	17100000	5259	323.0	0.0614185206313
chr8	17100000	17200000	0	0.0	NA
chr8	17200000	17300000	21826	1550.0	0.0710162191881
chr8	17300000	17400000	41308	3048.0	0.0737871598722
chr8	17400000	17500000	4420	313.0	0.070814479638
chr8	17500000	17600000	660	54.0	0.0818181818182
chr8	17600000	17700000	0	0.0	NA
chr8	17700000	17800000	10658	806.0	0.0756239444549
chr8	17800000	17900000	10085	596.0	0.0590976698066
chr8	17900000	18000000	43079	2947.0	0.0684092016992
chr8	18000000	18100000	32744	2179.0	0.0665465428781
chr8	18100000	18200000	79549	5355.0	0.0673169995852
chr8	18200000	18300000	70186	4903.0	0.0698572364859
chr8	18300000	18400000	60564	4363.0	0.0720394954098
chr8	18400000	18500000	0	0.0	NA
chr8	18500000	18600000	0	0.0	NA
chr8	18600000	18700000	0	0.0	NA
chr8	18700000	18800000	0	0.0	NA
chr8	18800000	18900000	24083	1476.0	0.0612880455093
chr8	18900000	19000000	32629	2151.0	0.0659229519752
chr8	19000000	19100000	0	0.0	NA
chr8	19100000	19200000	42241	3021.0	0.0715181932246
chr8	19200000	19300000	6198	493.0	0.0795417876734
chr8	19300000	19400000	0	0.0	NA
chr8	19400000	19500000	0	0.0	NA
chr8	19500000	19600000	0	0.0	NA
chr8	19600000	19700000	44336	3135.0	0.0707100324792
chr8	19700000	19800000	50636	3474.0	0.0686073149538
chr8	19800000	19900000	54367	3716.0	0.0683502860191
chr8	19900000	20000000	43621	3230.0	0.0740469040141
chr8	20000000	20100000	29923	2218.0	0.0741235838653
chr8	20100000	20200000	30399	2031.0	0.06681140827
chr8	20200000	20300000	64708	4214.0	0.0651233232367
chr8	20300000	20400000	81076	5262.0	0.0649020671962
chr8	20400000	20500000	78866	5908.0	0.07491187584
chr8	20500000	20600000	49143	3755.0	0.0764096615998
chr8	20600000	20700000	84346	5603.0	0.066428757736
chr8	20700000	20800000	83644	5742.0	0.0686480799579
chr8	20800000	20900000	39734	2737.0	0.0688830724317
chr8	20900000	21000000	75361	5196.0	0.0689481296692
chr8	21000000	21100000	77094	5415.0	0.0702389290995
chr8	21100000	21200000	72740	4905.0	0.0674319494089
chr8	21200000	21300000	81629	5221.0	0.063960112215
chr8	21300000	21400000	84326	5203.0	0.0617010174798
chr8	21400000	21500000	85665	5363.0	0.0626043308236
chr8	21500000	21600000	41764	2680.0	0.0641700986496
chr8	21600000	21700000	0	0.0	NA
chr8	21700000	21800000	4478	256.0	0.0571683787405
chr8	21800000	21900000	16019	945.0	0.0589924464698
chr8	21900000	22000000	12052	746.0	0.0618984400929
chr8	22000000	22100000	15902	987.0	0.0620676644447
chr8	22100000	22200000	1295	76.0	0.0586872586873
chr8	22200000	22300000	10497	588.0	0.0560160045727
chr8	22300000	22400000	0	0.0	NA
chr8	22400000	22500000	8526	453.0	0.0531315974666
chr8	22500000	22600000	12741	658.0	0.0516442979358
chr8	22600000	22700000	0	0.0	NA
chr8	22700000	22800000	7792	448.0	0.0574948665298
chr8	22800000	22900000	29792	1967.0	0.0660244360902
chr8	22900000	23000000	12446	995.0	0.0799453639724
chr8	23000000	23100000	8942	663.0	0.074144486692
chr8	23100000	23200000	11501	702.0	0.0610381705939
chr8	23200000	23300000	0	0.0	NA
chr8	23300000	23400000	32238	2002.0	0.0621006265897
chr8	23400000	23500000	49849	2901.0	0.0581957511685
chr8	23500000	23600000	39151	2371.0	0.0605603943705
chr8	23600000	23700000	39986	2144.0	0.0536187665683
chr8	23700000	23800000	73739	3932.0	0.0533232075293
chr8	23800000	23900000	75399	4217.0	0.0559291237284
chr8	23900000	24000000	80319	4965.0	0.0618160086654
chr8	24000000	24100000	72002	4408.0	0.0612205216522
chr8	24100000	24200000	37312	2516.0	0.0674313893654
chr8	24200000	24300000	0	0.0	NA
chr8	24300000	24400000	0	0.0	NA
chr8	24400000	24500000	0	0.0	NA
chr8	24500000	24600000	0	0.0	NA
chr8	24600000	24700000	0	0.0	NA
chr8	24700000	24800000	18288	1220.0	0.0667104111986
chr8	24800000	24900000	50502	3207.0	0.0635024355471
chr8	24900000	25000000	72266	4617.0	0.0638889657654
chr8	25000000	25100000	24833	1718.0	0.069182136673
chr8	25100000	25200000	0	0.0	NA
chr8	25200000	25300000	0	0.0	NA
chr8	25300000	25400000	0	0.0	NA
chr8	25400000	25500000	0	0.0	NA
chr8	25500000	25600000	0	0.0	NA
chr8	25600000	25700000	0	0.0	NA
chr8	25700000	25800000	0	0.0	NA
chr8	25800000	25900000	0	0.0	NA
chr8	25900000	26000000	0	0.0	NA
chr8	26000000	26100000	0	0.0	NA
chr8	26100000	26200000	0	0.0	NA
chr8	26200000	26300000	23244	1463.0	0.0629409740148
chr8	26300000	26400000	43127	2708.0	0.0627912908387
chr8	26400000	26500000	0	0.0	NA
chr8	26500000	26600000	62042	3857.0	0.0621675639083
chr8	26600000	26700000	4893	326.0	0.0666257919477
chr8	26700000	26800000	58879	3560.0	0.0604629834066
chr8	26800000	26900000	72046	4259.0	0.0591150098548
chr8	26900000	27000000	72274	4428.0	0.0612668456153
chr8	27000000	27100000	57178	3468.0	0.0606526985904
chr8	27100000	27200000	18873	1072.0	0.0568007206062
chr8	27200000	27300000	0	0.0	NA
chr8	27300000	27400000	8727	584.0	0.0669187578779
chr8	27400000	27500000	50302	3154.0	0.0627012842432
chr8	27500000	27600000	35394	2023.0	0.0571565802113
chr8	27600000	27700000	5242	331.0	0.0631438382297
chr8	27700000	27800000	17922	941.0	0.0525053007477
chr8	27800000	27900000	25044	1497.0	0.0597747963584
chr8	27900000	28000000	2923	176.0	0.060212110845
chr8	28000000	28100000	38822	2227.0	0.0573643810211
chr8	28100000	28200000	5964	406.0	0.0680751173709
chr8	28200000	28300000	1938	112.0	0.0577915376677
chr8	28300000	28400000	2398	121.0	0.0504587155963
chr8	28400000	28500000	29013	1738.0	0.0599041808844
chr8	28500000	28600000	0	0.0	NA
chr8	28600000	28700000	7619	474.0	0.0622128888306
chr8	28700000	28800000	127	8.0	0.0629921259843
chr8	28800000	28900000	0	0.0	NA
chr8	28900000	29000000	9417	491.0	0.0521397472656
chr8	29000000	29100000	0	0.0	NA
chr8	29100000	29200000	25421	1669.0	0.0656543802368
chr8	29200000	29300000	66546	3784.0	0.0568629218886
chr8	29300000	29400000	67993	4122.0	0.0606238877532
chr8	29400000	29500000	53725	3398.0	0.063248022336
chr8	29500000	29600000	23813	1453.0	0.0610170915046
chr8	29600000	29700000	27564	1617.0	0.0586634740966
chr8	29700000	29800000	57609	3334.0	0.0578729018035
chr8	29800000	29900000	58000	3311.0	0.0570862068966
chr8	29900000	30000000	12556	693.0	0.0551927365403
chr8	30000000	30100000	0	0.0	NA
chr8	30100000	30200000	57949	3558.0	0.0613988162005
chr8	30200000	30300000	18640	1107.0	0.0593884120172
chr8	30300000	30400000	0	0.0	NA
chr8	30400000	30500000	4740	311.0	0.065611814346
chr8	30500000	30600000	5646	344.0	0.0609280906837
chr8	30600000	30700000	18095	1075.0	0.05940867643
chr8	30700000	30800000	40958	2303.0	0.0562283314615
chr8	30800000	30900000	34688	1982.0	0.0571379151292
chr8	30900000	31000000	0	0.0	NA
chr8	31000000	31100000	41135	2621.0	0.0637170292938
chr8	31100000	31200000	23628	1557.0	0.0658963941087
chr8	31200000	31300000	41183	2418.0	0.0587135468519
chr8	31300000	31400000	65757	3841.0	0.0584120321791
chr8	31400000	31500000	68544	3828.0	0.0558473389356
chr8	31500000	31600000	0	0.0	NA
chr8	31600000	31700000	0	0.0	NA
chr8	31700000	31800000	0	0.0	NA
chr8	31800000	31900000	0	0.0	NA
chr8	31900000	32000000	0	0.0	NA
chr8	32000000	32100000	0	0.0	NA
chr8	32100000	32200000	0	0.0	NA
chr8	32200000	32300000	0	0.0	NA
chr8	32300000	32400000	0	0.0	NA
chr8	32400000	32500000	0	0.0	NA
chr8	32500000	32600000	0	0.0	NA
chr8	32600000	32700000	38531	2463.0	0.0639225558641
chr8	32700000	32800000	71778	4072.0	0.0567304745187
chr8	32800000	32900000	0	0.0	NA
chr8	32900000	33000000	76503	4332.0	0.0566252303831
chr8	33000000	33100000	78742	4366.0	0.0554469025425
chr8	33100000	33200000	77707	4398.0	0.0565972177539
chr8	33200000	33300000	17101	914.0	0.0534471668323
chr8	33300000	33400000	14032	842.0	0.0600057012543
chr8	33400000	33500000	15137	885.0	0.058466010438
chr8	33500000	33600000	0	0.0	NA
chr8	33600000	33700000	0	0.0	NA
chr8	33700000	33800000	0	0.0	NA
chr8	33800000	33900000	3027	192.0	0.0634291377602
chr8	33900000	34000000	74692	4035.0	0.0540218497296
chr8	34000000	34100000	59239	3444.0	0.0581373757153
chr8	34100000	34200000	0	0.0	NA
chr8	34200000	34300000	68278	3941.0	0.0577199097806
chr8	34300000	34400000	73779	4487.0	0.0608167635777
chr8	34400000	34500000	68722	4471.0	0.0650592241204
chr8	34500000	34600000	77563	4825.0	0.0622074958421
chr8	34600000	34700000	32164	1993.0	0.0619636861087
chr8	34700000	34800000	60383	3835.0	0.0635112531673
chr8	34800000	34900000	88994	5564.0	0.0625210688361
chr8	34900000	35000000	67494	4259.0	0.0631019053546
chr8	35000000	35100000	71754	4370.0	0.0609025280821
chr8	35100000	35200000	0	0.0	NA
chr8	35200000	35300000	0	0.0	NA
chr8	35300000	35400000	0	0.0	NA
chr8	35400000	35500000	0	0.0	NA
chr8	35500000	35600000	0	0.0	NA
chr8	35600000	35700000	27448	1582.0	0.0576362576508
chr8	35700000	35800000	12991	815.0	0.0627357401278
chr8	35800000	35900000	15854	911.0	0.0574618392835
chr8	35900000	36000000	29092	1886.0	0.0648288189193
chr8	36000000	36100000	69855	4381.0	0.0627156252237
chr8	36100000	36200000	76992	4953.0	0.0643313591022
chr8	36200000	36300000	64969	3947.0	0.0607520509782
chr8	36300000	36400000	51816	3209.0	0.0619306777829
chr8	36400000	36500000	0	0.0	NA
chr8	36500000	36600000	0	0.0	NA
chr8	36600000	36700000	3683	240.0	0.0651642682596
chr8	36700000	36800000	5729	329.0	0.0574271251527
chr8	36800000	36900000	89785	5201.0	0.0579272707022
chr8	36900000	37000000	84702	4803.0	0.0567046822979
chr8	37000000	37100000	84925	4835.0	0.0569325875773
chr8	37100000	37200000	78300	4305.0	0.0549808429119
chr8	37200000	37300000	53511	2879.0	0.0538020220142
chr8	37300000	37400000	0	0.0	NA
chr8	37400000	37500000	32304	1967.0	0.0608902922239
chr8	37500000	37600000	28368	1400.0	0.0493513818387
chr8	37600000	37700000	11371	648.0	0.0569870723771
chr8	37700000	37800000	18272	1056.0	0.0577933450088
chr8	37800000	37900000	29854	1954.0	0.0654518657466
chr8	37900000	38000000	12298	745.0	0.0605789559278
chr8	38000000	38100000	7044	362.0	0.0513912549688
chr8	38100000	38200000	478	23.0	0.0481171548117
chr8	38200000	38300000	3238	150.0	0.0463248919086
chr8	38300000	38400000	23857	1317.0	0.0552039233768
chr8	38400000	38500000	59541	3296.0	0.0553568129524
chr8	38500000	38600000	63682	3437.0	0.0539712948714
chr8	38600000	38700000	0	0.0	NA
chr8	38700000	38800000	31137	1723.0	0.0553360953207
chr8	38800000	38900000	242	6.0	0.0247933884298
chr8	38900000	39000000	1898	95.0	0.050052687039
chr8	39000000	39100000	0	0.0	NA
chr8	39100000	39200000	26781	1491.0	0.0556737985886
chr8	39200000	39300000	10281	679.0	0.0660441591285
chr8	39300000	39400000	10267	615.0	0.0599006525762
chr8	39400000	39500000	14259	871.0	0.0610842275054
chr8	39500000	39600000	10295	603.0	0.0585721223895
chr8	39600000	39700000	4064	261.0	0.0642224409449
chr8	39700000	39800000	30616	1980.0	0.0646720668931
chr8	39800000	39900000	13134	875.0	0.0666209837064
chr8	39900000	40000000	47893	2972.0	0.0620549975988
chr8	40000000	40100000	70482	4163.0	0.0590647257456
chr8	40100000	40200000	53092	3050.0	0.0574474497099
chr8	40200000	40300000	47294	3022.0	0.0638981689009
chr8	40300000	40400000	66208	4331.0	0.0654150555824
chr8	40400000	40500000	0	0.0	NA
chr8	40500000	40600000	0	0.0	NA
chr8	40600000	40700000	0	0.0	NA
chr8	40700000	40800000	32516	2143.0	0.0659060155001
chr8	40800000	40900000	73114	4850.0	0.0663347648877
chr8	40900000	41000000	52488	3527.0	0.0671963115379
chr8	41000000	41100000	75106	4834.0	0.0643623678534
chr8	41100000	41200000	43301	2663.0	0.0614997344172
chr8	41200000	41300000	60207	3317.0	0.0550932615809
chr8	41300000	41400000	44382	2529.0	0.0569825604975
chr8	41400000	41500000	10417	700.0	0.0671978496688
chr8	41500000	41600000	1907	121.0	0.0634504457263
chr8	41600000	41700000	0	0.0	NA
chr8	41700000	41800000	21365	1303.0	0.0609875965364
chr8	41800000	41900000	0	0.0	NA
chr8	41900000	42000000	23648	1302.0	0.0550575101488
chr8	42000000	42100000	27349	1693.0	0.0619035430912
chr8	42100000	42200000	1081	52.0	0.0481036077706
chr8	42200000	42300000	16882	996.0	0.0589977490819
chr8	42300000	42400000	0	0.0	NA
chr8	42400000	42500000	42087	2535.0	0.060232375793
chr8	42500000	42600000	35286	2158.0	0.0611573995352
chr8	42600000	42700000	30262	1761.0	0.0581917916859
chr8	42700000	42800000	2368	103.0	0.0434966216216
chr8	42800000	42900000	0	0.0	NA
chr8	42900000	43000000	11501	577.0	0.0501695504739
chr8	43000000	43100000	13306	1017.0	0.0764316849542
chr8	43100000	43200000	22370	2119.0	0.0947250782298
chr8	43200000	43300000	18284	2234.0	0.122183329687
chr8	43300000	43400000	38973	5515.0	0.141508223642
chr8	43400000	43500000	162	10.0	0.0617283950617
chr8	43500000	43600000	1519	143.0	0.0941408821593
chr8	43600000	43700000	0	0.0	NA
chr8	43700000	43800000	0	0.0	NA
chr8	43800000	43900000	0	0.0	NA
chr8	43900000	44000000	0	0.0	NA
chr8	44000000	44100000	0	0.0	NA
chr8	44100000	44200000	0	0.0	NA
chr8	44200000	44300000	0	0.0	NA
chr8	44300000	44400000	0	0.0	NA
chr8	44400000	44500000	0	0.0	NA
chr8	44500000	44600000	0	0.0	NA
chr8	44600000	44700000	0	0.0	NA
chr8	44700000	44800000	0	0.0	NA
chr8	44800000	44900000	0	0.0	NA
chr8	44900000	45000000	0	0.0	NA
chr8	45000000	45100000	0	0.0	NA
chr8	45100000	45200000	0	0.0	NA
chr8	45200000	45300000	0	0.0	NA
chr8	45300000	45400000	0	0.0	NA
chr8	45400000	45500000	0	0.0	NA
chr8	45500000	45600000	0	0.0	NA
chr8	45600000	45700000	0	0.0	NA
chr8	45700000	45800000	0	0.0	NA
chr8	45800000	45900000	0	0.0	NA
chr8	45900000	46000000	0	0.0	NA
chr8	46000000	46100000	0	0.0	NA
chr8	46100000	46200000	0	0.0	NA
chr8	46200000	46300000	0	0.0	NA
chr8	46300000	46400000	0	0.0	NA
chr8	46400000	46500000	0	0.0	NA
chr8	46500000	46600000	0	0.0	NA
chr8	46600000	46700000	0	0.0	NA
chr8	46700000	46800000	0	0.0	NA
chr8	46800000	46900000	0	0.0	NA
chr8	46900000	47000000	11653	1856.0	0.159272290397
chr8	47000000	47100000	0	0.0	NA
chr8	47100000	47200000	0	0.0	NA
chr8	47200000	47300000	0	0.0	NA
chr8	47300000	47400000	0	0.0	NA
chr8	47400000	47500000	12975	1217.0	0.093795761079
chr8	47500000	47600000	31592	3501.0	0.110819194733
chr8	47600000	47700000	34479	2705.0	0.0784535514371
chr8	47700000	47800000	53704	3890.0	0.0724340831223
chr8	47800000	47900000	59890	4189.0	0.0699448989815
chr8	47900000	48000000	55131	3106.0	0.0563385391159
chr8	48000000	48100000	41933	3948.0	0.0941501919729
chr8	48100000	48200000	34647	1926.0	0.0555892285046
chr8	48200000	48300000	0	0.0	NA
chr8	48300000	48400000	0	0.0	NA
chr8	48400000	48500000	0	0.0	NA
chr8	48500000	48600000	0	0.0	NA
chr8	48600000	48700000	2699	140.0	0.0518710633568
chr8	48700000	48800000	0	0.0	NA
chr8	48800000	48900000	1767	106.0	0.0599886813809
chr8	48900000	49000000	19102	1146.0	0.0599937179353
chr8	49000000	49100000	64185	3825.0	0.0595933629353
chr8	49100000	49200000	57858	3484.0	0.0602163918559
chr8	49200000	49300000	60997	3466.0	0.0568224666787
chr8	49300000	49400000	69364	4070.0	0.0586759702439
chr8	49400000	49500000	47784	2579.0	0.0539720408505
chr8	49500000	49600000	0	0.0	NA
chr8	49600000	49700000	50518	2982.0	0.0590284651015
chr8	49700000	49800000	84139	5117.0	0.060816030616
chr8	49800000	49900000	69803	4237.0	0.0606993968741
chr8	49900000	50000000	55331	3545.0	0.0640689667637
chr8	50000000	50100000	68007	4237.0	0.062302410046
chr8	50100000	50200000	45217	2867.0	0.0634053563925
chr8	50200000	50300000	82682	5239.0	0.0633632471396
chr8	50300000	50400000	35160	2315.0	0.0658418657565
chr8	50400000	50500000	47308	3042.0	0.0643020207999
chr8	50500000	50600000	74760	5052.0	0.0675762439807
chr8	50600000	50700000	74197	5137.0	0.0692346051727
chr8	50700000	50800000	68951	4543.0	0.0658873692912
chr8	50800000	50900000	13208	846.0	0.0640520896426
chr8	50900000	51000000	0	0.0	NA
chr8	51000000	51100000	0	0.0	NA
chr8	51100000	51200000	0	0.0	NA
chr8	51200000	51300000	0	0.0	NA
chr8	51300000	51400000	0	0.0	NA
chr8	51400000	51500000	0	0.0	NA
chr8	51500000	51600000	0	0.0	NA
chr8	51600000	51700000	0	0.0	NA
chr8	51700000	51800000	73207	4947.0	0.0675755050747
chr8	51800000	51900000	75459	5210.0	0.0690441166726
chr8	51900000	52000000	73193	5034.0	0.0687770688454
chr8	52000000	52100000	75711	5147.0	0.0679821954538
chr8	52100000	52200000	51093	3387.0	0.066290881334
chr8	52200000	52300000	0	0.0	NA
chr8	52300000	52400000	0	0.0	NA
chr8	52400000	52500000	0	0.0	NA
chr8	52500000	52600000	0	0.0	NA
chr8	52600000	52700000	0	0.0	NA
chr8	52700000	52800000	4367	276.0	0.0632012823449
chr8	52800000	52900000	8264	526.0	0.0636495643756
chr8	52900000	53000000	37175	2203.0	0.0592602555481
chr8	53000000	53100000	16762	1089.0	0.0649683808615
chr8	53100000	53200000	0	0.0	NA
chr8	53200000	53300000	0	0.0	NA
chr8	53300000	53400000	60209	3826.0	0.0635453171453
chr8	53400000	53500000	42213	2560.0	0.0606448250539
chr8	53500000	53600000	29543	1566.0	0.0530074806215
chr8	53600000	53700000	49319	2873.0	0.0582534114641
chr8	53700000	53800000	57458	3571.0	0.062149744161
chr8	53800000	53900000	67653	4084.0	0.0603668721269
chr8	53900000	54000000	56205	3569.0	0.0634996886398
chr8	54000000	54100000	64716	4050.0	0.0625811236788
chr8	54100000	54200000	29376	1735.0	0.0590618191721
chr8	54200000	54300000	65576	3840.0	0.0585580090277
chr8	54300000	54400000	59748	3675.0	0.061508335007
chr8	54400000	54500000	68523	4357.0	0.0635844898793
chr8	54500000	54600000	58180	3551.0	0.061034719835
chr8	54600000	54700000	16120	972.0	0.0602977667494
chr8	54700000	54800000	3859	224.0	0.0580461259394
chr8	54800000	54900000	5236	292.0	0.0557677616501
chr8	54900000	55000000	3876	244.0	0.062951496388
chr8	55000000	55100000	32246	1839.0	0.0570303293432
chr8	55100000	55200000	69693	3813.0	0.0547113770393
chr8	55200000	55300000	76608	4343.0	0.0566912071846
chr8	55300000	55400000	70558	4009.0	0.0568185039258
chr8	55400000	55500000	52213	2999.0	0.057437802846
chr8	55500000	55600000	0	0.0	NA
chr8	55600000	55700000	0	0.0	NA
chr8	55700000	55800000	11187	633.0	0.0565835344596
chr8	55800000	55900000	72649	4427.0	0.0609368332668
chr8	55900000	56000000	70248	4260.0	0.0606422958661
chr8	56000000	56100000	11715	618.0	0.0527528809219
chr8	56100000	56200000	0	0.0	NA
chr8	56200000	56300000	0	0.0	NA
chr8	56300000	56400000	0	0.0	NA
chr8	56400000	56500000	31298	1911.0	0.0610582145824
chr8	56500000	56600000	67138	4156.0	0.0619023503828
chr8	56600000	56700000	16091	950.0	0.0590392144677
chr8	56700000	56800000	29379	1683.0	0.0572858163995
chr8	56800000	56900000	0	0.0	NA
chr8	56900000	57000000	30964	1867.0	0.0602958274125
chr8	57000000	57100000	39674	2131.0	0.0537127589857
chr8	57100000	57200000	44350	2408.0	0.0542953776776
chr8	57200000	57300000	25565	1479.0	0.0578525327596
chr8	57300000	57400000	27280	1671.0	0.0612536656891
chr8	57400000	57500000	23828	1389.0	0.0582927648145
chr8	57500000	57600000	63256	3765.0	0.0595200455293
chr8	57600000	57700000	87432	5119.0	0.0585483575807
chr8	57700000	57800000	67390	4004.0	0.0594153435228
chr8	57800000	57900000	59655	3568.0	0.0598105774872
chr8	57900000	58000000	68536	4008.0	0.0584802147776
chr8	58000000	58100000	41729	2488.0	0.0596228042848
chr8	58100000	58200000	22551	3163.0	0.140259855439
chr8	58200000	58300000	52770	4199.0	0.0795717263597
chr8	58300000	58400000	82056	5548.0	0.0676123622892
chr8	58400000	58500000	38161	2275.0	0.0596158381594
chr8	58500000	58600000	5753	324.0	0.0563184425517
chr8	58600000	58700000	0	0.0	NA
chr8	58700000	58800000	69149	4306.0	0.0622713271342
chr8	58800000	58900000	74775	4445.0	0.0594450016717
chr8	58900000	59000000	5507	302.0	0.0548392954422
chr8	59000000	59100000	31342	1790.0	0.0571118626763
chr8	59100000	59200000	63080	3783.0	0.0599714648066
chr8	59200000	59300000	66029	3829.0	0.0579896712051
chr8	59300000	59400000	44627	2593.0	0.0581038384834
chr8	59400000	59500000	37436	2109.0	0.0563361470243
chr8	59500000	59600000	9883	572.0	0.0578771628048
chr8	59600000	59700000	70098	4224.0	0.0602584952495
chr8	59700000	59800000	16432	903.0	0.0549537487829
chr8	59800000	59900000	0	0.0	NA
chr8	59900000	60000000	0	0.0	NA
chr8	60000000	60100000	51975	3009.0	0.0578932178932
chr8	60100000	60200000	87666	5188.0	0.0591791572559
chr8	60200000	60300000	80840	4673.0	0.057805541811
chr8	60300000	60400000	58581	3579.0	0.061094894249
chr8	60400000	60500000	44687	2627.0	0.058786671739
chr8	60500000	60600000	73503	3998.0	0.0543923377277
chr8	60600000	60700000	78364	5035.0	0.0642514419887
chr8	60700000	60800000	68977	4360.0	0.0632094756223
chr8	60800000	60900000	72691	4113.0	0.0565819702577
chr8	60900000	61000000	52865	3107.0	0.0587723446515
chr8	61000000	61100000	70510	4127.0	0.0585307048646
chr8	61100000	61200000	5465	272.0	0.0497712717292
chr8	61200000	61300000	64396	3697.0	0.0574103981614
chr8	61300000	61400000	0	0.0	NA
chr8	61400000	61500000	0	0.0	NA
chr8	61500000	61600000	32925	1748.0	0.0530903568717
chr8	61600000	61700000	0	0.0	NA
chr8	61700000	61800000	11874	581.0	0.0489304362473
chr8	61800000	61900000	33885	1762.0	0.0519994097683
chr8	61900000	62000000	80214	4437.0	0.0553145336226
chr8	62000000	62100000	74330	4280.0	0.0575810574465
chr8	62100000	62200000	48751	3181.0	0.0652499435909
chr8	62200000	62300000	0	0.0	NA
chr8	62300000	62400000	0	0.0	NA
chr8	62400000	62500000	0	0.0	NA
chr8	62500000	62600000	0	0.0	NA
chr8	62600000	62700000	51734	3097.0	0.0598639192794
chr8	62700000	62800000	0	0.0	NA
chr8	62800000	62900000	78941	5101.0	0.0646178791756
chr8	62900000	63000000	70240	4486.0	0.0638667425968
chr8	63000000	63100000	74077	4596.0	0.0620435492798
chr8	63100000	63200000	44169	3032.0	0.0686454300528
chr8	63200000	63300000	0	0.0	NA
chr8	63300000	63400000	0	0.0	NA
chr8	63400000	63500000	0	0.0	NA
chr8	63500000	63600000	0	0.0	NA
chr8	63600000	63700000	0	0.0	NA
chr8	63700000	63800000	0	0.0	NA
chr8	63800000	63900000	0	0.0	NA
chr8	63900000	64000000	23594	1551.0	0.0657370517928
chr8	64000000	64100000	34110	2089.0	0.0612430372325
chr8	64100000	64200000	56553	3225.0	0.0570261524588
chr8	64200000	64300000	74217	4326.0	0.058288532277
chr8	64300000	64400000	7858	423.0	0.0538304912191
chr8	64400000	64500000	66558	3768.0	0.0566122780132
chr8	64500000	64600000	83002	4443.0	0.0535288306306
chr8	64600000	64700000	0	0.0	NA
chr8	64700000	64800000	0	0.0	NA
chr8	64800000	64900000	0	0.0	NA
chr8	64900000	65000000	0	0.0	NA
chr8	65000000	65100000	0	0.0	NA
chr8	65100000	65200000	0	0.0	NA
chr8	65200000	65300000	3248	90.0	0.0277093596059
chr8	65300000	65400000	82901	4995.0	0.0602525904392
chr8	65400000	65500000	66058	3798.0	0.057494928699
chr8	65500000	65600000	0	0.0	NA
chr8	65600000	65700000	0	0.0	NA
chr8	65700000	65800000	61917	3528.0	0.056979504821
chr8	65800000	65900000	66478	3866.0	0.0581545774542
chr8	65900000	66000000	83295	4467.0	0.0536286691878
chr8	66000000	66100000	53022	2886.0	0.0544302365056
chr8	66100000	66200000	87767	4517.0	0.0514658128909
chr8	66200000	66300000	77773	4278.0	0.0550062360974
chr8	66300000	66400000	70389	3620.0	0.0514284902471
chr8	66400000	66500000	43752	2472.0	0.0565002742732
chr8	66500000	66600000	15462	760.0	0.0491527616091
chr8	66600000	66700000	2804	145.0	0.0517118402282
chr8	66700000	66800000	31106	1820.0	0.0585096122934
chr8	66800000	66900000	71439	4231.0	0.0592253530984
chr8	66900000	67000000	20548	1164.0	0.0566478489391
chr8	67000000	67100000	26779	1416.0	0.0528772545651
chr8	67100000	67200000	71726	4043.0	0.0563672866185
chr8	67200000	67300000	80816	4262.0	0.052737081766
chr8	67300000	67400000	37597	2028.0	0.053940473974
chr8	67400000	67500000	36362	1995.0	0.0548649689236
chr8	67500000	67600000	9509	459.0	0.0482700599432
chr8	67600000	67700000	0	0.0	NA
chr8	67700000	67800000	5889	337.0	0.057225335371
chr8	67800000	67900000	11125	535.0	0.0480898876404
chr8	67900000	68000000	10504	432.0	0.041127189642
chr8	68000000	68100000	0	0.0	NA
chr8	68100000	68200000	0	0.0	NA
chr8	68200000	68300000	0	0.0	NA
chr8	68300000	68400000	0	0.0	NA
chr8	68400000	68500000	0	0.0	NA
chr8	68500000	68600000	0	0.0	NA
chr8	68600000	68700000	32509	1889.0	0.0581069857578
chr8	68700000	68800000	81241	4629.0	0.0569786191701
chr8	68800000	68900000	43718	2460.0	0.0562697287159
chr8	68900000	69000000	0	0.0	NA
chr8	69000000	69100000	0	0.0	NA
chr8	69100000	69200000	31881	1816.0	0.0569618267934
chr8	69200000	69300000	11217	703.0	0.0626727288936
chr8	69300000	69400000	0	0.0	NA
chr8	69400000	69500000	0	0.0	NA
chr8	69500000	69600000	0	0.0	NA
chr8	69600000	69700000	0	0.0	NA
chr8	69700000	69800000	58116	3584.0	0.0616697639204
chr8	69800000	69900000	16687	1133.0	0.0678971654581
chr8	69900000	70000000	0	0.0	NA
chr8	70000000	70100000	57071	3226.0	0.0565260815475
chr8	70100000	70200000	74868	4260.0	0.0569001442539
chr8	70200000	70300000	72602	4442.0	0.0611828875238
chr8	70300000	70400000	46975	2434.0	0.0518147951038
chr8	70400000	70500000	0	0.0	NA
chr8	70500000	70600000	4536	315.0	0.0694444444444
chr8	70600000	70700000	0	0.0	NA
chr8	70700000	70800000	17480	1105.0	0.0632151029748
chr8	70800000	70900000	43420	2612.0	0.0601566098572
chr8	70900000	71000000	26585	1562.0	0.0587549369945
chr8	71000000	71100000	7123	419.0	0.0588235294118
chr8	71100000	71200000	0	0.0	NA
chr8	71200000	71300000	0	0.0	NA
chr8	71300000	71400000	48237	2610.0	0.0541078425275
chr8	71400000	71500000	51716	3157.0	0.0610449377369
chr8	71500000	71600000	0	0.0	NA
chr8	71600000	71700000	27277	1570.0	0.0575576493016
chr8	71700000	71800000	62089	3527.0	0.0568055533186
chr8	71800000	71900000	64721	3582.0	0.055345251155
chr8	71900000	72000000	83733	4413.0	0.0527032352836
chr8	72000000	72100000	59023	3263.0	0.0552835335378
chr8	72100000	72200000	0	0.0	NA
chr8	72200000	72300000	23786	1322.0	0.055578911965
chr8	72300000	72400000	7731	453.0	0.058595265813
chr8	72400000	72500000	0	0.0	NA
chr8	72500000	72600000	68358	3906.0	0.0571403493373
chr8	72600000	72700000	20554	1102.0	0.0536148681522
chr8	72700000	72800000	38742	2295.0	0.0592380362397
chr8	72800000	72900000	0	0.0	NA
chr8	72900000	73000000	0	0.0	NA
chr8	73000000	73100000	48641	3333.0	0.0685224399169
chr8	73100000	73200000	17947	1513.0	0.0843037833621
chr8	73200000	73300000	57741	3633.0	0.0629188964514
chr8	73300000	73400000	65668	4042.0	0.0615520497046
chr8	73400000	73500000	37036	2211.0	0.0596986715628
chr8	73500000	73600000	0	0.0	NA
chr8	73600000	73700000	0	0.0	NA
chr8	73700000	73800000	0	0.0	NA
chr8	73800000	73900000	37403	1952.0	0.0521883271395
chr8	73900000	74000000	18049	991.0	0.05490608898
chr8	74000000	74100000	75878	4356.0	0.0574079443317
chr8	74100000	74200000	58385	3250.0	0.0556649824441
chr8	74200000	74300000	25613	1470.0	0.0573927302542
chr8	74300000	74400000	24329	1303.0	0.0535574828394
chr8	74400000	74500000	0	0.0	NA
chr8	74500000	74600000	0	0.0	NA
chr8	74600000	74700000	0	0.0	NA
chr8	74700000	74800000	6370	334.0	0.0524332810047
chr8	74800000	74900000	26378	1449.0	0.05493214042
chr8	74900000	75000000	12480	769.0	0.0616185897436
chr8	75000000	75100000	58528	3332.0	0.0569300164024
chr8	75100000	75200000	31043	1692.0	0.0545050413942
chr8	75200000	75300000	35082	1944.0	0.0554130323243
chr8	75300000	75400000	66477	3590.0	0.0540036403568
chr8	75400000	75500000	68264	3708.0	0.0543185280675
chr8	75500000	75600000	4266	226.0	0.0529770276606
chr8	75600000	75700000	0	0.0	NA
chr8	75700000	75800000	13018	797.0	0.0612229221079
chr8	75800000	75900000	71934	4628.0	0.0643367531348
chr8	75900000	76000000	39312	2550.0	0.0648656898657
chr8	76000000	76100000	67408	4044.0	0.0599928791835
chr8	76100000	76200000	28121	1809.0	0.0643291490345
chr8	76200000	76300000	63478	3941.0	0.0620845017171
chr8	76300000	76400000	16301	922.0	0.0565609471812
chr8	76400000	76500000	16978	1138.0	0.0670279184827
chr8	76500000	76600000	52940	3243.0	0.0612580279562
chr8	76600000	76700000	81861	4897.0	0.0598209159429
chr8	76700000	76800000	80442	4815.0	0.0598567912285
chr8	76800000	76900000	74360	4468.0	0.0600860677784
chr8	76900000	77000000	77136	4716.0	0.0611387678905
chr8	77000000	77100000	74399	4574.0	0.0614793209586
chr8	77100000	77200000	86612	5246.0	0.0605689742761
chr8	77200000	77300000	70253	4389.0	0.06247420039
chr8	77300000	77400000	15222	910.0	0.0597818946262
chr8	77400000	77500000	49741	2714.0	0.0545626344464
chr8	77500000	77600000	19947	1299.0	0.0651225748233
chr8	77600000	77700000	0	0.0	NA
chr8	77700000	77800000	19914	1123.0	0.0563924876971
chr8	77800000	77900000	60770	3550.0	0.0584169820635
chr8	77900000	78000000	62308	3695.0	0.0593021762855
chr8	78000000	78100000	79691	4741.0	0.0594922889661
chr8	78100000	78200000	81259	5260.0	0.0647312913031
chr8	78200000	78300000	75549	5274.0	0.0698089981337
chr8	78300000	78400000	9971	599.0	0.0600742152242
chr8	78400000	78500000	27078	1839.0	0.0679149124751
chr8	78500000	78600000	85585	5463.0	0.0638312788456
chr8	78600000	78700000	61714	3959.0	0.0641507599572
chr8	78700000	78800000	62304	4127.0	0.0662397277863
chr8	78800000	78900000	75196	4569.0	0.0607612107027
chr8	78900000	79000000	77692	4376.0	0.0563249755445
chr8	79000000	79100000	68300	4416.0	0.0646559297218
chr8	79100000	79200000	83139	4983.0	0.0599357702161
chr8	79200000	79300000	77710	4638.0	0.0596834384249
chr8	79300000	79400000	30844	1888.0	0.0612112566463
chr8	79400000	79500000	0	0.0	NA
chr8	79500000	79600000	39539	2400.0	0.0606995624573
chr8	79600000	79700000	10808	573.0	0.0530162842339
chr8	79700000	79800000	60281	3523.0	0.0584429588096
chr8	79800000	79900000	68017	4367.0	0.064204537101
chr8	79900000	80000000	81393	5025.0	0.0617374958535
chr8	80000000	80100000	75575	4700.0	0.062189877605
chr8	80100000	80200000	70966	4206.0	0.0592678183919
chr8	80200000	80300000	65715	3865.0	0.0588145781024
chr8	80300000	80400000	84153	5047.0	0.0599740948035
chr8	80400000	80500000	72349	4449.0	0.0614935935535
chr8	80500000	80600000	35623	2056.0	0.0577155208713
chr8	80600000	80700000	60419	3249.0	0.0537744749168
chr8	80700000	80800000	9990	539.0	0.053953953954
chr8	80800000	80900000	26105	1275.0	0.0488412181574
chr8	80900000	81000000	0	0.0	NA
chr8	81000000	81100000	11993	652.0	0.054365046277
chr8	81100000	81200000	41256	2272.0	0.0550707775839
chr8	81200000	81300000	25177	1295.0	0.0514358342932
chr8	81300000	81400000	58430	3043.0	0.0520794112613
chr8	81400000	81500000	38723	1845.0	0.0476461018
chr8	81500000	81600000	31017	1728.0	0.0557113840797
chr8	81600000	81700000	0	0.0	NA
chr8	81700000	81800000	9051	437.0	0.0482819577947
chr8	81800000	81900000	58219	3113.0	0.0534705164981
chr8	81900000	82000000	0	0.0	NA
chr8	82000000	82100000	52878	3073.0	0.0581149060101
chr8	82100000	82200000	68480	3709.0	0.0541617990654
chr8	82200000	82300000	79129	4396.0	0.0555548534671
chr8	82300000	82400000	34519	2004.0	0.0580549842116
chr8	82400000	82500000	36811	2095.0	0.0569123359865
chr8	82500000	82600000	51260	3140.0	0.0612563402263
chr8	82600000	82700000	30686	1762.0	0.0574203219709
chr8	82700000	82800000	33357	1847.0	0.0553706868124
chr8	82800000	82900000	48376	2653.0	0.0548412435919
chr8	82900000	83000000	80185	4565.0	0.0569308474154
chr8	83000000	83100000	28002	1562.0	0.0557817298764
chr8	83100000	83200000	71838	4295.0	0.059787299201
chr8	83200000	83300000	64880	4057.0	0.0625308261406
chr8	83300000	83400000	64100	4019.0	0.0626989079563
chr8	83400000	83500000	20844	1389.0	0.0666378814047
chr8	83500000	83600000	8681	559.0	0.0643935030526
chr8	83600000	83700000	83707	5588.0	0.0667566631226
chr8	83700000	83800000	63769	4127.0	0.06471796641
chr8	83800000	83900000	21655	1443.0	0.0666358808589
chr8	83900000	84000000	73679	4735.0	0.0642652587576
chr8	84000000	84100000	82108	5470.0	0.0666195742193
chr8	84100000	84200000	62629	4294.0	0.0685624870268
chr8	84200000	84300000	74081	5190.0	0.070058449535
chr8	84300000	84400000	73270	4653.0	0.0635048450935
chr8	84400000	84500000	72191	4794.0	0.0664071698688
chr8	84500000	84600000	73394	5209.0	0.0709731040685
chr8	84600000	84700000	68802	4646.0	0.0675271067702
chr8	84700000	84800000	70580	4674.0	0.0662227259847
chr8	84800000	84900000	7130	528.0	0.0740532959327
chr8	84900000	85000000	0	0.0	NA
chr8	85000000	85100000	37091	2167.0	0.0584238764121
chr8	85100000	85200000	0	0.0	NA
chr8	85200000	85300000	0	0.0	NA
chr8	85300000	85400000	0	0.0	NA
chr8	85400000	85500000	0	0.0	NA
chr8	85500000	85600000	0	0.0	NA
chr8	85600000	85700000	0	0.0	NA
chr8	85700000	85800000	0	0.0	NA
chr8	85800000	85900000	48472	2924.0	0.0603234857237
chr8	85900000	86000000	67058	3904.0	0.0582182588207
chr8	86000000	86100000	26388	1538.0	0.058284068516
chr8	86100000	86200000	0	0.0	NA
chr8	86200000	86300000	0	0.0	NA
chr8	86300000	86400000	2415	164.0	0.0679089026915
chr8	86400000	86500000	61359	3842.0	0.0626151012891
chr8	86500000	86600000	41799	2875.0	0.0687815497978
chr8	86600000	86700000	0	0.0	NA
chr8	86700000	86800000	0	0.0	NA
chr8	86800000	86900000	9190	659.0	0.0717083786725
chr8	86900000	87000000	31785	1986.0	0.0624823029731
chr8	87000000	87100000	63858	3894.0	0.0609790472611
chr8	87100000	87200000	23279	1543.0	0.0662829159328
chr8	87200000	87300000	47995	3000.0	0.0625065110949
chr8	87300000	87400000	31997	1927.0	0.0602243960371
chr8	87400000	87500000	3681	208.0	0.0565063841347
chr8	87500000	87600000	9220	485.0	0.0526030368764
chr8	87600000	87700000	0	0.0	NA
chr8	87700000	87800000	865	44.0	0.0508670520231
chr8	87800000	87900000	42243	2393.0	0.0566484387946
chr8	87900000	88000000	0	0.0	NA
chr8	88000000	88100000	0	0.0	NA
chr8	88100000	88200000	0	0.0	NA
chr8	88200000	88300000	0	0.0	NA
chr8	88300000	88400000	2227	143.0	0.0642119443197
chr8	88400000	88500000	66476	4099.0	0.0616613514652
chr8	88500000	88600000	45900	2833.0	0.0617211328976
chr8	88600000	88700000	0	0.0	NA
chr8	88700000	88800000	25305	1399.0	0.0552855166963
chr8	88800000	88900000	60255	3234.0	0.0536718944486
chr8	88900000	89000000	71535	4171.0	0.0583071223876
chr8	89000000	89100000	10921	614.0	0.0562219576962
chr8	89100000	89200000	0	0.0	NA
chr8	89200000	89300000	0	0.0	NA
chr8	89300000	89400000	0	0.0	NA
chr8	89400000	89500000	0	0.0	NA
chr8	89500000	89600000	0	0.0	NA
chr8	89600000	89700000	0	0.0	NA
chr8	89700000	89800000	23046	1387.0	0.0601839798664
chr8	89800000	89900000	72602	4410.0	0.060742128316
chr8	89900000	90000000	75820	4495.0	0.0592851490372
chr8	90000000	90100000	75262	4797.0	0.0637373442109
chr8	90100000	90200000	67267	4383.0	0.0651582499591
chr8	90200000	90300000	72762	4390.0	0.0603336906627
chr8	90300000	90400000	74506	4148.0	0.0556733685878
chr8	90400000	90500000	73001	4243.0	0.0581224914727
chr8	90500000	90600000	64614	3727.0	0.0576809979261
chr8	90600000	90700000	15252	762.0	0.0499606608969
chr8	90700000	90800000	0	0.0	NA
chr8	90800000	90900000	70297	3796.0	0.0539994594364
chr8	90900000	91000000	17327	964.0	0.055635713049
chr8	91000000	91100000	10559	545.0	0.051614736244
chr8	91100000	91200000	73505	4004.0	0.054472484865
chr8	91200000	91300000	24502	1359.0	0.0554648600114
chr8	91300000	91400000	0	0.0	NA
chr8	91400000	91500000	65743	3738.0	0.0568577643247
chr8	91500000	91600000	33595	1947.0	0.0579550528352
chr8	91600000	91700000	1865	99.0	0.0530831099196
chr8	91700000	91800000	0	0.0	NA
chr8	91800000	91900000	0	0.0	NA
chr8	91900000	92000000	2029	103.0	0.0507639231148
chr8	92000000	92100000	13469	732.0	0.0543470190809
chr8	92100000	92200000	12128	581.0	0.0479056728232
chr8	92200000	92300000	0	0.0	NA
chr8	92300000	92400000	0	0.0	NA
chr8	92400000	92500000	79040	4400.0	0.0556680161943
chr8	92500000	92600000	31805	1767.0	0.055557302311
chr8	92600000	92700000	0	0.0	NA
chr8	92700000	92800000	0	0.0	NA
chr8	92800000	92900000	0	0.0	NA
chr8	92900000	93000000	33474	1964.0	0.0586724024616
chr8	93000000	93100000	0	0.0	NA
chr8	93100000	93200000	64156	3296.0	0.0513747739884
chr8	93200000	93300000	66115	3785.0	0.0572487332678
chr8	93300000	93400000	63698	3756.0	0.0589657446074
chr8	93400000	93500000	67433	3481.0	0.0516216095977
chr8	93500000	93600000	56650	3113.0	0.0549514563107
chr8	93600000	93700000	17791	1112.0	0.0625035130122
chr8	93700000	93800000	11022	600.0	0.0544365813827
chr8	93800000	93900000	5203	256.0	0.0492023832404
chr8	93900000	94000000	0	0.0	NA
chr8	94000000	94100000	54556	3271.0	0.0599567416966
chr8	94100000	94200000	60738	3224.0	0.0530804438737
chr8	94200000	94300000	16349	913.0	0.0558443941525
chr8	94300000	94400000	0	0.0	NA
chr8	94400000	94500000	0	0.0	NA
chr8	94500000	94600000	0	0.0	NA
chr8	94600000	94700000	0	0.0	NA
chr8	94700000	94800000	7870	444.0	0.056416772554
chr8	94800000	94900000	39214	2242.0	0.0571734584587
chr8	94900000	95000000	49110	2643.0	0.0538179596823
chr8	95000000	95100000	73676	4202.0	0.0570334980184
chr8	95100000	95200000	23465	1338.0	0.0570210952482
chr8	95200000	95300000	48780	2732.0	0.0560065600656
chr8	95300000	95400000	59306	3104.0	0.0523387178363
chr8	95400000	95500000	8533	411.0	0.0481659439822
chr8	95500000	95600000	9739	487.0	0.0500051339973
chr8	95600000	95700000	21981	1273.0	0.0579136527001
chr8	95700000	95800000	2599	125.0	0.0480954213159
chr8	95800000	95900000	16853	989.0	0.0586839138432
chr8	95900000	96000000	0	0.0	NA
chr8	96000000	96100000	0	0.0	NA
chr8	96100000	96200000	53525	2872.0	0.0536571695469
chr8	96200000	96300000	11998	651.0	0.0542590431739
chr8	96300000	96400000	0	0.0	NA
chr8	96400000	96500000	0	0.0	NA
chr8	96500000	96600000	0	0.0	NA
chr8	96600000	96700000	0	0.0	NA
chr8	96700000	96800000	0	0.0	NA
chr8	96800000	96900000	60770	3172.0	0.0521968076353
chr8	96900000	97000000	74813	3929.0	0.0525176105757
chr8	97000000	97100000	57812	3075.0	0.0531896492078
chr8	97100000	97200000	63440	3309.0	0.0521595208071
chr8	97200000	97300000	27047	1482.0	0.0547935075979
chr8	97300000	97400000	31301	1716.0	0.0548225296316
chr8	97400000	97500000	72407	3907.0	0.0539588713798
chr8	97500000	97600000	4760	247.0	0.0518907563025
chr8	97600000	97700000	27680	1578.0	0.0570086705202
chr8	97700000	97800000	0	0.0	NA
chr8	97800000	97900000	0	0.0	NA
chr8	97900000	98000000	0	0.0	NA
chr8	98000000	98100000	0	0.0	NA
chr8	98100000	98200000	0	0.0	NA
chr8	98200000	98300000	0	0.0	NA
chr8	98300000	98400000	0	0.0	NA
chr8	98400000	98500000	24837	1437.0	0.057857229134
chr8	98500000	98600000	59549	3268.0	0.0548791751331
chr8	98600000	98700000	29202	1612.0	0.0552016985138
chr8	98700000	98800000	14068	875.0	0.062197895934
chr8	98800000	98900000	10267	540.0	0.052595694945
chr8	98900000	99000000	0	0.0	NA
chr8	99000000	99100000	8768	512.0	0.0583941605839
chr8	99100000	99200000	27356	1605.0	0.0586708583126
chr8	99200000	99300000	1985	100.0	0.0503778337531
chr8	99300000	99400000	60863	3320.0	0.0545487406142
chr8	99400000	99500000	51259	2918.0	0.0569265885015
chr8	99500000	99600000	0	0.0	NA
chr8	99600000	99700000	0	0.0	NA
chr8	99700000	99800000	0	0.0	NA
chr8	99800000	99900000	0	0.0	NA
chr8	99900000	100000000	24146	1087.0	0.0450178083326
chr8	100000000	100100000	6519	341.0	0.0523086362939
chr8	100100000	100200000	0	0.0	NA
chr8	100200000	100300000	0	0.0	NA
chr8	100300000	100400000	0	0.0	NA
chr8	100400000	100500000	0	0.0	NA
chr8	100500000	100600000	0	0.0	NA
chr8	100600000	100700000	0	0.0	NA
chr8	100700000	100800000	0	0.0	NA
chr8	100800000	100900000	279	10.0	0.0358422939068
chr8	100900000	101000000	39171	2027.0	0.0517474662378
chr8	101000000	101100000	0	0.0	NA
chr8	101100000	101200000	20954	1206.0	0.0575546435048
chr8	101200000	101300000	11756	527.0	0.0448281728479
chr8	101300000	101400000	23677	1237.0	0.0522447945263
chr8	101400000	101500000	44847	2494.0	0.0556113006444
chr8	101500000	101600000	19084	1053.0	0.0551771117166
chr8	101600000	101700000	25211	1496.0	0.0593391773432
chr8	101700000	101800000	47282	2674.0	0.0565542912736
chr8	101800000	101900000	70068	4234.0	0.0604270137581
chr8	101900000	102000000	39020	2151.0	0.0551255766274
chr8	102000000	102100000	50326	2762.0	0.0548821682629
chr8	102100000	102200000	54332	3060.0	0.0563204005006
chr8	102200000	102300000	61485	3302.0	0.0537041554851
chr8	102300000	102400000	63618	3687.0	0.057955295671
chr8	102400000	102500000	23734	1447.0	0.0609673885565
chr8	102500000	102600000	0	0.0	NA
chr8	102600000	102700000	2689	187.0	0.0695425808851
chr8	102700000	102800000	0	0.0	NA
chr8	102800000	102900000	0	0.0	NA
chr8	102900000	103000000	0	0.0	NA
chr8	103000000	103100000	0	0.0	NA
chr8	103100000	103200000	48398	2713.0	0.0560560353734
chr8	103200000	103300000	11149	656.0	0.0588393577899
chr8	103300000	103400000	0	0.0	NA
chr8	103400000	103500000	34622	1918.0	0.0553983016579
chr8	103500000	103600000	57869	3412.0	0.0589607561907
chr8	103600000	103700000	44310	2669.0	0.0602347099977
chr8	103700000	103800000	73829	4245.0	0.0574977312438
chr8	103800000	103900000	23926	1355.0	0.0566329516008
chr8	103900000	104000000	903	39.0	0.0431893687708
chr8	104000000	104100000	22283	1311.0	0.0588340887672
chr8	104100000	104200000	26847	1628.0	0.0606399225239
chr8	104200000	104300000	0	0.0	NA
chr8	104300000	104400000	29485	1636.0	0.0554858402578
chr8	104400000	104500000	34205	1626.0	0.0475369098085
chr8	104500000	104600000	0	0.0	NA
chr8	104600000	104700000	0	0.0	NA
chr8	104700000	104800000	0	0.0	NA
chr8	104800000	104900000	0	0.0	NA
chr8	104900000	105000000	0	0.0	NA
chr8	105000000	105100000	0	0.0	NA
chr8	105100000	105200000	0	0.0	NA
chr8	105200000	105300000	25138	1472.0	0.0585567666481
chr8	105300000	105400000	52155	3163.0	0.0606461508964
chr8	105400000	105500000	15500	905.0	0.0583870967742
chr8	105500000	105600000	922	50.0	0.0542299349241
chr8	105600000	105700000	81014	4288.0	0.0529291233614
chr8	105700000	105800000	73906	4114.0	0.0556653045761
chr8	105800000	105900000	85929	4555.0	0.0530088794237
chr8	105900000	106000000	82369	4391.0	0.0533088904806
chr8	106000000	106100000	82211	4546.0	0.0552967364465
chr8	106100000	106200000	43048	2203.0	0.0511754320758
chr8	106200000	106300000	69511	4227.0	0.0608105191984
chr8	106300000	106400000	23879	1298.0	0.0543573851501
chr8	106400000	106500000	0	0.0	NA
chr8	106500000	106600000	0	0.0	NA
chr8	106600000	106700000	0	0.0	NA
chr8	106700000	106800000	0	0.0	NA
chr8	106800000	106900000	0	0.0	NA
chr8	106900000	107000000	0	0.0	NA
chr8	107000000	107100000	17615	1049.0	0.0595515185921
chr8	107100000	107200000	75687	4436.0	0.0586098008905
chr8	107200000	107300000	64398	4086.0	0.0634491754402
chr8	107300000	107400000	0	0.0	NA
chr8	107400000	107500000	0	0.0	NA
chr8	107500000	107600000	0	0.0	NA
chr8	107600000	107700000	0	0.0	NA
chr8	107700000	107800000	17502	955.0	0.0545651925494
chr8	107800000	107900000	71963	4313.0	0.0599335769771
chr8	107900000	108000000	85300	5197.0	0.0609261430246
chr8	108000000	108100000	65935	3769.0	0.0571623568666
chr8	108100000	108200000	86007	5044.0	0.0586463892474
chr8	108200000	108300000	50905	2897.0	0.0569099302623
chr8	108300000	108400000	0	0.0	NA
chr8	108400000	108500000	0	0.0	NA
chr8	108500000	108600000	50509	2944.0	0.0582866419846
chr8	108600000	108700000	57700	3494.0	0.060554592721
chr8	108700000	108800000	79234	4322.0	0.0545472903047
chr8	108800000	108900000	82484	4726.0	0.0572959604287
chr8	108900000	109000000	4291	233.0	0.0542996970403
chr8	109000000	109100000	3580	184.0	0.0513966480447
chr8	109100000	109200000	61280	3552.0	0.0579634464752
chr8	109200000	109300000	45219	2262.0	0.0500232203277
chr8	109300000	109400000	71272	3904.0	0.0547760691436
chr8	109400000	109500000	44355	2306.0	0.0519896291286
chr8	109500000	109600000	64026	3533.0	0.0551807078374
chr8	109600000	109700000	0	0.0	NA
chr8	109700000	109800000	79	3.0	0.0379746835443
chr8	109800000	109900000	79949	4342.0	0.0543096223843
chr8	109900000	110000000	7128	453.0	0.0635521885522
chr8	110000000	110100000	16905	1009.0	0.059686483289
chr8	110100000	110200000	56348	3195.0	0.0567012138851
chr8	110200000	110300000	35519	1943.0	0.0547031166418
chr8	110300000	110400000	13926	843.0	0.0605342524774
chr8	110400000	110500000	0	0.0	NA
chr8	110500000	110600000	15229	746.0	0.0489854882133
chr8	110600000	110700000	0	0.0	NA
chr8	110700000	110800000	72674	4449.0	0.0612185926191
chr8	110800000	110900000	72419	4135.0	0.0570982753145
chr8	110900000	111000000	62696	3658.0	0.058345029986
chr8	111000000	111100000	70243	4479.0	0.0637643608616
chr8	111100000	111200000	81511	5172.0	0.0634515586853
chr8	111200000	111300000	69587	4365.0	0.062727233535
chr8	111300000	111400000	66888	4056.0	0.0606386795838
chr8	111400000	111500000	63944	3979.0	0.0622263230327
chr8	111500000	111600000	80701	5168.0	0.0640388594937
chr8	111600000	111700000	61092	3961.0	0.0648366398219
chr8	111700000	111800000	75706	5039.0	0.0665601141257
chr8	111800000	111900000	77238	5262.0	0.0681270877029
chr8	111900000	112000000	31751	2121.0	0.0668010456364
chr8	112000000	112100000	42778	2766.0	0.0646594043667
chr8	112100000	112200000	9779	652.0	0.0666734839963
chr8	112200000	112300000	36674	2532.0	0.0690407373071
chr8	112300000	112400000	66327	4403.0	0.0663832225187
chr8	112400000	112500000	0	0.0	NA
chr8	112500000	112600000	52432	3403.0	0.064903112603
chr8	112600000	112700000	74981	4888.0	0.0651898480949
chr8	112700000	112800000	69337	4449.0	0.064164875896
chr8	112800000	112900000	62014	3834.0	0.0618247492502
chr8	112900000	113000000	71139	4530.0	0.0636781512251
chr8	113000000	113100000	71798	4595.0	0.0639989971866
chr8	113100000	113200000	76352	4760.0	0.0623428331936
chr8	113200000	113300000	18065	1122.0	0.0621090506504
chr8	113300000	113400000	0	0.0	NA
chr8	113400000	113500000	0	0.0	NA
chr8	113500000	113600000	0	0.0	NA
chr8	113600000	113700000	0	0.0	NA
chr8	113700000	113800000	0	0.0	NA
chr8	113800000	113900000	0	0.0	NA
chr8	113900000	114000000	0	0.0	NA
chr8	114000000	114100000	0	0.0	NA
chr8	114100000	114200000	0	0.0	NA
chr8	114200000	114300000	0	0.0	NA
chr8	114300000	114400000	0	0.0	NA
chr8	114400000	114500000	41010	2733.0	0.0666422823702
chr8	114500000	114600000	72129	4733.0	0.0656185445521
chr8	114600000	114700000	65411	4350.0	0.0665025760193
chr8	114700000	114800000	78218	4935.0	0.0630928942187
chr8	114800000	114900000	73718	4940.0	0.0670121272959
chr8	114900000	115000000	78449	5053.0	0.0644112735663
chr8	115000000	115100000	63877	4161.0	0.0651408175086
chr8	115100000	115200000	72305	4675.0	0.0646566627481
chr8	115200000	115300000	66912	4490.0	0.0671030607365
chr8	115300000	115400000	59462	3968.0	0.0667316941912
chr8	115400000	115500000	76055	5112.0	0.0672145158109
chr8	115500000	115600000	71661	4566.0	0.0637166659689
chr8	115600000	115700000	73431	4676.0	0.0636788277431
chr8	115700000	115800000	77480	4819.0	0.0621966959215
chr8	115800000	115900000	85902	5351.0	0.0622919140416
chr8	115900000	116000000	67316	4483.0	0.066596351536
chr8	116000000	116100000	66835	4002.0	0.0598788060148
chr8	116100000	116200000	78264	4519.0	0.0577404681591
chr8	116200000	116300000	75909	4418.0	0.0582012673069
chr8	116300000	116400000	70952	4015.0	0.0565875521479
chr8	116400000	116500000	14168	730.0	0.0515245623941
chr8	116500000	116600000	0	0.0	NA
chr8	116600000	116700000	13875	722.0	0.052036036036
chr8	116700000	116800000	82456	4893.0	0.0593407393034
chr8	116800000	116900000	81101	4575.0	0.0564111416629
chr8	116900000	117000000	57511	3239.0	0.0563196605867
chr8	117000000	117100000	0	0.0	NA
chr8	117100000	117200000	0	0.0	NA
chr8	117200000	117300000	0	0.0	NA
chr8	117300000	117400000	44362	2362.0	0.0532437671881
chr8	117400000	117500000	74634	3881.0	0.052000428759
chr8	117500000	117600000	82632	4505.0	0.0545188304773
chr8	117600000	117700000	42227	2482.0	0.0587775593814
chr8	117700000	117800000	0	0.0	NA
chr8	117800000	117900000	9748	584.0	0.0599097250718
chr8	117900000	118000000	37041	2201.0	0.0594206419913
chr8	118000000	118100000	0	0.0	NA
chr8	118100000	118200000	9102	489.0	0.0537244561635
chr8	118200000	118300000	83722	4595.0	0.0548840209264
chr8	118300000	118400000	86154	4895.0	0.056816862827
chr8	118400000	118500000	72372	3932.0	0.0543304040237
chr8	118500000	118600000	63084	3673.0	0.0582239553611
chr8	118600000	118700000	86468	4771.0	0.0551764814729
chr8	118700000	118800000	80560	4581.0	0.056864448858
chr8	118800000	118900000	4913	262.0	0.0533279055567
chr8	118900000	119000000	0	0.0	NA
chr8	119000000	119100000	0	0.0	NA
chr8	119100000	119200000	58363	3388.0	0.0580504771859
chr8	119200000	119300000	1487	64.0	0.0430396772024
chr8	119300000	119400000	0	0.0	NA
chr8	119400000	119500000	0	0.0	NA
chr8	119500000	119600000	0	0.0	NA
chr8	119600000	119700000	0	0.0	NA
chr8	119700000	119800000	21419	1123.0	0.0524300854382
chr8	119800000	119900000	74064	4207.0	0.0568022251026
chr8	119900000	120000000	23101	1279.0	0.0553655685901
chr8	120000000	120100000	0	0.0	NA
chr8	120100000	120200000	33782	1983.0	0.0586998993547
chr8	120200000	120300000	29803	1791.0	0.0600946213468
chr8	120300000	120400000	55266	3294.0	0.0596026490066
chr8	120400000	120500000	23377	1410.0	0.0603156949138
chr8	120500000	120600000	48209	2738.0	0.0567943744944
chr8	120600000	120700000	11812	759.0	0.0642566881138
chr8	120700000	120800000	30658	1808.0	0.0589731880749
chr8	120800000	120900000	8206	453.0	0.0552035096271
chr8	120900000	121000000	0	0.0	NA
chr8	121000000	121100000	23259	1369.0	0.0588589363257
chr8	121100000	121200000	12917	728.0	0.0563598358752
chr8	121200000	121300000	0	0.0	NA
chr8	121300000	121400000	11509	636.0	0.0552611000087
chr8	121400000	121500000	6476	316.0	0.0487955528104
chr8	121500000	121600000	10441	596.0	0.0570826549181
chr8	121600000	121700000	0	0.0	NA
chr8	121700000	121800000	0	0.0	NA
chr8	121800000	121900000	58772	3443.0	0.0585823181107
chr8	121900000	122000000	9022	560.0	0.0620704943472
chr8	122000000	122100000	0	0.0	NA
chr8	122100000	122200000	53600	3128.0	0.0583582089552
chr8	122200000	122300000	83814	4910.0	0.0585820984561
chr8	122300000	122400000	75817	4218.0	0.0556339607212
chr8	122400000	122500000	74068	4073.0	0.0549900091808
chr8	122500000	122600000	72795	4233.0	0.0581495981867
chr8	122600000	122700000	28275	1545.0	0.0546419098143
chr8	122700000	122800000	65227	3455.0	0.0529688625876
chr8	122800000	122900000	73428	3856.0	0.0525140273465
chr8	122900000	123000000	35884	1991.0	0.0554843384238
chr8	123000000	123100000	0	0.0	NA
chr8	123100000	123200000	46574	2518.0	0.0540644995062
chr8	123200000	123300000	55027	3343.0	0.0607519944754
chr8	123300000	123400000	76212	4341.0	0.0569595339317
chr8	123400000	123500000	24229	1368.0	0.0564612654257
chr8	123500000	123600000	16035	928.0	0.0578734019333
chr8	123600000	123700000	62095	3664.0	0.0590063612207
chr8	123700000	123800000	69102	3978.0	0.0575670747591
chr8	123800000	123900000	0	0.0	NA
chr8	123900000	124000000	2910	184.0	0.0632302405498
chr8	124000000	124100000	25250	1573.0	0.062297029703
chr8	124100000	124200000	14685	947.0	0.0644875723527
chr8	124200000	124300000	16990	948.0	0.0557975279576
chr8	124300000	124400000	17149	934.0	0.0544638171322
chr8	124400000	124500000	23764	1421.0	0.0597963305841
chr8	124500000	124600000	38755	2273.0	0.0586504967101
chr8	124600000	124700000	33185	1915.0	0.0577067952388
chr8	124700000	124800000	23033	1347.0	0.0584813094256
chr8	124800000	124900000	31155	1895.0	0.0608249077195
chr8	124900000	125000000	0	0.0	NA
chr8	125000000	125100000	0	0.0	NA
chr8	125100000	125200000	12270	737.0	0.060065199674
chr8	125200000	125300000	29078	1799.0	0.06186807896
chr8	125300000	125400000	22659	1402.0	0.0618738691028
chr8	125400000	125500000	42676	2571.0	0.0602446339863
chr8	125500000	125600000	0	0.0	NA
chr8	125600000	125700000	0	0.0	NA
chr8	125700000	125800000	41210	2436.0	0.0591118660519
chr8	125800000	125900000	12483	700.0	0.0560762637187
chr8	125900000	126000000	18988	1064.0	0.0560353907731
chr8	126000000	126100000	9171	462.0	0.0503761858031
chr8	126100000	126200000	0	0.0	NA
chr8	126200000	126300000	0	0.0	NA
chr8	126300000	126400000	10272	608.0	0.0591900311526
chr8	126400000	126500000	46098	2841.0	0.0616295717819
chr8	126500000	126600000	36523	1931.0	0.0528707937464
chr8	126600000	126700000	81512	4842.0	0.0594022965944
chr8	126700000	126800000	81225	4785.0	0.0589104339797
chr8	126800000	126900000	82723	4911.0	0.0593668024612
chr8	126900000	127000000	55618	3541.0	0.0636664389227
chr8	127000000	127100000	65130	3918.0	0.0601566098572
chr8	127100000	127200000	81382	4978.0	0.0611683173183
chr8	127200000	127300000	66926	4108.0	0.0613812270269
chr8	127300000	127400000	58840	3597.0	0.0611318830727
chr8	127400000	127500000	55712	3579.0	0.0642410970706
chr8	127500000	127600000	41042	2399.0	0.0584523171385
chr8	127600000	127700000	0	0.0	NA
chr8	127700000	127800000	44179	2549.0	0.0576970959053
chr8	127800000	127900000	42671	2637.0	0.0617984110989
chr8	127900000	128000000	0	0.0	NA
chr8	128000000	128100000	38374	2209.0	0.0575650179809
chr8	128100000	128200000	16229	926.0	0.0570583523322
chr8	128200000	128300000	13998	811.0	0.0579368481212
chr8	128300000	128400000	0	0.0	NA
chr8	128400000	128500000	4660	270.0	0.0579399141631
chr8	128500000	128600000	84675	5133.0	0.0606200177148
chr8	128600000	128700000	75408	4747.0	0.0629508805432
chr8	128700000	128800000	26349	1682.0	0.0638354396751
chr8	128800000	128900000	1569	121.0	0.0771191841938
chr8	128900000	129000000	0	0.0	NA
chr8	129000000	129100000	0	0.0	NA
chr8	129100000	129200000	72054	4495.0	0.0623837677298
chr8	129200000	129300000	86545	5397.0	0.0623606216419
chr8	129300000	129400000	80166	5179.0	0.0646034478457
chr8	129400000	129500000	14518	834.0	0.0574459291913
chr8	129500000	129600000	19056	1078.0	0.056570109152
chr8	129600000	129700000	82574	4792.0	0.0580327948265
chr8	129700000	129800000	56599	3322.0	0.058693616495
chr8	129800000	129900000	79028	4479.0	0.0566761147948
chr8	129900000	130000000	29859	1792.0	0.0600154057403
chr8	130000000	130100000	83305	5165.0	0.0620010803673
chr8	130100000	130200000	83517	4823.0	0.0577487218171
chr8	130200000	130300000	68668	3832.0	0.0558047416555
chr8	130300000	130400000	49325	2699.0	0.0547187024835
chr8	130400000	130500000	0	0.0	NA
chr8	130500000	130600000	0	0.0	NA
chr8	130600000	130700000	3819	179.0	0.0468709086148
chr8	130700000	130800000	41068	2390.0	0.0581961624623
chr8	130800000	130900000	9877	651.0	0.06591070163
chr8	130900000	131000000	0	0.0	NA
chr8	131000000	131100000	21327	1496.0	0.0701458245417
chr8	131100000	131200000	0	0.0	NA
chr8	131200000	131300000	0	0.0	NA
chr8	131300000	131400000	0	0.0	NA
chr8	131400000	131500000	31073	1894.0	0.0609532391465
chr8	131500000	131600000	75929	4593.0	0.0604907215952
chr8	131600000	131700000	32020	1854.0	0.0579013116802
chr8	131700000	131800000	68059	4317.0	0.06343025904
chr8	131800000	131900000	0	0.0	NA
chr8	131900000	132000000	0	0.0	NA
chr8	132000000	132100000	34551	2156.0	0.0624005093919
chr8	132100000	132200000	71617	4571.0	0.0638256279934
chr8	132200000	132300000	61975	3865.0	0.0623638563937
chr8	132300000	132400000	67877	3933.0	0.0579430440355
chr8	132400000	132500000	84353	5174.0	0.0613374746601
chr8	132500000	132600000	78097	4892.0	0.062640050194
chr8	132600000	132700000	77572	4783.0	0.0616588459754
chr8	132700000	132800000	71095	4593.0	0.0646036992756
chr8	132800000	132900000	72442	4303.0	0.0593992435328
chr8	132900000	133000000	14174	815.0	0.0574996472414
chr8	133000000	133100000	8989	486.0	0.0540660807654
chr8	133100000	133200000	8514	458.0	0.0537937514682
chr8	133200000	133300000	0	0.0	NA
chr8	133300000	133400000	0	0.0	NA
chr8	133400000	133500000	6258	357.0	0.0570469798658
chr8	133500000	133600000	59482	3671.0	0.0617161494234
chr8	133600000	133700000	8815	494.0	0.0560408394782
chr8	133700000	133800000	33103	1989.0	0.0600851886536
chr8	133800000	133900000	15453	858.0	0.0555231993788
chr8	133900000	134000000	0	0.0	NA
chr8	134000000	134100000	0	0.0	NA
chr8	134100000	134200000	43840	2807.0	0.0640282846715
chr8	134200000	134300000	6717	515.0	0.0766711329463
chr8	134300000	134400000	65602	4300.0	0.0655467821103
chr8	134400000	134500000	46266	3206.0	0.0692949466131
chr8	134500000	134600000	10304	638.0	0.0619177018634
chr8	134600000	134700000	59566	4138.0	0.0694691602592
chr8	134700000	134800000	63856	4155.0	0.0650682786269
chr8	134800000	134900000	50842	3287.0	0.0646512725699
chr8	134900000	135000000	72770	4432.0	0.0609042187715
chr8	135000000	135100000	78788	4972.0	0.0631060567599
chr8	135100000	135200000	85297	5160.0	0.060494507427
chr8	135200000	135300000	20026	1178.0	0.0588235294118
chr8	135300000	135400000	56359	3375.0	0.0598839581966
chr8	135400000	135500000	70161	4449.0	0.0634112968743
chr8	135500000	135600000	0	0.0	NA
chr8	135600000	135700000	0	0.0	NA
chr8	135700000	135800000	52878	3078.0	0.0582094632929
chr8	135800000	135900000	45240	2466.0	0.0545092838196
chr8	135900000	136000000	80089	5074.0	0.0633545180986
chr8	136000000	136100000	90045	5477.0	0.0608251429841
chr8	136100000	136200000	77880	4707.0	0.0604391371341
chr8	136200000	136300000	40990	2594.0	0.0632837277385
chr8	136300000	136400000	67697	4333.0	0.0640057905077
chr8	136400000	136500000	45417	2837.0	0.0624655965828
chr8	136500000	136600000	0	0.0	NA
chr8	136600000	136700000	36512	2478.0	0.0678680981595
chr8	136700000	136800000	72723	4738.0	0.0651513276405
chr8	136800000	136900000	71081	4571.0	0.0643069174604
chr8	136900000	137000000	82902	5235.0	0.0631468480857
chr8	137000000	137100000	51736	3120.0	0.0603061697851
chr8	137100000	137200000	15585	1008.0	0.064677574591
chr8	137200000	137300000	75966	5097.0	0.0670958060185
chr8	137300000	137400000	84777	5654.0	0.0666926171013
chr8	137400000	137500000	79608	5115.0	0.0642523364486
chr8	137500000	137600000	1962	128.0	0.0652395514781
chr8	137600000	137700000	0	0.0	NA
chr8	137700000	137800000	0	0.0	NA
chr8	137800000	137900000	0	0.0	NA
chr8	137900000	138000000	2253	182.0	0.080781180648
chr8	138000000	138100000	68701	4634.0	0.0674517110377
chr8	138100000	138200000	81447	5262.0	0.0646064311761
chr8	138200000	138300000	70467	4587.0	0.0650942994593
chr8	138300000	138400000	78840	5349.0	0.0678462709285
chr8	138400000	138500000	74756	4884.0	0.065332548558
chr8	138500000	138600000	79863	5396.0	0.067565706272
chr8	138600000	138700000	77093	4910.0	0.0636893103135
chr8	138700000	138800000	67788	4485.0	0.0661621525934
chr8	138800000	138900000	16906	1118.0	0.0661303679167
chr8	138900000	139000000	0	0.0	NA
chr8	139000000	139100000	1238	76.0	0.0613893376414
chr8	139100000	139200000	29029	1771.0	0.0610079575597
chr8	139200000	139300000	0	0.0	NA
chr8	139300000	139400000	0	0.0	NA
chr8	139400000	139500000	0	0.0	NA
chr8	139500000	139600000	76721	4751.0	0.0619256787581
chr8	139600000	139700000	477	33.0	0.0691823899371
chr8	139700000	139800000	0	0.0	NA
chr8	139800000	139900000	0	0.0	NA
chr8	139900000	140000000	51813	3259.0	0.0628992723834
chr8	140000000	140100000	76976	5091.0	0.0661374974018
chr8	140100000	140200000	57064	3794.0	0.0664867517174
chr8	140200000	140300000	83743	5391.0	0.064375529895
chr8	140300000	140400000	86912	5653.0	0.0650428019146
chr8	140400000	140500000	81566	4896.0	0.060025010421
chr8	140500000	140600000	84153	6110.0	0.0726058488705
chr8	140600000	140700000	11140	933.0	0.0837522441652
chr8	140700000	140800000	20323	1143.0	0.0562416965999
chr8	140800000	140900000	0	0.0	NA
chr8	140900000	141000000	0	0.0	NA
chr8	141000000	141100000	0	0.0	NA
chr8	141100000	141200000	0	0.0	NA
chr8	141200000	141300000	0	0.0	NA
chr8	141300000	141400000	0	0.0	NA
chr8	141400000	141500000	12423	751.0	0.0604523867021
chr8	141500000	141600000	7926	525.0	0.0662376987131
chr8	141600000	141700000	10718	656.0	0.0612054487778
chr8	141700000	141800000	0	0.0	NA
chr8	141800000	141900000	0	0.0	NA
chr8	141900000	142000000	0	0.0	NA
chr8	142000000	142100000	54213	3503.0	0.0646154981278
chr8	142100000	142200000	21892	1660.0	0.0758267860406
chr8	142200000	142300000	19151	1461.0	0.0762884444677
chr8	142300000	142400000	59113	4289.0	0.0725559521594
chr8	142400000	142500000	782	60.0	0.076726342711
chr8	142500000	142600000	61158	4715.0	0.0770953922627
chr8	142600000	142700000	84493	6515.0	0.0771069792764
chr8	142700000	142800000	30975	2383.0	0.0769330104923
chr8	142800000	142900000	63964	4824.0	0.0754174223
chr8	142900000	143000000	59245	4254.0	0.0718035277239
chr8	143000000	143100000	82557	6582.0	0.0797267342563
chr8	143100000	143200000	66369	5265.0	0.0793292048999
chr8	143200000	143300000	57007	4839.0	0.0848843124529
chr8	143300000	143400000	0	0.0	NA
chr8	143400000	143500000	8323	714.0	0.0857863751051
chr8	143500000	143600000	18107	1343.0	0.0741702104159
chr8	143600000	143700000	50649	4167.0	0.0822721080377
chr8	143700000	143800000	28139	1950.0	0.0692988379118
chr8	143800000	143900000	24385	1789.0	0.0733647734263
chr8	143900000	144000000	42160	2882.0	0.0683586337761
chr8	144000000	144100000	19566	1472.0	0.0752325462537
chr8	144100000	144200000	30805	2175.0	0.0706054211979
chr8	144200000	144300000	56105	4231.0	0.0754121736031
chr8	144300000	144400000	22468	1843.0	0.0820277728325
chr8	144400000	144500000	22819	1667.0	0.0730531574565
chr8	144500000	144600000	9076	740.0	0.0815337152931
chr8	144600000	144700000	6221	488.0	0.0784439800675
chr8	144700000	144800000	4329	281.0	0.0649110649111
chr8	144800000	144900000	751	57.0	0.0758988015979
chr8	144900000	145000000	34338	2775.0	0.0808142582562
chr8	145000000	145100000	0	0.0	NA
chr8	145100000	145200000	17761	1294.0	0.0728562580936
chr8	145200000	145300000	0	0.0	NA
chr8	145300000	145400000	0	0.0	NA
chr8	145400000	145500000	0	0.0	NA
chr8	145500000	145600000	10907	758.0	0.0694966535253
chr8	145600000	145700000	4197	343.0	0.0817250416964
chr8	145700000	145800000	2733	216.0	0.0790340285401
chr8	145800000	145900000	0	0.0	NA
chr8	145900000	146000000	17240	1048.0	0.060788863109
chr8	146000000	146100000	7770	542.0	0.0697554697555
chr8	146100000	146200000	21121	1341.0	0.0634913119644
chr8	146200000	146300000	6874	478.0	0.0695373872563
chr8	146300000	146364022	0	0.0	NA
