chr8	0	100000	0	0.0	NA
chr8	100000	200000	0	0.0	NA
chr8	200000	300000	546	176.0	0.322344322344
chr8	300000	400000	321	107.0	0.333333333333
chr8	400000	500000	1554	474.0	0.305019305019
chr8	500000	600000	4033	1249.0	0.309695016117
chr8	600000	700000	4740	1602.0	0.337974683544
chr8	700000	800000	0	0.0	NA
chr8	800000	900000	0	0.0	NA
chr8	900000	1000000	0	0.0	NA
chr8	1000000	1100000	0	0.0	NA
chr8	1100000	1200000	0	0.0	NA
chr8	1200000	1300000	0	0.0	NA
chr8	1300000	1400000	0	0.0	NA
chr8	1400000	1500000	0	0.0	NA
chr8	1500000	1600000	0	0.0	NA
chr8	1600000	1700000	130	50.0	0.384615384615
chr8	1700000	1800000	715	262.0	0.366433566434
chr8	1800000	1900000	0	0.0	NA
chr8	1900000	2000000	2970	1232.0	0.414814814815
chr8	2000000	2100000	0	0.0	NA
chr8	2100000	2200000	5452	1693.0	0.310528246515
chr8	2200000	2300000	0	0.0	NA
chr8	2300000	2400000	7413	2617.0	0.35302846351
chr8	2400000	2500000	0	0.0	NA
chr8	2500000	2600000	0	0.0	NA
chr8	2600000	2700000	1636	662.0	0.404645476773
chr8	2700000	2800000	0	0.0	NA
chr8	2800000	2900000	0	0.0	NA
chr8	2900000	3000000	0	0.0	NA
chr8	3000000	3100000	0	0.0	NA
chr8	3100000	3200000	0	0.0	NA
chr8	3200000	3300000	0	0.0	NA
chr8	3300000	3400000	0	0.0	NA
chr8	3400000	3500000	0	0.0	NA
chr8	3500000	3600000	0	0.0	NA
chr8	3600000	3700000	0	0.0	NA
chr8	3700000	3800000	0	0.0	NA
chr8	3800000	3900000	0	0.0	NA
chr8	3900000	4000000	0	0.0	NA
chr8	4000000	4100000	0	0.0	NA
chr8	4100000	4200000	0	0.0	NA
chr8	4200000	4300000	0	0.0	NA
chr8	4300000	4400000	0	0.0	NA
chr8	4400000	4500000	0	0.0	NA
chr8	4500000	4600000	0	0.0	NA
chr8	4600000	4700000	0	0.0	NA
chr8	4700000	4800000	0	0.0	NA
chr8	4800000	4900000	4195	1444.0	0.344219308701
chr8	4900000	5000000	6116	1929.0	0.315402223676
chr8	5000000	5100000	1107	328.0	0.296296296296
chr8	5100000	5200000	0	0.0	NA
chr8	5200000	5300000	0	0.0	NA
chr8	5300000	5400000	4636	1442.0	0.311044003451
chr8	5400000	5500000	0	0.0	NA
chr8	5500000	5600000	6928	2156.0	0.311200923788
chr8	5600000	5700000	0	0.0	NA
chr8	5700000	5800000	3245	958.0	0.295223420647
chr8	5800000	5900000	5717	1743.0	0.304880181914
chr8	5900000	6000000	862	323.0	0.374709976798
chr8	6000000	6100000	0	0.0	NA
chr8	6100000	6200000	2716	773.0	0.284609720177
chr8	6200000	6300000	841	283.0	0.336504161712
chr8	6300000	6400000	0	0.0	NA
chr8	6400000	6500000	0	0.0	NA
chr8	6500000	6600000	4144	1113.0	0.268581081081
chr8	6600000	6700000	3883	1255.0	0.323203708473
chr8	6700000	6800000	7584	2416.0	0.318565400844
chr8	6800000	6900000	0	0.0	NA
chr8	6900000	7000000	35	12.0	0.342857142857
chr8	7000000	7100000	0	0.0	NA
chr8	7100000	7200000	0	0.0	NA
chr8	7200000	7300000	33	18.0	0.545454545455
chr8	7300000	7400000	0	0.0	NA
chr8	7400000	7500000	0	0.0	NA
chr8	7500000	7600000	0	0.0	NA
chr8	7600000	7700000	0	0.0	NA
chr8	7700000	7800000	0	0.0	NA
chr8	7800000	7900000	0	0.0	NA
chr8	7900000	8000000	0	0.0	NA
chr8	8000000	8100000	540	156.0	0.288888888889
chr8	8100000	8200000	6402	1696.0	0.264917213371
chr8	8200000	8300000	6024	1575.0	0.261454183267
chr8	8300000	8400000	3701	1066.0	0.288030262091
chr8	8400000	8500000	16455	4157.0	0.252628380431
chr8	8500000	8600000	9059	2539.0	0.280273760901
chr8	8600000	8700000	4929	1362.0	0.276323797931
chr8	8700000	8800000	7736	1833.0	0.236944157187
chr8	8800000	8900000	8681	2143.0	0.246860960719
chr8	8900000	9000000	8861	2357.0	0.265997065794
chr8	9000000	9100000	21707	5434.0	0.250333993643
chr8	9100000	9200000	1088	304.0	0.279411764706
chr8	9200000	9300000	0	0.0	NA
chr8	9300000	9400000	0	0.0	NA
chr8	9400000	9500000	940	239.0	0.254255319149
chr8	9500000	9600000	0	0.0	NA
chr8	9600000	9700000	0	0.0	NA
chr8	9700000	9800000	19549	4489.0	0.22962811397
chr8	9800000	9900000	1709	412.0	0.241076653013
chr8	9900000	10000000	7144	1711.0	0.239501679731
chr8	10000000	10100000	0	0.0	NA
chr8	10100000	10200000	0	0.0	NA
chr8	10200000	10300000	6580	1878.0	0.285410334347
chr8	10300000	10400000	12187	3258.0	0.267334044474
chr8	10400000	10500000	6670	2048.0	0.307046476762
chr8	10500000	10600000	13621	4091.0	0.300345055429
chr8	10600000	10700000	3778	967.0	0.255955532028
chr8	10700000	10800000	16752	4310.0	0.257282712512
chr8	10800000	10900000	0	0.0	NA
chr8	10900000	11000000	0	0.0	NA
chr8	11000000	11100000	10287	2648.0	0.257412267911
chr8	11100000	11200000	7020	1611.0	0.229487179487
chr8	11200000	11300000	0	0.0	NA
chr8	11300000	11400000	6906	2029.0	0.293802490588
chr8	11400000	11500000	9887	2886.0	0.291898452513
chr8	11500000	11600000	1264	395.0	0.3125
chr8	11600000	11700000	16710	4836.0	0.289407540395
chr8	11700000	11800000	7262	2073.0	0.285458551363
chr8	11800000	11900000	10683	2916.0	0.272957034541
chr8	11900000	12000000	0	0.0	NA
chr8	12000000	12100000	0	0.0	NA
chr8	12100000	12200000	0	0.0	NA
chr8	12200000	12300000	0	0.0	NA
chr8	12300000	12400000	0	0.0	NA
chr8	12400000	12500000	0	0.0	NA
chr8	12500000	12600000	4293	1017.0	0.236897274633
chr8	12600000	12700000	9809	2425.0	0.247221939036
chr8	12700000	12800000	8494	2187.0	0.257475865317
chr8	12800000	12900000	2414	665.0	0.275476387738
chr8	12900000	13000000	5064	1412.0	0.278830963665
chr8	13000000	13100000	0	0.0	NA
chr8	13100000	13200000	0	0.0	NA
chr8	13200000	13300000	0	0.0	NA
chr8	13300000	13400000	0	0.0	NA
chr8	13400000	13500000	5536	1478.0	0.266979768786
chr8	13500000	13600000	0	0.0	NA
chr8	13600000	13700000	2191	596.0	0.272021907805
chr8	13700000	13800000	3681	996.0	0.270578647107
chr8	13800000	13900000	0	0.0	NA
chr8	13900000	14000000	3894	1035.0	0.265793528505
chr8	14000000	14100000	0	0.0	NA
chr8	14100000	14200000	0	0.0	NA
chr8	14200000	14300000	0	0.0	NA
chr8	14300000	14400000	0	0.0	NA
chr8	14400000	14500000	0	0.0	NA
chr8	14500000	14600000	0	0.0	NA
chr8	14600000	14700000	0	0.0	NA
chr8	14700000	14800000	0	0.0	NA
chr8	14800000	14900000	0	0.0	NA
chr8	14900000	15000000	0	0.0	NA
chr8	15000000	15100000	0	0.0	NA
chr8	15100000	15200000	4820	1223.0	0.253734439834
chr8	15200000	15300000	0	0.0	NA
chr8	15300000	15400000	6064	1431.0	0.235982849604
chr8	15400000	15500000	0	0.0	NA
chr8	15500000	15600000	0	0.0	NA
chr8	15600000	15700000	2897	835.0	0.288229202623
chr8	15700000	15800000	0	0.0	NA
chr8	15800000	15900000	5250	1377.0	0.262285714286
chr8	15900000	16000000	0	0.0	NA
chr8	16000000	16100000	3603	1004.0	0.278656674993
chr8	16100000	16200000	0	0.0	NA
chr8	16200000	16300000	0	0.0	NA
chr8	16300000	16400000	0	0.0	NA
chr8	16400000	16500000	2073	525.0	0.253256150507
chr8	16500000	16600000	1628	416.0	0.255528255528
chr8	16600000	16700000	0	0.0	NA
chr8	16700000	16800000	1901	500.0	0.26301946344
chr8	16800000	16900000	5170	1271.0	0.24584139265
chr8	16900000	17000000	6504	1565.0	0.240621156212
chr8	17000000	17100000	14056	3292.0	0.234206033011
chr8	17100000	17200000	0	0.0	NA
chr8	17200000	17300000	1302	317.0	0.243471582181
chr8	17300000	17400000	3088	751.0	0.243199481865
chr8	17400000	17500000	7986	2071.0	0.259328825445
chr8	17500000	17600000	3595	986.0	0.274269819193
chr8	17600000	17700000	4458	1158.0	0.259757738896
chr8	17700000	17800000	5082	1204.0	0.236914600551
chr8	17800000	17900000	0	0.0	NA
chr8	17900000	18000000	0	0.0	NA
chr8	18000000	18100000	0	0.0	NA
chr8	18100000	18200000	0	0.0	NA
chr8	18200000	18300000	0	0.0	NA
chr8	18300000	18400000	1247	377.0	0.302325581395
chr8	18400000	18500000	0	0.0	NA
chr8	18500000	18600000	0	0.0	NA
chr8	18600000	18700000	0	0.0	NA
chr8	18700000	18800000	0	0.0	NA
chr8	18800000	18900000	918	250.0	0.272331154684
chr8	18900000	19000000	3331	827.0	0.248273791654
chr8	19000000	19100000	0	0.0	NA
chr8	19100000	19200000	4385	1117.0	0.254732041049
chr8	19200000	19300000	5575	1440.0	0.258295964126
chr8	19300000	19400000	0	0.0	NA
chr8	19400000	19500000	0	0.0	NA
chr8	19500000	19600000	0	0.0	NA
chr8	19600000	19700000	3030	817.0	0.269636963696
chr8	19700000	19800000	584	163.0	0.279109589041
chr8	19800000	19900000	976	229.0	0.234631147541
chr8	19900000	20000000	1271	322.0	0.253343823761
chr8	20000000	20100000	15984	4201.0	0.262825325325
chr8	20100000	20200000	5211	1359.0	0.26079447323
chr8	20200000	20300000	5597	1550.0	0.276934071824
chr8	20300000	20400000	0	0.0	NA
chr8	20400000	20500000	5844	1521.0	0.260266940452
chr8	20500000	20600000	7415	1954.0	0.263519892111
chr8	20600000	20700000	0	0.0	NA
chr8	20700000	20800000	1191	269.0	0.225860621327
chr8	20800000	20900000	22047	5965.0	0.27055835261
chr8	20900000	21000000	6314	1903.0	0.301393728223
chr8	21000000	21100000	3996	1129.0	0.282532532533
chr8	21100000	21200000	6221	1688.0	0.27133901302
chr8	21200000	21300000	0	0.0	NA
chr8	21300000	21400000	8956	2126.0	0.237382760161
chr8	21400000	21500000	5593	1482.0	0.264974074736
chr8	21500000	21600000	4497	1347.0	0.299533022015
chr8	21600000	21700000	0	0.0	NA
chr8	21700000	21800000	7453	1852.0	0.248490540722
chr8	21800000	21900000	5593	1530.0	0.273556231003
chr8	21900000	22000000	35500	8635.0	0.24323943662
chr8	22000000	22100000	24256	5982.0	0.24661939314
chr8	22100000	22200000	6286	1567.0	0.249284123449
chr8	22200000	22300000	7708	1893.0	0.245588998443
chr8	22300000	22400000	2114	418.0	0.197729422895
chr8	22400000	22500000	20128	5094.0	0.253080286169
chr8	22500000	22600000	16386	3536.0	0.215793970463
chr8	22600000	22700000	0	0.0	NA
chr8	22700000	22800000	0	0.0	NA
chr8	22800000	22900000	6126	1650.0	0.269343780607
chr8	22900000	23000000	1434	484.0	0.337517433752
chr8	23000000	23100000	818	220.0	0.268948655257
chr8	23100000	23200000	10646	3019.0	0.283580687582
chr8	23200000	23300000	0	0.0	NA
chr8	23300000	23400000	17613	4915.0	0.279055243286
chr8	23400000	23500000	6730	1728.0	0.25676077266
chr8	23500000	23600000	17529	4649.0	0.265217639341
chr8	23600000	23700000	12320	3043.0	0.246996753247
chr8	23700000	23800000	4208	956.0	0.227186311787
chr8	23800000	23900000	0	0.0	NA
chr8	23900000	24000000	7129	1720.0	0.241268060036
chr8	24000000	24100000	1809	482.0	0.266445550028
chr8	24100000	24200000	153	44.0	0.287581699346
chr8	24200000	24300000	0	0.0	NA
chr8	24300000	24400000	0	0.0	NA
chr8	24400000	24500000	0	0.0	NA
chr8	24500000	24600000	0	0.0	NA
chr8	24600000	24700000	0	0.0	NA
chr8	24700000	24800000	9995	2236.0	0.223711855928
chr8	24800000	24900000	12256	3332.0	0.271866840731
chr8	24900000	25000000	0	0.0	NA
chr8	25000000	25100000	5283	1326.0	0.250993753549
chr8	25100000	25200000	0	0.0	NA
chr8	25200000	25300000	0	0.0	NA
chr8	25300000	25400000	0	0.0	NA
chr8	25400000	25500000	0	0.0	NA
chr8	25500000	25600000	0	0.0	NA
chr8	25600000	25700000	0	0.0	NA
chr8	25700000	25800000	0	0.0	NA
chr8	25800000	25900000	0	0.0	NA
chr8	25900000	26000000	0	0.0	NA
chr8	26000000	26100000	0	0.0	NA
chr8	26100000	26200000	0	0.0	NA
chr8	26200000	26300000	12306	2865.0	0.232813261824
chr8	26300000	26400000	3924	1274.0	0.324668705403
chr8	26400000	26500000	0	0.0	NA
chr8	26500000	26600000	2226	604.0	0.271338724169
chr8	26600000	26700000	267	71.0	0.265917602996
chr8	26700000	26800000	1024	298.0	0.291015625
chr8	26800000	26900000	2422	731.0	0.301816680429
chr8	26900000	27000000	11723	3241.0	0.276465068668
chr8	27000000	27100000	7701	2088.0	0.271133619011
chr8	27100000	27200000	8623	2343.0	0.271715180332
chr8	27200000	27300000	0	0.0	NA
chr8	27300000	27400000	11913	3440.0	0.288760177957
chr8	27400000	27500000	8944	2472.0	0.276386404293
chr8	27500000	27600000	13778	3566.0	0.258818406155
chr8	27600000	27700000	6568	1615.0	0.245889159562
chr8	27700000	27800000	3942	898.0	0.227803145611
chr8	27800000	27900000	6027	1635.0	0.271279243405
chr8	27900000	28000000	4021	1007.0	0.250435215121
chr8	28000000	28100000	3732	929.0	0.248928188639
chr8	28100000	28200000	1943	415.0	0.213587236233
chr8	28200000	28300000	4532	1223.0	0.269858781995
chr8	28300000	28400000	5485	1313.0	0.239380127621
chr8	28400000	28500000	2641	673.0	0.254827716774
chr8	28500000	28600000	0	0.0	NA
chr8	28600000	28700000	317	85.0	0.268138801262
chr8	28700000	28800000	5396	1127.0	0.20885841364
chr8	28800000	28900000	0	0.0	NA
chr8	28900000	29000000	19514	4471.0	0.229117556626
chr8	29000000	29100000	0	0.0	NA
chr8	29100000	29200000	6133	1495.0	0.243763248003
chr8	29200000	29300000	5880	1595.0	0.271258503401
chr8	29300000	29400000	6481	1805.0	0.278506403333
chr8	29400000	29500000	9126	2632.0	0.288406749945
chr8	29500000	29600000	6245	1590.0	0.254603682946
chr8	29600000	29700000	10051	2495.0	0.248234006567
chr8	29700000	29800000	10347	2634.0	0.254566541026
chr8	29800000	29900000	10369	2402.0	0.231652039734
chr8	29900000	30000000	2847	705.0	0.247629083246
chr8	30000000	30100000	0	0.0	NA
chr8	30100000	30200000	685	187.0	0.27299270073
chr8	30200000	30300000	98	23.0	0.234693877551
chr8	30300000	30400000	0	0.0	NA
chr8	30400000	30500000	6545	2030.0	0.310160427807
chr8	30500000	30600000	2569	665.0	0.258855585831
chr8	30600000	30700000	1608	442.0	0.274875621891
chr8	30700000	30800000	1961	478.0	0.243753187149
chr8	30800000	30900000	2544	691.0	0.271619496855
chr8	30900000	31000000	0	0.0	NA
chr8	31000000	31100000	1419	353.0	0.248766737139
chr8	31100000	31200000	1691	398.0	0.235363690124
chr8	31200000	31300000	2534	640.0	0.252565114444
chr8	31300000	31400000	790	161.0	0.203797468354
chr8	31400000	31500000	6337	1491.0	0.235284835095
chr8	31500000	31600000	0	0.0	NA
chr8	31600000	31700000	0	0.0	NA
chr8	31700000	31800000	0	0.0	NA
chr8	31800000	31900000	0	0.0	NA
chr8	31900000	32000000	0	0.0	NA
chr8	32000000	32100000	0	0.0	NA
chr8	32100000	32200000	0	0.0	NA
chr8	32200000	32300000	0	0.0	NA
chr8	32300000	32400000	0	0.0	NA
chr8	32400000	32500000	0	0.0	NA
chr8	32500000	32600000	0	0.0	NA
chr8	32600000	32700000	2916	774.0	0.265432098765
chr8	32700000	32800000	10070	2495.0	0.247765640516
chr8	32800000	32900000	0	0.0	NA
chr8	32900000	33000000	2223	557.0	0.250562303194
chr8	33000000	33100000	4613	988.0	0.214177324951
chr8	33100000	33200000	2947	772.0	0.261961316593
chr8	33200000	33300000	10878	2594.0	0.238462952749
chr8	33300000	33400000	1635	448.0	0.274006116208
chr8	33400000	33500000	9274	2371.0	0.255660987708
chr8	33500000	33600000	0	0.0	NA
chr8	33600000	33700000	0	0.0	NA
chr8	33700000	33800000	0	0.0	NA
chr8	33800000	33900000	0	0.0	NA
chr8	33900000	34000000	1937	445.0	0.229736706247
chr8	34000000	34100000	8524	2096.0	0.245893946504
chr8	34100000	34200000	0	0.0	NA
chr8	34200000	34300000	2630	617.0	0.234600760456
chr8	34300000	34400000	0	0.0	NA
chr8	34400000	34500000	0	0.0	NA
chr8	34500000	34600000	0	0.0	NA
chr8	34600000	34700000	967	244.0	0.252326783868
chr8	34700000	34800000	2651	690.0	0.260279139947
chr8	34800000	34900000	5984	1547.0	0.258522727273
chr8	34900000	35000000	0	0.0	NA
chr8	35000000	35100000	2788	626.0	0.224533715925
chr8	35100000	35200000	0	0.0	NA
chr8	35200000	35300000	0	0.0	NA
chr8	35300000	35400000	0	0.0	NA
chr8	35400000	35500000	0	0.0	NA
chr8	35500000	35600000	0	0.0	NA
chr8	35600000	35700000	1196	361.0	0.301839464883
chr8	35700000	35800000	0	0.0	NA
chr8	35800000	35900000	3774	1026.0	0.27186009539
chr8	35900000	36000000	3718	941.0	0.253093060785
chr8	36000000	36100000	0	0.0	NA
chr8	36100000	36200000	9259	2158.0	0.233070525975
chr8	36200000	36300000	0	0.0	NA
chr8	36300000	36400000	2035	514.0	0.25257985258
chr8	36400000	36500000	0	0.0	NA
chr8	36500000	36600000	0	0.0	NA
chr8	36600000	36700000	7387	1873.0	0.253553540003
chr8	36700000	36800000	0	0.0	NA
chr8	36800000	36900000	0	0.0	NA
chr8	36900000	37000000	6926	1743.0	0.251660410049
chr8	37000000	37100000	0	0.0	NA
chr8	37100000	37200000	7134	1727.0	0.242080179422
chr8	37200000	37300000	2900	718.0	0.247586206897
chr8	37300000	37400000	0	0.0	NA
chr8	37400000	37500000	25465	6847.0	0.268878853328
chr8	37500000	37600000	15456	3711.0	0.240100931677
chr8	37600000	37700000	10319	2679.0	0.259618180056
chr8	37700000	37800000	13008	3467.0	0.266528290283
chr8	37800000	37900000	5088	1331.0	0.26159591195
chr8	37900000	38000000	11513	2926.0	0.254147485451
chr8	38000000	38100000	4408	1097.0	0.24886569873
chr8	38100000	38200000	12922	2882.0	0.223030490636
chr8	38200000	38300000	12917	2782.0	0.215375087095
chr8	38300000	38400000	5653	1489.0	0.263399964621
chr8	38400000	38500000	6867	1775.0	0.258482597932
chr8	38500000	38600000	7979	2096.0	0.262689560095
chr8	38600000	38700000	0	0.0	NA
chr8	38700000	38800000	5629	1293.0	0.229703322082
chr8	38800000	38900000	13774	3180.0	0.23086975461
chr8	38900000	39000000	1418	346.0	0.244005641749
chr8	39000000	39100000	0	0.0	NA
chr8	39100000	39200000	0	0.0	NA
chr8	39200000	39300000	1473	379.0	0.257298031229
chr8	39300000	39400000	4351	1261.0	0.289818432544
chr8	39400000	39500000	7126	2005.0	0.281364019085
chr8	39500000	39600000	892	308.0	0.345291479821
chr8	39600000	39700000	0	0.0	NA
chr8	39700000	39800000	0	0.0	NA
chr8	39800000	39900000	294	82.0	0.278911564626
chr8	39900000	40000000	11267	2874.0	0.255081210615
chr8	40000000	40100000	15686	3942.0	0.251306897871
chr8	40100000	40200000	10342	2383.0	0.230419648037
chr8	40200000	40300000	4610	1217.0	0.26399132321
chr8	40300000	40400000	7487	1987.0	0.265393348471
chr8	40400000	40500000	0	0.0	NA
chr8	40500000	40600000	0	0.0	NA
chr8	40600000	40700000	0	0.0	NA
chr8	40700000	40800000	9296	2618.0	0.281626506024
chr8	40800000	40900000	1592	444.0	0.278894472362
chr8	40900000	41000000	0	0.0	NA
chr8	41000000	41100000	0	0.0	NA
chr8	41100000	41200000	6526	1810.0	0.277352129942
chr8	41200000	41300000	7071	1865.0	0.263753358789
chr8	41300000	41400000	6049	1557.0	0.257397917011
chr8	41400000	41500000	3736	1112.0	0.297644539615
chr8	41500000	41600000	0	0.0	NA
chr8	41600000	41700000	0	0.0	NA
chr8	41700000	41800000	2107	604.0	0.28666350261
chr8	41800000	41900000	0	0.0	NA
chr8	41900000	42000000	2498	613.0	0.245396317054
chr8	42000000	42100000	19115	4653.0	0.243421396809
chr8	42100000	42200000	9576	2672.0	0.27903091061
chr8	42200000	42300000	11470	3138.0	0.27358326068
chr8	42300000	42400000	0	0.0	NA
chr8	42400000	42500000	0	0.0	NA
chr8	42500000	42600000	1848	554.0	0.299783549784
chr8	42600000	42700000	4478	1247.0	0.278472532381
chr8	42700000	42800000	5841	1391.0	0.238144153398
chr8	42800000	42900000	0	0.0	NA
chr8	42900000	43000000	5713	1522.0	0.266409942237
chr8	43000000	43100000	0	0.0	NA
chr8	43100000	43200000	0	0.0	NA
chr8	43200000	43300000	1431	391.0	0.273235499651
chr8	43300000	43400000	0	0.0	NA
chr8	43400000	43500000	0	0.0	NA
chr8	43500000	43600000	0	0.0	NA
chr8	43600000	43700000	0	0.0	NA
chr8	43700000	43800000	0	0.0	NA
chr8	43800000	43900000	0	0.0	NA
chr8	43900000	44000000	0	0.0	NA
chr8	44000000	44100000	0	0.0	NA
chr8	44100000	44200000	0	0.0	NA
chr8	44200000	44300000	0	0.0	NA
chr8	44300000	44400000	0	0.0	NA
chr8	44400000	44500000	0	0.0	NA
chr8	44500000	44600000	0	0.0	NA
chr8	44600000	44700000	0	0.0	NA
chr8	44700000	44800000	0	0.0	NA
chr8	44800000	44900000	0	0.0	NA
chr8	44900000	45000000	0	0.0	NA
chr8	45000000	45100000	0	0.0	NA
chr8	45100000	45200000	0	0.0	NA
chr8	45200000	45300000	0	0.0	NA
chr8	45300000	45400000	0	0.0	NA
chr8	45400000	45500000	0	0.0	NA
chr8	45500000	45600000	0	0.0	NA
chr8	45600000	45700000	0	0.0	NA
chr8	45700000	45800000	0	0.0	NA
chr8	45800000	45900000	0	0.0	NA
chr8	45900000	46000000	0	0.0	NA
chr8	46000000	46100000	0	0.0	NA
chr8	46100000	46200000	0	0.0	NA
chr8	46200000	46300000	0	0.0	NA
chr8	46300000	46400000	0	0.0	NA
chr8	46400000	46500000	0	0.0	NA
chr8	46500000	46600000	0	0.0	NA
chr8	46600000	46700000	0	0.0	NA
chr8	46700000	46800000	0	0.0	NA
chr8	46800000	46900000	0	0.0	NA
chr8	46900000	47000000	0	0.0	NA
chr8	47000000	47100000	0	0.0	NA
chr8	47100000	47200000	0	0.0	NA
chr8	47200000	47300000	0	0.0	NA
chr8	47300000	47400000	0	0.0	NA
chr8	47400000	47500000	0	0.0	NA
chr8	47500000	47600000	0	0.0	NA
chr8	47600000	47700000	0	0.0	NA
chr8	47700000	47800000	0	0.0	NA
chr8	47800000	47900000	0	0.0	NA
chr8	47900000	48000000	0	0.0	NA
chr8	48000000	48100000	5561	1485.0	0.267038302464
chr8	48100000	48200000	0	0.0	NA
chr8	48200000	48300000	0	0.0	NA
chr8	48300000	48400000	0	0.0	NA
chr8	48400000	48500000	0	0.0	NA
chr8	48500000	48600000	0	0.0	NA
chr8	48600000	48700000	1959	474.0	0.241960183767
chr8	48700000	48800000	0	0.0	NA
chr8	48800000	48900000	6154	1484.0	0.241143971401
chr8	48900000	49000000	689	177.0	0.256894049347
chr8	49000000	49100000	0	0.0	NA
chr8	49100000	49200000	0	0.0	NA
chr8	49200000	49300000	8063	2043.0	0.253379635371
chr8	49300000	49400000	8359	2404.0	0.287594209834
chr8	49400000	49500000	12246	3453.0	0.281969622734
chr8	49500000	49600000	0	0.0	NA
chr8	49600000	49700000	7268	2323.0	0.319620253165
chr8	49700000	49800000	0	0.0	NA
chr8	49800000	49900000	8403	2365.0	0.281447102225
chr8	49900000	50000000	4787	1384.0	0.2891163568
chr8	50000000	50100000	6010	1747.0	0.290682196339
chr8	50100000	50200000	2396	677.0	0.282554257095
chr8	50200000	50300000	5708	1646.0	0.288367203924
chr8	50300000	50400000	0	0.0	NA
chr8	50400000	50500000	2100	566.0	0.269523809524
chr8	50500000	50600000	0	0.0	NA
chr8	50600000	50700000	0	0.0	NA
chr8	50700000	50800000	164	45.0	0.274390243902
chr8	50800000	50900000	9907	2588.0	0.261229433734
chr8	50900000	51000000	0	0.0	NA
chr8	51000000	51100000	0	0.0	NA
chr8	51100000	51200000	0	0.0	NA
chr8	51200000	51300000	0	0.0	NA
chr8	51300000	51400000	0	0.0	NA
chr8	51400000	51500000	0	0.0	NA
chr8	51500000	51600000	0	0.0	NA
chr8	51600000	51700000	0	0.0	NA
chr8	51700000	51800000	0	0.0	NA
chr8	51800000	51900000	0	0.0	NA
chr8	51900000	52000000	1655	451.0	0.27250755287
chr8	52000000	52100000	0	0.0	NA
chr8	52100000	52200000	3359	873.0	0.259898779399
chr8	52200000	52300000	0	0.0	NA
chr8	52300000	52400000	0	0.0	NA
chr8	52400000	52500000	0	0.0	NA
chr8	52500000	52600000	0	0.0	NA
chr8	52600000	52700000	0	0.0	NA
chr8	52700000	52800000	7775	2061.0	0.265080385852
chr8	52800000	52900000	11812	3075.0	0.260328479512
chr8	52900000	53000000	358	107.0	0.298882681564
chr8	53000000	53100000	932	273.0	0.292918454936
chr8	53100000	53200000	0	0.0	NA
chr8	53200000	53300000	0	0.0	NA
chr8	53300000	53400000	3216	849.0	0.263992537313
chr8	53400000	53500000	807	227.0	0.281288723668
chr8	53500000	53600000	3983	1005.0	0.252322370073
chr8	53600000	53700000	8341	2050.0	0.245773888023
chr8	53700000	53800000	0	0.0	NA
chr8	53800000	53900000	4703	1190.0	0.253029980863
chr8	53900000	54000000	6408	1856.0	0.289637952559
chr8	54000000	54100000	3361	899.0	0.267479916691
chr8	54100000	54200000	3253	821.0	0.252382416231
chr8	54200000	54300000	735	239.0	0.325170068027
chr8	54300000	54400000	8755	2302.0	0.262935465448
chr8	54400000	54500000	2757	740.0	0.268407689518
chr8	54500000	54600000	0	0.0	NA
chr8	54600000	54700000	1169	323.0	0.27630453379
chr8	54700000	54800000	4408	1113.0	0.252495462795
chr8	54800000	54900000	4823	1369.0	0.283848227244
chr8	54900000	55000000	2655	654.0	0.246327683616
chr8	55000000	55100000	2368	556.0	0.234797297297
chr8	55100000	55200000	0	0.0	NA
chr8	55200000	55300000	3620	813.0	0.224585635359
chr8	55300000	55400000	13224	3767.0	0.284860859044
chr8	55400000	55500000	2513	673.0	0.267807401512
chr8	55500000	55600000	0	0.0	NA
chr8	55600000	55700000	0	0.0	NA
chr8	55700000	55800000	2294	641.0	0.279424585876
chr8	55800000	55900000	0	0.0	NA
chr8	55900000	56000000	0	0.0	NA
chr8	56000000	56100000	1782	486.0	0.272727272727
chr8	56100000	56200000	0	0.0	NA
chr8	56200000	56300000	0	0.0	NA
chr8	56300000	56400000	0	0.0	NA
chr8	56400000	56500000	2176	560.0	0.257352941176
chr8	56500000	56600000	4850	1357.0	0.279793814433
chr8	56600000	56700000	0	0.0	NA
chr8	56700000	56800000	4211	1168.0	0.27736879601
chr8	56800000	56900000	0	0.0	NA
chr8	56900000	57000000	8632	2458.0	0.284754402224
chr8	57000000	57100000	7677	1705.0	0.222091963006
chr8	57100000	57200000	17756	4134.0	0.232822707817
chr8	57200000	57300000	619	204.0	0.329563812601
chr8	57300000	57400000	2171	555.0	0.255642561032
chr8	57400000	57500000	3518	1003.0	0.285105173394
chr8	57500000	57600000	3733	981.0	0.262791320654
chr8	57600000	57700000	0	0.0	NA
chr8	57700000	57800000	0	0.0	NA
chr8	57800000	57900000	7737	2105.0	0.272069277498
chr8	57900000	58000000	1992	502.0	0.252008032129
chr8	58000000	58100000	2729	733.0	0.268596555515
chr8	58100000	58200000	4978	1563.0	0.313981518682
chr8	58200000	58300000	2639	813.0	0.308071239106
chr8	58300000	58400000	0	0.0	NA
chr8	58400000	58500000	12820	3351.0	0.261388455538
chr8	58500000	58600000	1655	457.0	0.276132930514
chr8	58600000	58700000	0	0.0	NA
chr8	58700000	58800000	5492	1311.0	0.238710852149
chr8	58800000	58900000	7483	1849.0	0.247093411733
chr8	58900000	59000000	4849	1224.0	0.252423180037
chr8	59000000	59100000	3660	1053.0	0.287704918033
chr8	59100000	59200000	2712	753.0	0.277654867257
chr8	59200000	59300000	0	0.0	NA
chr8	59300000	59400000	6994	1754.0	0.250786388333
chr8	59400000	59500000	8525	2104.0	0.246803519062
chr8	59500000	59600000	6809	1877.0	0.27566456161
chr8	59600000	59700000	0	0.0	NA
chr8	59700000	59800000	3344	873.0	0.261064593301
chr8	59800000	59900000	0	0.0	NA
chr8	59900000	60000000	0	0.0	NA
chr8	60000000	60100000	12515	2730.0	0.218138234119
chr8	60100000	60200000	0	0.0	NA
chr8	60200000	60300000	0	0.0	NA
chr8	60300000	60400000	722	172.0	0.238227146814
chr8	60400000	60500000	3478	907.0	0.260782058654
chr8	60500000	60600000	11455	2858.0	0.249498035792
chr8	60600000	60700000	0	0.0	NA
chr8	60700000	60800000	0	0.0	NA
chr8	60800000	60900000	0	0.0	NA
chr8	60900000	61000000	4978	1081.0	0.21715548413
chr8	61000000	61100000	3506	860.0	0.245293782088
chr8	61100000	61200000	913	228.0	0.249726177437
chr8	61200000	61300000	4978	1159.0	0.232824427481
chr8	61300000	61400000	0	0.0	NA
chr8	61400000	61500000	5367	1314.0	0.244829513695
chr8	61500000	61600000	18255	4746.0	0.259983566146
chr8	61600000	61700000	0	0.0	NA
chr8	61700000	61800000	4040	1181.0	0.292326732673
chr8	61800000	61900000	7053	1705.0	0.241741103077
chr8	61900000	62000000	0	0.0	NA
chr8	62000000	62100000	0	0.0	NA
chr8	62100000	62200000	3612	857.0	0.237264673311
chr8	62200000	62300000	0	0.0	NA
chr8	62300000	62400000	0	0.0	NA
chr8	62400000	62500000	0	0.0	NA
chr8	62500000	62600000	0	0.0	NA
chr8	62600000	62700000	14400	3854.0	0.267638888889
chr8	62700000	62800000	0	0.0	NA
chr8	62800000	62900000	1270	318.0	0.250393700787
chr8	62900000	63000000	0	0.0	NA
chr8	63000000	63100000	0	0.0	NA
chr8	63100000	63200000	1045	280.0	0.267942583732
chr8	63200000	63300000	0	0.0	NA
chr8	63300000	63400000	0	0.0	NA
chr8	63400000	63500000	0	0.0	NA
chr8	63500000	63600000	0	0.0	NA
chr8	63600000	63700000	0	0.0	NA
chr8	63700000	63800000	0	0.0	NA
chr8	63800000	63900000	0	0.0	NA
chr8	63900000	64000000	7972	2072.0	0.259909683894
chr8	64000000	64100000	3455	722.0	0.208972503618
chr8	64100000	64200000	14798	3468.0	0.234355994053
chr8	64200000	64300000	1150	296.0	0.257391304348
chr8	64300000	64400000	1873	348.0	0.18579818473
chr8	64400000	64500000	3042	740.0	0.243261012492
chr8	64500000	64600000	14167	3076.0	0.217124302958
chr8	64600000	64700000	0	0.0	NA
chr8	64700000	64800000	0	0.0	NA
chr8	64800000	64900000	0	0.0	NA
chr8	64900000	65000000	0	0.0	NA
chr8	65000000	65100000	0	0.0	NA
chr8	65100000	65200000	0	0.0	NA
chr8	65200000	65300000	8921	1520.0	0.170384486044
chr8	65300000	65400000	4138	971.0	0.234654422426
chr8	65400000	65500000	5711	1154.0	0.202066188058
chr8	65500000	65600000	4431	1011.0	0.228165199729
chr8	65600000	65700000	0	0.0	NA
chr8	65700000	65800000	7986	1932.0	0.24192336589
chr8	65800000	65900000	0	0.0	NA
chr8	65900000	66000000	0	0.0	NA
chr8	66000000	66100000	4596	988.0	0.214969538729
chr8	66100000	66200000	2510	374.0	0.149003984064
chr8	66200000	66300000	0	0.0	NA
chr8	66300000	66400000	0	0.0	NA
chr8	66400000	66500000	6504	1579.0	0.242773677737
chr8	66500000	66600000	8506	2056.0	0.241711732894
chr8	66600000	66700000	7419	1426.0	0.192209192614
chr8	66700000	66800000	6925	1618.0	0.233646209386
chr8	66800000	66900000	0	0.0	NA
chr8	66900000	67000000	1057	193.0	0.182592242195
chr8	67000000	67100000	17156	4126.0	0.240498950804
chr8	67100000	67200000	5424	1236.0	0.227876106195
chr8	67200000	67300000	0	0.0	NA
chr8	67300000	67400000	11931	2888.0	0.242058503059
chr8	67400000	67500000	6749	1628.0	0.241220921618
chr8	67500000	67600000	8156	1835.0	0.224987739088
chr8	67600000	67700000	0	0.0	NA
chr8	67700000	67800000	3884	960.0	0.247167868177
chr8	67800000	67900000	9289	2017.0	0.217138550974
chr8	67900000	68000000	3131	595.0	0.190035132546
chr8	68000000	68100000	0	0.0	NA
chr8	68100000	68200000	0	0.0	NA
chr8	68200000	68300000	3960	942.0	0.237878787879
chr8	68300000	68400000	0	0.0	NA
chr8	68400000	68500000	0	0.0	NA
chr8	68500000	68600000	0	0.0	NA
chr8	68600000	68700000	608	163.0	0.268092105263
chr8	68700000	68800000	0	0.0	NA
chr8	68800000	68900000	1940	486.0	0.250515463918
chr8	68900000	69000000	0	0.0	NA
chr8	69000000	69100000	0	0.0	NA
chr8	69100000	69200000	3251	781.0	0.240233774223
chr8	69200000	69300000	1556	400.0	0.25706940874
chr8	69300000	69400000	0	0.0	NA
chr8	69400000	69500000	0	0.0	NA
chr8	69500000	69600000	0	0.0	NA
chr8	69600000	69700000	0	0.0	NA
chr8	69700000	69800000	9801	2525.0	0.257626772778
chr8	69800000	69900000	2020	504.0	0.249504950495
chr8	69900000	70000000	0	0.0	NA
chr8	70000000	70100000	21182	4987.0	0.235435747333
chr8	70100000	70200000	418	77.0	0.184210526316
chr8	70200000	70300000	0	0.0	NA
chr8	70300000	70400000	7584	1781.0	0.23483649789
chr8	70400000	70500000	0	0.0	NA
chr8	70500000	70600000	7926	1587.0	0.200227100681
chr8	70600000	70700000	0	0.0	NA
chr8	70700000	70800000	738	195.0	0.264227642276
chr8	70800000	70900000	4208	959.0	0.227899239544
chr8	70900000	71000000	6932	1880.0	0.271206001154
chr8	71000000	71100000	0	0.0	NA
chr8	71100000	71200000	0	0.0	NA
chr8	71200000	71300000	0	0.0	NA
chr8	71300000	71400000	2329	496.0	0.2129669386
chr8	71400000	71500000	3138	759.0	0.241873804971
chr8	71500000	71600000	13174	2981.0	0.226279034462
chr8	71600000	71700000	7827	1779.0	0.227290149483
chr8	71700000	71800000	2572	622.0	0.241835147745
chr8	71800000	71900000	0	0.0	NA
chr8	71900000	72000000	0	0.0	NA
chr8	72000000	72100000	1466	343.0	0.233969986357
chr8	72100000	72200000	0	0.0	NA
chr8	72200000	72300000	0	0.0	NA
chr8	72300000	72400000	0	0.0	NA
chr8	72400000	72500000	4293	1002.0	0.233403214535
chr8	72500000	72600000	0	0.0	NA
chr8	72600000	72700000	6160	1466.0	0.237987012987
chr8	72700000	72800000	18095	4645.0	0.256700746062
chr8	72800000	72900000	0	0.0	NA
chr8	72900000	73000000	0	0.0	NA
chr8	73000000	73100000	2372	610.0	0.257166947723
chr8	73100000	73200000	7495	1844.0	0.246030687125
chr8	73200000	73300000	2463	563.0	0.228583028827
chr8	73300000	73400000	0	0.0	NA
chr8	73400000	73500000	3960	943.0	0.238131313131
chr8	73500000	73600000	0	0.0	NA
chr8	73600000	73700000	0	0.0	NA
chr8	73700000	73800000	0	0.0	NA
chr8	73800000	73900000	9766	2038.0	0.208683186566
chr8	73900000	74000000	10036	2615.0	0.260561976883
chr8	74000000	74100000	3583	780.0	0.217694669272
chr8	74100000	74200000	5775	1403.0	0.242943722944
chr8	74200000	74300000	12673	3344.0	0.263868065967
chr8	74300000	74400000	3297	844.0	0.255990294207
chr8	74400000	74500000	0	0.0	NA
chr8	74500000	74600000	0	0.0	NA
chr8	74600000	74700000	0	0.0	NA
chr8	74700000	74800000	649	178.0	0.274268104777
chr8	74800000	74900000	6389	1522.0	0.238221943966
chr8	74900000	75000000	5229	1290.0	0.246701090075
chr8	75000000	75100000	11348	2554.0	0.225061684878
chr8	75100000	75200000	6670	1630.0	0.244377811094
chr8	75200000	75300000	21449	5031.0	0.234556389575
chr8	75300000	75400000	0	0.0	NA
chr8	75400000	75500000	3096	779.0	0.25161498708
chr8	75500000	75600000	1814	468.0	0.257993384785
chr8	75600000	75700000	0	0.0	NA
chr8	75700000	75800000	6873	1675.0	0.243707260294
chr8	75800000	75900000	4133	980.0	0.237115896443
chr8	75900000	76000000	0	0.0	NA
chr8	76000000	76100000	353	67.0	0.189801699717
chr8	76100000	76200000	3838	833.0	0.217040125065
chr8	76200000	76300000	823	222.0	0.269744835966
chr8	76300000	76400000	2787	650.0	0.233225690707
chr8	76400000	76500000	2774	648.0	0.233597692862
chr8	76500000	76600000	0	0.0	NA
chr8	76600000	76700000	2170	390.0	0.179723502304
chr8	76700000	76800000	6327	1485.0	0.234708392603
chr8	76800000	76900000	4034	1090.0	0.270203272186
chr8	76900000	77000000	0	0.0	NA
chr8	77000000	77100000	0	0.0	NA
chr8	77100000	77200000	1	0.0	0.0
chr8	77200000	77300000	0	0.0	NA
chr8	77300000	77400000	4583	1141.0	0.248963560986
chr8	77400000	77500000	11552	2455.0	0.212517313019
chr8	77500000	77600000	4809	1205.0	0.250571844458
chr8	77600000	77700000	0	0.0	NA
chr8	77700000	77800000	2550	653.0	0.256078431373
chr8	77800000	77900000	8660	2107.0	0.243302540416
chr8	77900000	78000000	3953	891.0	0.225398431571
chr8	78000000	78100000	0	0.0	NA
chr8	78100000	78200000	1381	417.0	0.301955104996
chr8	78200000	78300000	3060	764.0	0.249673202614
chr8	78300000	78400000	3104	731.0	0.23550257732
chr8	78400000	78500000	955	276.0	0.289005235602
chr8	78500000	78600000	0	0.0	NA
chr8	78600000	78700000	0	0.0	NA
chr8	78700000	78800000	0	0.0	NA
chr8	78800000	78900000	0	0.0	NA
chr8	78900000	79000000	0	0.0	NA
chr8	79000000	79100000	1878	434.0	0.231096911608
chr8	79100000	79200000	0	0.0	NA
chr8	79200000	79300000	0	0.0	NA
chr8	79300000	79400000	9069	2133.0	0.235196824347
chr8	79400000	79500000	0	0.0	NA
chr8	79500000	79600000	11818	2796.0	0.236588255204
chr8	79600000	79700000	12399	2863.0	0.230905718203
chr8	79700000	79800000	5540	1376.0	0.248375451264
chr8	79800000	79900000	0	0.0	NA
chr8	79900000	80000000	334	68.0	0.203592814371
chr8	80000000	80100000	3407	818.0	0.240093924274
chr8	80100000	80200000	0	0.0	NA
chr8	80200000	80300000	7237	1819.0	0.251347243333
chr8	80300000	80400000	0	0.0	NA
chr8	80400000	80500000	0	0.0	NA
chr8	80500000	80600000	3715	885.0	0.238223418573
chr8	80600000	80700000	6225	1475.0	0.236947791165
chr8	80700000	80800000	3666	821.0	0.223949809056
chr8	80800000	80900000	1728	266.0	0.153935185185
chr8	80900000	81000000	0	0.0	NA
chr8	81000000	81100000	0	0.0	NA
chr8	81100000	81200000	9371	2441.0	0.260484473375
chr8	81200000	81300000	0	0.0	NA
chr8	81300000	81400000	2040	458.0	0.224509803922
chr8	81400000	81500000	16840	3909.0	0.232125890736
chr8	81500000	81600000	7777	1908.0	0.245338819596
chr8	81600000	81700000	0	0.0	NA
chr8	81700000	81800000	3856	913.0	0.236773858921
chr8	81800000	81900000	2123	581.0	0.273669335846
chr8	81900000	82000000	0	0.0	NA
chr8	82000000	82100000	7676	1791.0	0.233324648254
chr8	82100000	82200000	8315	2062.0	0.24798556825
chr8	82200000	82300000	4149	1002.0	0.241503976862
chr8	82300000	82400000	0	0.0	NA
chr8	82400000	82500000	3907	925.0	0.236754543128
chr8	82500000	82600000	3640	951.0	0.261263736264
chr8	82600000	82700000	15745	3852.0	0.244649094951
chr8	82700000	82800000	3891	918.0	0.235929067078
chr8	82800000	82900000	121	24.0	0.198347107438
chr8	82900000	83000000	0	0.0	NA
chr8	83000000	83100000	4190	1000.0	0.238663484487
chr8	83100000	83200000	0	0.0	NA
chr8	83200000	83300000	0	0.0	NA
chr8	83300000	83400000	0	0.0	NA
chr8	83400000	83500000	2444	632.0	0.258592471358
chr8	83500000	83600000	1779	470.0	0.26419336706
chr8	83600000	83700000	0	0.0	NA
chr8	83700000	83800000	2034	502.0	0.24680432645
chr8	83800000	83900000	0	0.0	NA
chr8	83900000	84000000	0	0.0	NA
chr8	84000000	84100000	0	0.0	NA
chr8	84100000	84200000	0	0.0	NA
chr8	84200000	84300000	0	0.0	NA
chr8	84300000	84400000	3218	836.0	0.259788688626
chr8	84400000	84500000	0	0.0	NA
chr8	84500000	84600000	0	0.0	NA
chr8	84600000	84700000	0	0.0	NA
chr8	84700000	84800000	0	0.0	NA
chr8	84800000	84900000	0	0.0	NA
chr8	84900000	85000000	0	0.0	NA
chr8	85000000	85100000	7775	1672.0	0.215048231511
chr8	85100000	85200000	0	0.0	NA
chr8	85200000	85300000	0	0.0	NA
chr8	85300000	85400000	0	0.0	NA
chr8	85400000	85500000	0	0.0	NA
chr8	85500000	85600000	0	0.0	NA
chr8	85600000	85700000	0	0.0	NA
chr8	85700000	85800000	0	0.0	NA
chr8	85800000	85900000	1118	293.0	0.262075134168
chr8	85900000	86000000	0	0.0	NA
chr8	86000000	86100000	3077	815.0	0.264868378291
chr8	86100000	86200000	4504	1051.0	0.233348134991
chr8	86200000	86300000	0	0.0	NA
chr8	86300000	86400000	0	0.0	NA
chr8	86400000	86500000	6747	1711.0	0.25359419001
chr8	86500000	86600000	0	0.0	NA
chr8	86600000	86700000	0	0.0	NA
chr8	86700000	86800000	0	0.0	NA
chr8	86800000	86900000	5572	1564.0	0.280689160086
chr8	86900000	87000000	2417	538.0	0.222589987588
chr8	87000000	87100000	4379	1115.0	0.254624343457
chr8	87100000	87200000	3610	857.0	0.237396121884
chr8	87200000	87300000	4327	1091.0	0.252137739774
chr8	87300000	87400000	2227	559.0	0.251010327795
chr8	87400000	87500000	5721	1282.0	0.22408669813
chr8	87500000	87600000	8189	1997.0	0.243863719624
chr8	87600000	87700000	0	0.0	NA
chr8	87700000	87800000	5656	1402.0	0.247878359264
chr8	87800000	87900000	6732	1562.0	0.232026143791
chr8	87900000	88000000	0	0.0	NA
chr8	88000000	88100000	0	0.0	NA
chr8	88100000	88200000	0	0.0	NA
chr8	88200000	88300000	0	0.0	NA
chr8	88300000	88400000	0	0.0	NA
chr8	88400000	88500000	13	2.0	0.153846153846
chr8	88500000	88600000	3842	751.0	0.195471108798
chr8	88600000	88700000	0	0.0	NA
chr8	88700000	88800000	4592	1049.0	0.228440766551
chr8	88800000	88900000	4185	900.0	0.215053763441
chr8	88900000	89000000	3961	960.0	0.242363039636
chr8	89000000	89100000	1830	451.0	0.246448087432
chr8	89100000	89200000	0	0.0	NA
chr8	89200000	89300000	0	0.0	NA
chr8	89300000	89400000	0	0.0	NA
chr8	89400000	89500000	0	0.0	NA
chr8	89500000	89600000	0	0.0	NA
chr8	89600000	89700000	0	0.0	NA
chr8	89700000	89800000	73	21.0	0.287671232877
chr8	89800000	89900000	3189	920.0	0.288491690185
chr8	89900000	90000000	0	0.0	NA
chr8	90000000	90100000	0	0.0	NA
chr8	90100000	90200000	0	0.0	NA
chr8	90200000	90300000	0	0.0	NA
chr8	90300000	90400000	0	0.0	NA
chr8	90400000	90500000	0	0.0	NA
chr8	90500000	90600000	0	0.0	NA
chr8	90600000	90700000	1855	404.0	0.217789757412
chr8	90700000	90800000	4567	1058.0	0.231661922487
chr8	90800000	90900000	272	87.0	0.319852941176
chr8	90900000	91000000	9514	2169.0	0.227979819214
chr8	91000000	91100000	8806	1937.0	0.21996366114
chr8	91100000	91200000	0	0.0	NA
chr8	91200000	91300000	4391	1015.0	0.23115463448
chr8	91300000	91400000	0	0.0	NA
chr8	91400000	91500000	7729	1923.0	0.248803208695
chr8	91500000	91600000	7630	1963.0	0.257273918742
chr8	91600000	91700000	4072	911.0	0.223722986248
chr8	91700000	91800000	0	0.0	NA
chr8	91800000	91900000	0	0.0	NA
chr8	91900000	92000000	1481	391.0	0.264010803511
chr8	92000000	92100000	22750	5444.0	0.239296703297
chr8	92100000	92200000	2131	504.0	0.23650868137
chr8	92200000	92300000	0	0.0	NA
chr8	92300000	92400000	0	0.0	NA
chr8	92400000	92500000	12462	2952.0	0.236880115551
chr8	92500000	92600000	3028	837.0	0.27642007926
chr8	92600000	92700000	0	0.0	NA
chr8	92700000	92800000	0	0.0	NA
chr8	92800000	92900000	0	0.0	NA
chr8	92900000	93000000	3421	894.0	0.26132709734
chr8	93000000	93100000	0	0.0	NA
chr8	93100000	93200000	11008	2660.0	0.24164244186
chr8	93200000	93300000	0	0.0	NA
chr8	93300000	93400000	0	0.0	NA
chr8	93400000	93500000	6557	1721.0	0.262467591887
chr8	93500000	93600000	8609	1918.0	0.22279010338
chr8	93600000	93700000	6227	1462.0	0.234784005139
chr8	93700000	93800000	3464	735.0	0.212182448037
chr8	93800000	93900000	5713	1059.0	0.185366707509
chr8	93900000	94000000	0	0.0	NA
chr8	94000000	94100000	9721	2064.0	0.212323834996
chr8	94100000	94200000	6511	1335.0	0.205037628628
chr8	94200000	94300000	1177	389.0	0.330501274427
chr8	94300000	94400000	0	0.0	NA
chr8	94400000	94500000	0	0.0	NA
chr8	94500000	94600000	0	0.0	NA
chr8	94600000	94700000	0	0.0	NA
chr8	94700000	94800000	12071	2526.0	0.209261867285
chr8	94800000	94900000	1981	710.0	0.358404846037
chr8	94900000	95000000	13128	3121.0	0.237736136502
chr8	95000000	95100000	0	0.0	NA
chr8	95100000	95200000	7843	2083.0	0.265587147775
chr8	95200000	95300000	8179	2487.0	0.304071402372
chr8	95300000	95400000	701	204.0	0.291012838802
chr8	95400000	95500000	3628	823.0	0.226846747519
chr8	95500000	95600000	3615	899.0	0.248686030429
chr8	95600000	95700000	6074	1521.0	0.250411590385
chr8	95700000	95800000	5763	1302.0	0.225923997918
chr8	95800000	95900000	1052	284.0	0.269961977186
chr8	95900000	96000000	0	0.0	NA
chr8	96000000	96100000	0	0.0	NA
chr8	96100000	96200000	3275	906.0	0.276641221374
chr8	96200000	96300000	3291	1248.0	0.379216043756
chr8	96300000	96400000	0	0.0	NA
chr8	96400000	96500000	0	0.0	NA
chr8	96500000	96600000	0	0.0	NA
chr8	96600000	96700000	0	0.0	NA
chr8	96700000	96800000	0	0.0	NA
chr8	96800000	96900000	0	0.0	NA
chr8	96900000	97000000	10429	2544.0	0.243935180746
chr8	97000000	97100000	3115	764.0	0.245264847512
chr8	97100000	97200000	10220	2791.0	0.273091976517
chr8	97200000	97300000	12616	3529.0	0.279724159797
chr8	97300000	97400000	4748	1286.0	0.270850884583
chr8	97400000	97500000	7041	2110.0	0.299673341855
chr8	97500000	97600000	419	139.0	0.331742243437
chr8	97600000	97700000	1247	458.0	0.367281475541
chr8	97700000	97800000	0	0.0	NA
chr8	97800000	97900000	0	0.0	NA
chr8	97900000	98000000	0	0.0	NA
chr8	98000000	98100000	0	0.0	NA
chr8	98100000	98200000	0	0.0	NA
chr8	98200000	98300000	0	0.0	NA
chr8	98300000	98400000	0	0.0	NA
chr8	98400000	98500000	0	0.0	NA
chr8	98500000	98600000	0	0.0	NA
chr8	98600000	98700000	1739	422.0	0.242668200115
chr8	98700000	98800000	2846	617.0	0.21679550246
chr8	98800000	98900000	6336	1593.0	0.251420454545
chr8	98900000	99000000	0	0.0	NA
chr8	99000000	99100000	5638	1328.0	0.235544519333
chr8	99100000	99200000	17092	4395.0	0.257137842265
chr8	99200000	99300000	0	0.0	NA
chr8	99300000	99400000	12416	3197.0	0.257490335052
chr8	99400000	99500000	20569	4611.0	0.224172298119
chr8	99500000	99600000	0	0.0	NA
chr8	99600000	99700000	0	0.0	NA
chr8	99700000	99800000	0	0.0	NA
chr8	99800000	99900000	0	0.0	NA
chr8	99900000	100000000	19081	3539.0	0.185472459515
chr8	100000000	100100000	4485	1173.0	0.261538461538
chr8	100100000	100200000	0	0.0	NA
chr8	100200000	100300000	0	0.0	NA
chr8	100300000	100400000	0	0.0	NA
chr8	100400000	100500000	0	0.0	NA
chr8	100500000	100600000	0	0.0	NA
chr8	100600000	100700000	0	0.0	NA
chr8	100700000	100800000	0	0.0	NA
chr8	100800000	100900000	4486	1019.0	0.22715113687
chr8	100900000	101000000	3239	701.0	0.216424822476
chr8	101000000	101100000	0	0.0	NA
chr8	101100000	101200000	12118	2691.0	0.222066347582
chr8	101200000	101300000	207	63.0	0.304347826087
chr8	101300000	101400000	12457	3099.0	0.248775788713
chr8	101400000	101500000	10964	2812.0	0.256475738781
chr8	101500000	101600000	10507	2565.0	0.244122965642
chr8	101600000	101700000	2988	817.0	0.273427041499
chr8	101700000	101800000	9790	2419.0	0.24708886619
chr8	101800000	101900000	6088	1478.0	0.242772667543
chr8	101900000	102000000	13288	3281.0	0.246914509332
chr8	102000000	102100000	6504	1706.0	0.262300123001
chr8	102100000	102200000	33359	8986.0	0.269372583111
chr8	102200000	102300000	13940	3421.0	0.245408895265
chr8	102300000	102400000	11284	2873.0	0.254608294931
chr8	102400000	102500000	18280	4757.0	0.2602297593
chr8	102500000	102600000	0	0.0	NA
chr8	102600000	102700000	656	179.0	0.272865853659
chr8	102700000	102800000	0	0.0	NA
chr8	102800000	102900000	0	0.0	NA
chr8	102900000	103000000	0	0.0	NA
chr8	103000000	103100000	0	0.0	NA
chr8	103100000	103200000	4169	1104.0	0.264811705445
chr8	103200000	103300000	9723	2386.0	0.245397511056
chr8	103300000	103400000	0	0.0	NA
chr8	103400000	103500000	3500	686.0	0.196
chr8	103500000	103600000	8478	2158.0	0.254541165369
chr8	103600000	103700000	9684	2028.0	0.209417596035
chr8	103700000	103800000	7878	2067.0	0.262376237624
chr8	103800000	103900000	3230	910.0	0.28173374613
chr8	103900000	104000000	2757	674.0	0.244468625317
chr8	104000000	104100000	5881	1453.0	0.24706682537
chr8	104100000	104200000	3486	944.0	0.270797475617
chr8	104200000	104300000	0	0.0	NA
chr8	104300000	104400000	8147	1889.0	0.231864489996
chr8	104400000	104500000	13276	2826.0	0.21286532088
chr8	104500000	104600000	2149	441.0	0.205211726384
chr8	104600000	104700000	0	0.0	NA
chr8	104700000	104800000	0	0.0	NA
chr8	104800000	104900000	0	0.0	NA
chr8	104900000	105000000	0	0.0	NA
chr8	105000000	105100000	0	0.0	NA
chr8	105100000	105200000	0	0.0	NA
chr8	105200000	105300000	4770	1192.0	0.249895178197
chr8	105300000	105400000	8778	2344.0	0.2670312144
chr8	105400000	105500000	7735	1923.0	0.248610213316
chr8	105500000	105600000	6225	1123.0	0.180401606426
chr8	105600000	105700000	13445	3089.0	0.229750836742
chr8	105700000	105800000	12863	3228.0	0.250952343932
chr8	105800000	105900000	0	0.0	NA
chr8	105900000	106000000	0	0.0	NA
chr8	106000000	106100000	0	0.0	NA
chr8	106100000	106200000	4684	1046.0	0.223313407344
chr8	106200000	106300000	0	0.0	NA
chr8	106300000	106400000	2699	632.0	0.234160800296
chr8	106400000	106500000	0	0.0	NA
chr8	106500000	106600000	0	0.0	NA
chr8	106600000	106700000	0	0.0	NA
chr8	106700000	106800000	0	0.0	NA
chr8	106800000	106900000	0	0.0	NA
chr8	106900000	107000000	0	0.0	NA
chr8	107000000	107100000	0	0.0	NA
chr8	107100000	107200000	0	0.0	NA
chr8	107200000	107300000	7483	1808.0	0.241614325805
chr8	107300000	107400000	0	0.0	NA
chr8	107400000	107500000	0	0.0	NA
chr8	107500000	107600000	0	0.0	NA
chr8	107600000	107700000	0	0.0	NA
chr8	107700000	107800000	7873	1705.0	0.216562936619
chr8	107800000	107900000	0	0.0	NA
chr8	107900000	108000000	0	0.0	NA
chr8	108000000	108100000	0	0.0	NA
chr8	108100000	108200000	0	0.0	NA
chr8	108200000	108300000	561	141.0	0.251336898396
chr8	108300000	108400000	0	0.0	NA
chr8	108400000	108500000	0	0.0	NA
chr8	108500000	108600000	4380	999.0	0.228082191781
chr8	108600000	108700000	0	0.0	NA
chr8	108700000	108800000	0	0.0	NA
chr8	108800000	108900000	3542	800.0	0.225861095426
chr8	108900000	109000000	0	0.0	NA
chr8	109000000	109100000	0	0.0	NA
chr8	109100000	109200000	3312	751.0	0.226751207729
chr8	109200000	109300000	6418	1374.0	0.214085384855
chr8	109300000	109400000	0	0.0	NA
chr8	109400000	109500000	2932	629.0	0.214529331514
chr8	109500000	109600000	5516	1323.0	0.239847715736
chr8	109600000	109700000	0	0.0	NA
chr8	109700000	109800000	0	0.0	NA
chr8	109800000	109900000	9801	2345.0	0.239261299867
chr8	109900000	110000000	2141	490.0	0.228865016348
chr8	110000000	110100000	4582	1170.0	0.255347010039
chr8	110100000	110200000	3672	836.0	0.227668845316
chr8	110200000	110300000	1021	238.0	0.233104799216
chr8	110300000	110400000	0	0.0	NA
chr8	110400000	110500000	0	0.0	NA
chr8	110500000	110600000	16114	3774.0	0.234206280253
chr8	110600000	110700000	0	0.0	NA
chr8	110700000	110800000	3856	969.0	0.251296680498
chr8	110800000	110900000	6848	1728.0	0.252336448598
chr8	110900000	111000000	5917	1533.0	0.259083995268
chr8	111000000	111100000	0	0.0	NA
chr8	111100000	111200000	0	0.0	NA
chr8	111200000	111300000	0	0.0	NA
chr8	111300000	111400000	6570	1583.0	0.240943683409
chr8	111400000	111500000	0	0.0	NA
chr8	111500000	111600000	0	0.0	NA
chr8	111600000	111700000	3571	921.0	0.257910949314
chr8	111700000	111800000	2238	525.0	0.234584450402
chr8	111800000	111900000	0	0.0	NA
chr8	111900000	112000000	2482	594.0	0.239323126511
chr8	112000000	112100000	2559	687.0	0.268464243845
chr8	112100000	112200000	2168	597.0	0.27536900369
chr8	112200000	112300000	2413	601.0	0.249067550767
chr8	112300000	112400000	852	223.0	0.261737089202
chr8	112400000	112500000	0	0.0	NA
chr8	112500000	112600000	0	0.0	NA
chr8	112600000	112700000	0	0.0	NA
chr8	112700000	112800000	344	97.0	0.281976744186
chr8	112800000	112900000	0	0.0	NA
chr8	112900000	113000000	0	0.0	NA
chr8	113000000	113100000	0	0.0	NA
chr8	113100000	113200000	6471	1571.0	0.242775459743
chr8	113200000	113300000	1672	419.0	0.250598086124
chr8	113300000	113400000	0	0.0	NA
chr8	113400000	113500000	0	0.0	NA
chr8	113500000	113600000	0	0.0	NA
chr8	113600000	113700000	0	0.0	NA
chr8	113700000	113800000	0	0.0	NA
chr8	113800000	113900000	0	0.0	NA
chr8	113900000	114000000	0	0.0	NA
chr8	114000000	114100000	0	0.0	NA
chr8	114100000	114200000	0	0.0	NA
chr8	114200000	114300000	0	0.0	NA
chr8	114300000	114400000	0	0.0	NA
chr8	114400000	114500000	3593	838.0	0.23323128305
chr8	114500000	114600000	0	0.0	NA
chr8	114600000	114700000	5388	1438.0	0.266889383816
chr8	114700000	114800000	0	0.0	NA
chr8	114800000	114900000	0	0.0	NA
chr8	114900000	115000000	5338	1565.0	0.293180966654
chr8	115000000	115100000	0	0.0	NA
chr8	115100000	115200000	0	0.0	NA
chr8	115200000	115300000	4367	1212.0	0.277536065949
chr8	115300000	115400000	3190	876.0	0.27460815047
chr8	115400000	115500000	0	0.0	NA
chr8	115500000	115600000	0	0.0	NA
chr8	115600000	115700000	0	0.0	NA
chr8	115700000	115800000	0	0.0	NA
chr8	115800000	115900000	0	0.0	NA
chr8	115900000	116000000	0	0.0	NA
chr8	116000000	116100000	0	0.0	NA
chr8	116100000	116200000	0	0.0	NA
chr8	116200000	116300000	0	0.0	NA
chr8	116300000	116400000	0	0.0	NA
chr8	116400000	116500000	3667	910.0	0.248159258249
chr8	116500000	116600000	0	0.0	NA
chr8	116600000	116700000	4272	1061.0	0.248361423221
chr8	116700000	116800000	0	0.0	NA
chr8	116800000	116900000	0	0.0	NA
chr8	116900000	117000000	4689	1140.0	0.243122200896
chr8	117000000	117100000	0	0.0	NA
chr8	117100000	117200000	0	0.0	NA
chr8	117200000	117300000	0	0.0	NA
chr8	117300000	117400000	2026	430.0	0.212240868707
chr8	117400000	117500000	786	219.0	0.278625954198
chr8	117500000	117600000	0	0.0	NA
chr8	117600000	117700000	2633	635.0	0.241169768325
chr8	117700000	117800000	5123	1090.0	0.212765957447
chr8	117800000	117900000	1600	397.0	0.248125
chr8	117900000	118000000	8238	2007.0	0.243627093955
chr8	118000000	118100000	0	0.0	NA
chr8	118100000	118200000	3803	941.0	0.247436234552
chr8	118200000	118300000	0	0.0	NA
chr8	118300000	118400000	6006	1465.0	0.243922743923
chr8	118400000	118500000	0	0.0	NA
chr8	118500000	118600000	8278	1974.0	0.238463396956
chr8	118600000	118700000	0	0.0	NA
chr8	118700000	118800000	648	168.0	0.259259259259
chr8	118800000	118900000	384	104.0	0.270833333333
chr8	118900000	119000000	0	0.0	NA
chr8	119000000	119100000	0	0.0	NA
chr8	119100000	119200000	7382	1785.0	0.241804389054
chr8	119200000	119300000	0	0.0	NA
chr8	119300000	119400000	0	0.0	NA
chr8	119400000	119500000	0	0.0	NA
chr8	119500000	119600000	0	0.0	NA
chr8	119600000	119700000	0	0.0	NA
chr8	119700000	119800000	4580	1075.0	0.234716157205
chr8	119800000	119900000	0	0.0	NA
chr8	119900000	120000000	2764	763.0	0.276049204052
chr8	120000000	120100000	0	0.0	NA
chr8	120100000	120200000	6049	1486.0	0.245660439742
chr8	120200000	120300000	125	25.0	0.2
chr8	120300000	120400000	2989	752.0	0.251589160254
chr8	120400000	120500000	5500	1267.0	0.230363636364
chr8	120500000	120600000	0	0.0	NA
chr8	120600000	120700000	2039	554.0	0.271701814615
chr8	120700000	120800000	6969	1705.0	0.244654900273
chr8	120800000	120900000	11475	2950.0	0.257080610022
chr8	120900000	121000000	0	0.0	NA
chr8	121000000	121100000	7220	1742.0	0.241274238227
chr8	121100000	121200000	0	0.0	NA
chr8	121200000	121300000	0	0.0	NA
chr8	121300000	121400000	3658	843.0	0.230453799891
chr8	121400000	121500000	0	0.0	NA
chr8	121500000	121600000	3215	777.0	0.24167962675
chr8	121600000	121700000	0	0.0	NA
chr8	121700000	121800000	0	0.0	NA
chr8	121800000	121900000	3892	993.0	0.255138746146
chr8	121900000	122000000	4851	1057.0	0.217893217893
chr8	122000000	122100000	0	0.0	NA
chr8	122100000	122200000	5249	1401.0	0.266907982473
chr8	122200000	122300000	3906	1030.0	0.2636968766
chr8	122300000	122400000	0	0.0	NA
chr8	122400000	122500000	0	0.0	NA
chr8	122500000	122600000	4001	1072.0	0.267933016746
chr8	122600000	122700000	6329	1586.0	0.250592510665
chr8	122700000	122800000	2349	546.0	0.232439335888
chr8	122800000	122900000	2989	799.0	0.26731348277
chr8	122900000	123000000	3718	911.0	0.245024206563
chr8	123000000	123100000	0	0.0	NA
chr8	123100000	123200000	3680	995.0	0.270380434783
chr8	123200000	123300000	0	0.0	NA
chr8	123300000	123400000	0	0.0	NA
chr8	123400000	123500000	3830	1055.0	0.27545691906
chr8	123500000	123600000	4034	1004.0	0.248884481904
chr8	123600000	123700000	1777	451.0	0.25379853686
chr8	123700000	123800000	12616	3079.0	0.244055168041
chr8	123800000	123900000	2378	617.0	0.259461732548
chr8	123900000	124000000	6065	1718.0	0.283264633141
chr8	124000000	124100000	10394	2669.0	0.256782759284
chr8	124100000	124200000	8943	2425.0	0.271161802527
chr8	124200000	124300000	13083	3334.0	0.254834518077
chr8	124300000	124400000	0	0.0	NA
chr8	124400000	124500000	2608	667.0	0.255751533742
chr8	124500000	124600000	12618	2934.0	0.232524964337
chr8	124600000	124700000	11171	2733.0	0.244651329335
chr8	124700000	124800000	6246	1665.0	0.266570605187
chr8	124800000	124900000	2256	661.0	0.292996453901
chr8	124900000	125000000	0	0.0	NA
chr8	125000000	125100000	0	0.0	NA
chr8	125100000	125200000	5329	1450.0	0.272096078063
chr8	125200000	125300000	6994	1764.0	0.252216185302
chr8	125300000	125400000	2861	640.0	0.22369800769
chr8	125400000	125500000	8915	2121.0	0.237913628716
chr8	125500000	125600000	2008	642.0	0.319721115538
chr8	125600000	125700000	0	0.0	NA
chr8	125700000	125800000	750	186.0	0.248
chr8	125800000	125900000	2554	730.0	0.285826155051
chr8	125900000	126000000	3547	838.0	0.236255990978
chr8	126000000	126100000	7805	1984.0	0.254196028187
chr8	126100000	126200000	0	0.0	NA
chr8	126200000	126300000	0	0.0	NA
chr8	126300000	126400000	1234	360.0	0.291734197731
chr8	126400000	126500000	14481	3460.0	0.238933775292
chr8	126500000	126600000	7608	1823.0	0.239616193481
chr8	126600000	126700000	0	0.0	NA
chr8	126700000	126800000	4284	1092.0	0.254901960784
chr8	126800000	126900000	0	0.0	NA
chr8	126900000	127000000	11596	3006.0	0.259227319765
chr8	127000000	127100000	587	143.0	0.243611584327
chr8	127100000	127200000	3910	1041.0	0.266240409207
chr8	127200000	127300000	0	0.0	NA
chr8	127300000	127400000	984	252.0	0.256097560976
chr8	127400000	127500000	1685	463.0	0.274777448071
chr8	127500000	127600000	17771	4793.0	0.269709076585
chr8	127600000	127700000	0	0.0	NA
chr8	127700000	127800000	0	0.0	NA
chr8	127800000	127900000	0	0.0	NA
chr8	127900000	128000000	0	0.0	NA
chr8	128000000	128100000	0	0.0	NA
chr8	128100000	128200000	0	0.0	NA
chr8	128200000	128300000	0	0.0	NA
chr8	128300000	128400000	0	0.0	NA
chr8	128400000	128500000	0	0.0	NA
chr8	128500000	128600000	3735	929.0	0.248728246319
chr8	128600000	128700000	3848	1078.0	0.280145530146
chr8	128700000	128800000	12314	3018.0	0.245086892967
chr8	128800000	128900000	656	183.0	0.278963414634
chr8	128900000	129000000	0	0.0	NA
chr8	129000000	129100000	0	0.0	NA
chr8	129100000	129200000	7081	1925.0	0.271854257873
chr8	129200000	129300000	7201	1749.0	0.242882932926
chr8	129300000	129400000	0	0.0	NA
chr8	129400000	129500000	3062	832.0	0.271717831483
chr8	129500000	129600000	3257	901.0	0.276634940129
chr8	129600000	129700000	3657	996.0	0.272354388843
chr8	129700000	129800000	0	0.0	NA
chr8	129800000	129900000	0	0.0	NA
chr8	129900000	130000000	8432	2216.0	0.262808349146
chr8	130000000	130100000	0	0.0	NA
chr8	130100000	130200000	0	0.0	NA
chr8	130200000	130300000	0	0.0	NA
chr8	130300000	130400000	0	0.0	NA
chr8	130400000	130500000	0	0.0	NA
chr8	130500000	130600000	0	0.0	NA
chr8	130600000	130700000	4524	1119.0	0.247347480106
chr8	130700000	130800000	3842	1115.0	0.290213430505
chr8	130800000	130900000	332	92.0	0.277108433735
chr8	130900000	131000000	0	0.0	NA
chr8	131000000	131100000	2028	605.0	0.2983234714
chr8	131100000	131200000	0	0.0	NA
chr8	131200000	131300000	0	0.0	NA
chr8	131300000	131400000	0	0.0	NA
chr8	131400000	131500000	3374	853.0	0.252815649081
chr8	131500000	131600000	2347	567.0	0.24158500213
chr8	131600000	131700000	5378	1498.0	0.278542209
chr8	131700000	131800000	647	138.0	0.213292117465
chr8	131800000	131900000	0	0.0	NA
chr8	131900000	132000000	0	0.0	NA
chr8	132000000	132100000	3667	1103.0	0.300790837197
chr8	132100000	132200000	6249	1666.0	0.266602656425
chr8	132200000	132300000	0	0.0	NA
chr8	132300000	132400000	1355	373.0	0.275276752768
chr8	132400000	132500000	3431	954.0	0.278053045759
chr8	132500000	132600000	0	0.0	NA
chr8	132600000	132700000	0	0.0	NA
chr8	132700000	132800000	0	0.0	NA
chr8	132800000	132900000	5186	1440.0	0.277670651755
chr8	132900000	133000000	2429	576.0	0.237134623302
chr8	133000000	133100000	2225	675.0	0.303370786517
chr8	133100000	133200000	2864	632.0	0.220670391061
chr8	133200000	133300000	0	0.0	NA
chr8	133300000	133400000	0	0.0	NA
chr8	133400000	133500000	1645	394.0	0.239513677812
chr8	133500000	133600000	6528	1857.0	0.284466911765
chr8	133600000	133700000	2676	757.0	0.28288490284
chr8	133700000	133800000	5238	1373.0	0.26212294769
chr8	133800000	133900000	1045	259.0	0.247846889952
chr8	133900000	134000000	0	0.0	NA
chr8	134000000	134100000	0	0.0	NA
chr8	134100000	134200000	7231	2252.0	0.311436869036
chr8	134200000	134300000	9448	2625.0	0.27783657917
chr8	134300000	134400000	2449	863.0	0.352388730094
chr8	134400000	134500000	716	251.0	0.350558659218
chr8	134500000	134600000	5369	1685.0	0.313838703669
chr8	134600000	134700000	9728	2914.0	0.299547697368
chr8	134700000	134800000	6079	1854.0	0.30498437243
chr8	134800000	134900000	4604	1336.0	0.290182450043
chr8	134900000	135000000	1640	465.0	0.283536585366
chr8	135000000	135100000	0	0.0	NA
chr8	135100000	135200000	0	0.0	NA
chr8	135200000	135300000	2640	755.0	0.285984848485
chr8	135300000	135400000	3711	1218.0	0.328213419563
chr8	135400000	135500000	3760	1335.0	0.355053191489
chr8	135500000	135600000	0	0.0	NA
chr8	135600000	135700000	0	0.0	NA
chr8	135700000	135800000	19077	5235.0	0.274414216072
chr8	135800000	135900000	24130	5702.0	0.236303356817
chr8	135900000	136000000	0	0.0	NA
chr8	136000000	136100000	0	0.0	NA
chr8	136100000	136200000	4729	1290.0	0.272784943963
chr8	136200000	136300000	7025	1968.0	0.280142348754
chr8	136300000	136400000	4799	1301.0	0.271098145447
chr8	136400000	136500000	7898	2192.0	0.277538617371
chr8	136500000	136600000	0	0.0	NA
chr8	136600000	136700000	3638	1135.0	0.311984606927
chr8	136700000	136800000	5236	1469.0	0.280557677617
chr8	136800000	136900000	0	0.0	NA
chr8	136900000	137000000	0	0.0	NA
chr8	137000000	137100000	2690	657.0	0.244237918216
chr8	137100000	137200000	2240	577.0	0.257589285714
chr8	137200000	137300000	0	0.0	NA
chr8	137300000	137400000	0	0.0	NA
chr8	137400000	137500000	3430	948.0	0.27638483965
chr8	137500000	137600000	3995	1020.0	0.255319148936
chr8	137600000	137700000	0	0.0	NA
chr8	137700000	137800000	0	0.0	NA
chr8	137800000	137900000	0	0.0	NA
chr8	137900000	138000000	0	0.0	NA
chr8	138000000	138100000	923	184.0	0.199349945829
chr8	138100000	138200000	3751	1060.0	0.282591308984
chr8	138200000	138300000	0	0.0	NA
chr8	138300000	138400000	0	0.0	NA
chr8	138400000	138500000	1516	457.0	0.301451187335
chr8	138500000	138600000	0	0.0	NA
chr8	138600000	138700000	0	0.0	NA
chr8	138700000	138800000	0	0.0	NA
chr8	138800000	138900000	642	202.0	0.314641744548
chr8	138900000	139000000	0	0.0	NA
chr8	139000000	139100000	0	0.0	NA
chr8	139100000	139200000	1882	481.0	0.255579171095
chr8	139200000	139300000	0	0.0	NA
chr8	139300000	139400000	0	0.0	NA
chr8	139400000	139500000	0	0.0	NA
chr8	139500000	139600000	3297	998.0	0.302699423719
chr8	139600000	139700000	0	0.0	NA
chr8	139700000	139800000	0	0.0	NA
chr8	139800000	139900000	0	0.0	NA
chr8	139900000	140000000	0	0.0	NA
chr8	140000000	140100000	0	0.0	NA
chr8	140100000	140200000	6595	2318.0	0.351478392722
chr8	140200000	140300000	0	0.0	NA
chr8	140300000	140400000	0	0.0	NA
chr8	140400000	140500000	5053	1393.0	0.275677815159
chr8	140500000	140600000	0	0.0	NA
chr8	140600000	140700000	2701	871.0	0.32247315809
chr8	140700000	140800000	8019	2438.0	0.304027933658
chr8	140800000	140900000	0	0.0	NA
chr8	140900000	141000000	0	0.0	NA
chr8	141000000	141100000	0	0.0	NA
chr8	141100000	141200000	0	0.0	NA
chr8	141200000	141300000	0	0.0	NA
chr8	141300000	141400000	0	0.0	NA
chr8	141400000	141500000	1710	513.0	0.3
chr8	141500000	141600000	8154	1869.0	0.229212656365
chr8	141600000	141700000	2440	943.0	0.386475409836
chr8	141700000	141800000	0	0.0	NA
chr8	141800000	141900000	0	0.0	NA
chr8	141900000	142000000	0	0.0	NA
chr8	142000000	142100000	1591	535.0	0.336266499057
chr8	142100000	142200000	3148	1074.0	0.341168996188
chr8	142200000	142300000	4800	1682.0	0.350416666667
chr8	142300000	142400000	20947	6894.0	0.329116341242
chr8	142400000	142500000	6128	2008.0	0.327676240209
chr8	142500000	142600000	8675	2976.0	0.343054755043
chr8	142600000	142700000	0	0.0	NA
chr8	142700000	142800000	0	0.0	NA
chr8	142800000	142900000	4834	1674.0	0.346297062474
chr8	142900000	143000000	0	0.0	NA
chr8	143000000	143100000	695	253.0	0.364028776978
chr8	143100000	143200000	4516	1636.0	0.362267493357
chr8	143200000	143300000	8227	2700.0	0.32818767473
chr8	143300000	143400000	309	96.0	0.31067961165
chr8	143400000	143500000	5830	2104.0	0.36089193825
chr8	143500000	143600000	2764	936.0	0.338639652677
chr8	143600000	143700000	3854	1246.0	0.323300467047
chr8	143700000	143800000	2158	725.0	0.335959221501
chr8	143800000	143900000	11504	3996.0	0.34735744089
chr8	143900000	144000000	608	216.0	0.355263157895
chr8	144000000	144100000	0	0.0	NA
chr8	144100000	144200000	0	0.0	NA
chr8	144200000	144300000	3018	1128.0	0.373757455268
chr8	144300000	144400000	6064	2127.0	0.350758575198
chr8	144400000	144500000	13021	4504.0	0.345902772445
chr8	144500000	144600000	6268	2111.0	0.336790044671
chr8	144600000	144700000	19769	6129.0	0.310030856391
chr8	144700000	144800000	3645	1147.0	0.314677640604
chr8	144800000	144900000	16124	4965.0	0.307926072935
chr8	144900000	145000000	14153	4128.0	0.291669610683
chr8	145000000	145100000	8214	2444.0	0.297540784027
chr8	145100000	145200000	22184	5943.0	0.267895780743
chr8	145200000	145300000	0	0.0	NA
chr8	145300000	145400000	0	0.0	NA
chr8	145400000	145500000	0	0.0	NA
chr8	145500000	145600000	11299	3379.0	0.299053013541
chr8	145600000	145700000	27461	7719.0	0.281089545173
chr8	145700000	145800000	24478	6733.0	0.275063322167
chr8	145800000	145900000	0	0.0	NA
chr8	145900000	146000000	4141	1342.0	0.32407631007
chr8	146000000	146100000	4121	1296.0	0.314486775055
chr8	146100000	146200000	1364	443.0	0.324780058651
chr8	146200000	146300000	0	0.0	NA
chr8	146300000	146364022	0	0.0	NA
