chr8	0	100000	0	0.0	NA
chr8	100000	200000	0	0.0	NA
chr8	200000	300000	1634	561.0	0.343329253366
chr8	300000	400000	1183	347.0	0.293322062553
chr8	400000	500000	2997	907.0	0.302635969303
chr8	500000	600000	1615	519.0	0.321362229102
chr8	600000	700000	506	195.0	0.385375494071
chr8	700000	800000	0	0.0	NA
chr8	800000	900000	0	0.0	NA
chr8	900000	1000000	0	0.0	NA
chr8	1000000	1100000	0	0.0	NA
chr8	1100000	1200000	0	0.0	NA
chr8	1200000	1300000	0	0.0	NA
chr8	1300000	1400000	0	0.0	NA
chr8	1400000	1500000	0	0.0	NA
chr8	1500000	1600000	0	0.0	NA
chr8	1600000	1700000	0	0.0	NA
chr8	1700000	1800000	470	178.0	0.378723404255
chr8	1800000	1900000	0	0.0	NA
chr8	1900000	2000000	1613	657.0	0.407315561066
chr8	2000000	2100000	182	80.0	0.43956043956
chr8	2100000	2200000	2825	980.0	0.346902654867
chr8	2200000	2300000	0	0.0	NA
chr8	2300000	2400000	6423	2368.0	0.368675073953
chr8	2400000	2500000	0	0.0	NA
chr8	2500000	2600000	0	0.0	NA
chr8	2600000	2700000	315	103.0	0.326984126984
chr8	2700000	2800000	0	0.0	NA
chr8	2800000	2900000	0	0.0	NA
chr8	2900000	3000000	0	0.0	NA
chr8	3000000	3100000	0	0.0	NA
chr8	3100000	3200000	0	0.0	NA
chr8	3200000	3300000	0	0.0	NA
chr8	3300000	3400000	0	0.0	NA
chr8	3400000	3500000	0	0.0	NA
chr8	3500000	3600000	0	0.0	NA
chr8	3600000	3700000	0	0.0	NA
chr8	3700000	3800000	0	0.0	NA
chr8	3800000	3900000	0	0.0	NA
chr8	3900000	4000000	0	0.0	NA
chr8	4000000	4100000	0	0.0	NA
chr8	4100000	4200000	0	0.0	NA
chr8	4200000	4300000	0	0.0	NA
chr8	4300000	4400000	0	0.0	NA
chr8	4400000	4500000	0	0.0	NA
chr8	4500000	4600000	0	0.0	NA
chr8	4600000	4700000	0	0.0	NA
chr8	4700000	4800000	0	0.0	NA
chr8	4800000	4900000	3257	995.0	0.305495855081
chr8	4900000	5000000	7791	2405.0	0.308689513541
chr8	5000000	5100000	3063	898.0	0.293176624225
chr8	5100000	5200000	0	0.0	NA
chr8	5200000	5300000	0	0.0	NA
chr8	5300000	5400000	2045	687.0	0.335941320293
chr8	5400000	5500000	0	0.0	NA
chr8	5500000	5600000	6053	1847.0	0.305137948125
chr8	5600000	5700000	0	0.0	NA
chr8	5700000	5800000	4204	1265.0	0.300903901047
chr8	5800000	5900000	4450	1351.0	0.303595505618
chr8	5900000	6000000	783	287.0	0.366538952746
chr8	6000000	6100000	0	0.0	NA
chr8	6100000	6200000	822	296.0	0.360097323601
chr8	6200000	6300000	0	0.0	NA
chr8	6300000	6400000	0	0.0	NA
chr8	6400000	6500000	0	0.0	NA
chr8	6500000	6600000	4806	1407.0	0.292759051186
chr8	6600000	6700000	1850	674.0	0.364324324324
chr8	6700000	6800000	2525	875.0	0.346534653465
chr8	6800000	6900000	0	0.0	NA
chr8	6900000	7000000	0	0.0	NA
chr8	7000000	7100000	0	0.0	NA
chr8	7100000	7200000	0	0.0	NA
chr8	7200000	7300000	7	3.0	0.428571428571
chr8	7300000	7400000	0	0.0	NA
chr8	7400000	7500000	0	0.0	NA
chr8	7500000	7600000	0	0.0	NA
chr8	7600000	7700000	0	0.0	NA
chr8	7700000	7800000	0	0.0	NA
chr8	7800000	7900000	0	0.0	NA
chr8	7900000	8000000	0	0.0	NA
chr8	8000000	8100000	3	1.0	0.333333333333
chr8	8100000	8200000	4065	1130.0	0.277982779828
chr8	8200000	8300000	6806	1873.0	0.275198354393
chr8	8300000	8400000	5058	1481.0	0.292803479636
chr8	8400000	8500000	14612	3698.0	0.253079660553
chr8	8500000	8600000	6011	1752.0	0.291465646315
chr8	8600000	8700000	3407	716.0	0.210155562078
chr8	8700000	8800000	6027	1251.0	0.207565953211
chr8	8800000	8900000	4818	1263.0	0.262141967621
chr8	8900000	9000000	12693	3311.0	0.260852438352
chr8	9000000	9100000	10793	2674.0	0.247753173353
chr8	9100000	9200000	2332	605.0	0.259433962264
chr8	9200000	9300000	1663	460.0	0.276608538785
chr8	9300000	9400000	0	0.0	NA
chr8	9400000	9500000	2582	661.0	0.256003098373
chr8	9500000	9600000	0	0.0	NA
chr8	9600000	9700000	73	26.0	0.356164383562
chr8	9700000	9800000	17344	4002.0	0.230742619926
chr8	9800000	9900000	0	0.0	NA
chr8	9900000	10000000	5147	1297.0	0.251991451331
chr8	10000000	10100000	0	0.0	NA
chr8	10100000	10200000	0	0.0	NA
chr8	10200000	10300000	4339	1115.0	0.256971652454
chr8	10300000	10400000	7720	2094.0	0.271243523316
chr8	10400000	10500000	4260	1314.0	0.308450704225
chr8	10500000	10600000	11755	3533.0	0.300552956189
chr8	10600000	10700000	4095	1069.0	0.26105006105
chr8	10700000	10800000	14203	3628.0	0.255438991762
chr8	10800000	10900000	0	0.0	NA
chr8	10900000	11000000	0	0.0	NA
chr8	11000000	11100000	8473	1947.0	0.229788740706
chr8	11100000	11200000	8125	2158.0	0.2656
chr8	11200000	11300000	0	0.0	NA
chr8	11300000	11400000	8524	2590.0	0.303847958705
chr8	11400000	11500000	7689	2288.0	0.29756795422
chr8	11500000	11600000	1189	300.0	0.252312867956
chr8	11600000	11700000	12169	3564.0	0.292875338976
chr8	11700000	11800000	1112	321.0	0.288669064748
chr8	11800000	11900000	3139	880.0	0.280344058617
chr8	11900000	12000000	0	0.0	NA
chr8	12000000	12100000	0	0.0	NA
chr8	12100000	12200000	0	0.0	NA
chr8	12200000	12300000	0	0.0	NA
chr8	12300000	12400000	0	0.0	NA
chr8	12400000	12500000	0	0.0	NA
chr8	12500000	12600000	2371	411.0	0.173344580346
chr8	12600000	12700000	5300	1239.0	0.233773584906
chr8	12700000	12800000	687	201.0	0.292576419214
chr8	12800000	12900000	4082	1147.0	0.280989710926
chr8	12900000	13000000	4190	1073.0	0.256085918854
chr8	13000000	13100000	0	0.0	NA
chr8	13100000	13200000	0	0.0	NA
chr8	13200000	13300000	0	0.0	NA
chr8	13300000	13400000	0	0.0	NA
chr8	13400000	13500000	7595	2085.0	0.274522712311
chr8	13500000	13600000	0	0.0	NA
chr8	13600000	13700000	1430	380.0	0.265734265734
chr8	13700000	13800000	3169	858.0	0.270747869991
chr8	13800000	13900000	0	0.0	NA
chr8	13900000	14000000	2925	747.0	0.255384615385
chr8	14000000	14100000	0	0.0	NA
chr8	14100000	14200000	0	0.0	NA
chr8	14200000	14300000	0	0.0	NA
chr8	14300000	14400000	0	0.0	NA
chr8	14400000	14500000	0	0.0	NA
chr8	14500000	14600000	0	0.0	NA
chr8	14600000	14700000	0	0.0	NA
chr8	14700000	14800000	0	0.0	NA
chr8	14800000	14900000	0	0.0	NA
chr8	14900000	15000000	0	0.0	NA
chr8	15000000	15100000	2170	548.0	0.252534562212
chr8	15100000	15200000	4559	1187.0	0.260364114937
chr8	15200000	15300000	0	0.0	NA
chr8	15300000	15400000	4974	1267.0	0.254724567752
chr8	15400000	15500000	0	0.0	NA
chr8	15500000	15600000	0	0.0	NA
chr8	15600000	15700000	861	237.0	0.275261324042
chr8	15700000	15800000	0	0.0	NA
chr8	15800000	15900000	4600	1156.0	0.251304347826
chr8	15900000	16000000	1642	451.0	0.274665042631
chr8	16000000	16100000	3632	988.0	0.272026431718
chr8	16100000	16200000	0	0.0	NA
chr8	16200000	16300000	0	0.0	NA
chr8	16300000	16400000	0	0.0	NA
chr8	16400000	16500000	2593	676.0	0.260701889703
chr8	16500000	16600000	2616	600.0	0.229357798165
chr8	16600000	16700000	0	0.0	NA
chr8	16700000	16800000	3028	681.0	0.224900924703
chr8	16800000	16900000	7155	1629.0	0.227672955975
chr8	16900000	17000000	4406	1059.0	0.240354062642
chr8	17000000	17100000	7013	1547.0	0.22059033224
chr8	17100000	17200000	0	0.0	NA
chr8	17200000	17300000	1357	355.0	0.261606484893
chr8	17300000	17400000	1711	377.0	0.220338983051
chr8	17400000	17500000	2658	653.0	0.245673438676
chr8	17500000	17600000	3685	945.0	0.25644504749
chr8	17600000	17700000	5024	1265.0	0.251791401274
chr8	17700000	17800000	6554	1548.0	0.236191638694
chr8	17800000	17900000	237	60.0	0.253164556962
chr8	17900000	18000000	0	0.0	NA
chr8	18000000	18100000	0	0.0	NA
chr8	18100000	18200000	0	0.0	NA
chr8	18200000	18300000	0	0.0	NA
chr8	18300000	18400000	2061	549.0	0.266375545852
chr8	18400000	18500000	0	0.0	NA
chr8	18500000	18600000	0	0.0	NA
chr8	18600000	18700000	0	0.0	NA
chr8	18700000	18800000	0	0.0	NA
chr8	18800000	18900000	19	4.0	0.210526315789
chr8	18900000	19000000	3389	952.0	0.280908822662
chr8	19000000	19100000	0	0.0	NA
chr8	19100000	19200000	6791	1919.0	0.282579885142
chr8	19200000	19300000	2100	659.0	0.31380952381
chr8	19300000	19400000	0	0.0	NA
chr8	19400000	19500000	0	0.0	NA
chr8	19500000	19600000	0	0.0	NA
chr8	19600000	19700000	2581	658.0	0.254939945757
chr8	19700000	19800000	2162	567.0	0.262257169288
chr8	19800000	19900000	318	77.0	0.24213836478
chr8	19900000	20000000	4341	1216.0	0.280119788067
chr8	20000000	20100000	12582	3306.0	0.26275631855
chr8	20100000	20200000	3581	958.0	0.267523038257
chr8	20200000	20300000	4315	1189.0	0.275550405562
chr8	20300000	20400000	0	0.0	NA
chr8	20400000	20500000	3152	901.0	0.285850253807
chr8	20500000	20600000	6477	1879.0	0.290103442952
chr8	20600000	20700000	0	0.0	NA
chr8	20700000	20800000	2438	735.0	0.30147662018
chr8	20800000	20900000	19991	5439.0	0.272072432595
chr8	20900000	21000000	4329	1170.0	0.27027027027
chr8	21000000	21100000	2368	721.0	0.304476351351
chr8	21100000	21200000	2405	701.0	0.291476091476
chr8	21200000	21300000	0	0.0	NA
chr8	21300000	21400000	6327	1528.0	0.241504662557
chr8	21400000	21500000	6972	1885.0	0.270367183018
chr8	21500000	21600000	2284	681.0	0.298161120841
chr8	21600000	21700000	0	0.0	NA
chr8	21700000	21800000	3194	767.0	0.240137758297
chr8	21800000	21900000	4003	1071.0	0.267549337997
chr8	21900000	22000000	19280	4946.0	0.25653526971
chr8	22000000	22100000	19232	4805.0	0.249844009983
chr8	22100000	22200000	5081	1122.0	0.220822672702
chr8	22200000	22300000	4352	984.0	0.226102941176
chr8	22300000	22400000	0	0.0	NA
chr8	22400000	22500000	15056	3677.0	0.244221572795
chr8	22500000	22600000	12962	2969.0	0.229054158309
chr8	22600000	22700000	0	0.0	NA
chr8	22700000	22800000	2162	589.0	0.27243293247
chr8	22800000	22900000	5949	1656.0	0.278366111952
chr8	22900000	23000000	1536	516.0	0.3359375
chr8	23000000	23100000	0	0.0	NA
chr8	23100000	23200000	9583	2707.0	0.282479390587
chr8	23200000	23300000	0	0.0	NA
chr8	23300000	23400000	13209	3742.0	0.283291695056
chr8	23400000	23500000	6838	1814.0	0.265282246271
chr8	23500000	23600000	12875	3388.0	0.263145631068
chr8	23600000	23700000	10361	2559.0	0.246983881865
chr8	23700000	23800000	3611	870.0	0.240930490169
chr8	23800000	23900000	0	0.0	NA
chr8	23900000	24000000	3116	847.0	0.271822849807
chr8	24000000	24100000	5884	1496.0	0.254248810333
chr8	24100000	24200000	1315	413.0	0.314068441065
chr8	24200000	24300000	0	0.0	NA
chr8	24300000	24400000	0	0.0	NA
chr8	24400000	24500000	0	0.0	NA
chr8	24500000	24600000	0	0.0	NA
chr8	24600000	24700000	0	0.0	NA
chr8	24700000	24800000	9434	2036.0	0.215815136739
chr8	24800000	24900000	7767	1969.0	0.253508433114
chr8	24900000	25000000	0	0.0	NA
chr8	25000000	25100000	4788	1380.0	0.288220551378
chr8	25100000	25200000	0	0.0	NA
chr8	25200000	25300000	0	0.0	NA
chr8	25300000	25400000	0	0.0	NA
chr8	25400000	25500000	0	0.0	NA
chr8	25500000	25600000	0	0.0	NA
chr8	25600000	25700000	0	0.0	NA
chr8	25700000	25800000	0	0.0	NA
chr8	25800000	25900000	0	0.0	NA
chr8	25900000	26000000	0	0.0	NA
chr8	26000000	26100000	0	0.0	NA
chr8	26100000	26200000	0	0.0	NA
chr8	26200000	26300000	7428	1992.0	0.26817447496
chr8	26300000	26400000	4362	1247.0	0.285878037597
chr8	26400000	26500000	0	0.0	NA
chr8	26500000	26600000	1664	502.0	0.301682692308
chr8	26600000	26700000	2153	652.0	0.302833255922
chr8	26700000	26800000	2749	713.0	0.259367042561
chr8	26800000	26900000	0	0.0	NA
chr8	26900000	27000000	8096	1989.0	0.24567687747
chr8	27000000	27100000	8464	2152.0	0.254253308129
chr8	27100000	27200000	9987	2984.0	0.298788424952
chr8	27200000	27300000	0	0.0	NA
chr8	27300000	27400000	9159	2479.0	0.270662736107
chr8	27400000	27500000	7157	2166.0	0.302640771273
chr8	27500000	27600000	10544	2548.0	0.241654021244
chr8	27600000	27700000	6660	1635.0	0.245495495495
chr8	27700000	27800000	817	239.0	0.292533659731
chr8	27800000	27900000	5867	1495.0	0.254815067326
chr8	27900000	28000000	1007	208.0	0.206554121152
chr8	28000000	28100000	2625	850.0	0.32380952381
chr8	28100000	28200000	1712	429.0	0.25058411215
chr8	28200000	28300000	4688	1277.0	0.272397610922
chr8	28300000	28400000	3306	854.0	0.258318209316
chr8	28400000	28500000	4412	1076.0	0.243880326383
chr8	28500000	28600000	0	0.0	NA
chr8	28600000	28700000	3229	893.0	0.276556209353
chr8	28700000	28800000	6943	1492.0	0.214892697681
chr8	28800000	28900000	0	0.0	NA
chr8	28900000	29000000	15535	3487.0	0.224460894754
chr8	29000000	29100000	0	0.0	NA
chr8	29100000	29200000	2276	584.0	0.256590509666
chr8	29200000	29300000	7553	1934.0	0.256057195816
chr8	29300000	29400000	4072	1013.0	0.248772102161
chr8	29400000	29500000	8159	2293.0	0.281039343057
chr8	29500000	29600000	2233	604.0	0.270488132557
chr8	29600000	29700000	12890	3357.0	0.260434445306
chr8	29700000	29800000	5760	1357.0	0.235590277778
chr8	29800000	29900000	6575	1556.0	0.236653992395
chr8	29900000	30000000	538	145.0	0.269516728625
chr8	30000000	30100000	0	0.0	NA
chr8	30100000	30200000	81	10.0	0.123456790123
chr8	30200000	30300000	1784	439.0	0.246076233184
chr8	30300000	30400000	0	0.0	NA
chr8	30400000	30500000	1906	669.0	0.350996852046
chr8	30500000	30600000	1526	421.0	0.275884665793
chr8	30600000	30700000	1587	399.0	0.251417769376
chr8	30700000	30800000	1165	237.0	0.203433476395
chr8	30800000	30900000	2457	570.0	0.23199023199
chr8	30900000	31000000	0	0.0	NA
chr8	31000000	31100000	1661	436.0	0.262492474413
chr8	31100000	31200000	1472	310.0	0.210597826087
chr8	31200000	31300000	1566	339.0	0.216475095785
chr8	31300000	31400000	361	101.0	0.279778393352
chr8	31400000	31500000	8869	2088.0	0.235426767392
chr8	31500000	31600000	0	0.0	NA
chr8	31600000	31700000	0	0.0	NA
chr8	31700000	31800000	0	0.0	NA
chr8	31800000	31900000	0	0.0	NA
chr8	31900000	32000000	0	0.0	NA
chr8	32000000	32100000	0	0.0	NA
chr8	32100000	32200000	0	0.0	NA
chr8	32200000	32300000	0	0.0	NA
chr8	32300000	32400000	0	0.0	NA
chr8	32400000	32500000	0	0.0	NA
chr8	32500000	32600000	0	0.0	NA
chr8	32600000	32700000	2726	710.0	0.260454878944
chr8	32700000	32800000	5591	1262.0	0.225719906993
chr8	32800000	32900000	0	0.0	NA
chr8	32900000	33000000	3231	793.0	0.245434849892
chr8	33000000	33100000	4375	1079.0	0.246628571429
chr8	33100000	33200000	2764	731.0	0.264471780029
chr8	33200000	33300000	4140	1040.0	0.251207729469
chr8	33300000	33400000	3443	905.0	0.262852163811
chr8	33400000	33500000	4463	1333.0	0.29867801927
chr8	33500000	33600000	0	0.0	NA
chr8	33600000	33700000	0	0.0	NA
chr8	33700000	33800000	0	0.0	NA
chr8	33800000	33900000	1975	526.0	0.266329113924
chr8	33900000	34000000	352	90.0	0.255681818182
chr8	34000000	34100000	9167	2043.0	0.222864623105
chr8	34100000	34200000	0	0.0	NA
chr8	34200000	34300000	3327	883.0	0.265404268109
chr8	34300000	34400000	0	0.0	NA
chr8	34400000	34500000	0	0.0	NA
chr8	34500000	34600000	0	0.0	NA
chr8	34600000	34700000	718	168.0	0.233983286908
chr8	34700000	34800000	3162	801.0	0.253320683112
chr8	34800000	34900000	7045	1773.0	0.251667849539
chr8	34900000	35000000	0	0.0	NA
chr8	35000000	35100000	2207	488.0	0.221114635251
chr8	35100000	35200000	0	0.0	NA
chr8	35200000	35300000	0	0.0	NA
chr8	35300000	35400000	0	0.0	NA
chr8	35400000	35500000	0	0.0	NA
chr8	35500000	35600000	0	0.0	NA
chr8	35600000	35700000	3660	956.0	0.261202185792
chr8	35700000	35800000	2539	601.0	0.236707365104
chr8	35800000	35900000	5030	1283.0	0.255069582505
chr8	35900000	36000000	1720	472.0	0.274418604651
chr8	36000000	36100000	0	0.0	NA
chr8	36100000	36200000	9532	2391.0	0.250839278221
chr8	36200000	36300000	0	0.0	NA
chr8	36300000	36400000	1307	374.0	0.286151491966
chr8	36400000	36500000	0	0.0	NA
chr8	36500000	36600000	0	0.0	NA
chr8	36600000	36700000	2360	698.0	0.295762711864
chr8	36700000	36800000	2556	698.0	0.273082942097
chr8	36800000	36900000	0	0.0	NA
chr8	36900000	37000000	5070	1184.0	0.233530571992
chr8	37000000	37100000	0	0.0	NA
chr8	37100000	37200000	6900	1951.0	0.282753623188
chr8	37200000	37300000	2022	617.0	0.305143422354
chr8	37300000	37400000	0	0.0	NA
chr8	37400000	37500000	18673	5137.0	0.275103090023
chr8	37500000	37600000	16088	3948.0	0.245400298359
chr8	37600000	37700000	8492	2200.0	0.259067357513
chr8	37700000	37800000	7914	2268.0	0.286580742987
chr8	37800000	37900000	6182	1647.0	0.266418634746
chr8	37900000	38000000	6519	1622.0	0.248811167357
chr8	38000000	38100000	2546	609.0	0.239198743126
chr8	38100000	38200000	9392	2113.0	0.224978705281
chr8	38200000	38300000	13797	2943.0	0.213307240705
chr8	38300000	38400000	6318	1419.0	0.224596391263
chr8	38400000	38500000	5654	1643.0	0.290590732225
chr8	38500000	38600000	6002	1401.0	0.233422192602
chr8	38600000	38700000	0	0.0	NA
chr8	38700000	38800000	4502	1099.0	0.244113727232
chr8	38800000	38900000	13814	3041.0	0.220138989431
chr8	38900000	39000000	4340	930.0	0.214285714286
chr8	39000000	39100000	0	0.0	NA
chr8	39100000	39200000	1019	257.0	0.252208047105
chr8	39200000	39300000	0	0.0	NA
chr8	39300000	39400000	1063	296.0	0.278457196613
chr8	39400000	39500000	7314	2037.0	0.278506972929
chr8	39500000	39600000	2368	786.0	0.331925675676
chr8	39600000	39700000	78	21.0	0.269230769231
chr8	39700000	39800000	0	0.0	NA
chr8	39800000	39900000	0	0.0	NA
chr8	39900000	40000000	6024	1579.0	0.262118193891
chr8	40000000	40100000	7841	1985.0	0.253156485142
chr8	40100000	40200000	5680	1459.0	0.256866197183
chr8	40200000	40300000	2648	707.0	0.266993957704
chr8	40300000	40400000	7414	1892.0	0.255192878338
chr8	40400000	40500000	0	0.0	NA
chr8	40500000	40600000	0	0.0	NA
chr8	40600000	40700000	0	0.0	NA
chr8	40700000	40800000	8025	1796.0	0.223800623053
chr8	40800000	40900000	4190	1229.0	0.293317422434
chr8	40900000	41000000	0	0.0	NA
chr8	41000000	41100000	0	0.0	NA
chr8	41100000	41200000	4617	1202.0	0.260342213559
chr8	41200000	41300000	2964	790.0	0.2665317139
chr8	41300000	41400000	5886	1460.0	0.248046211349
chr8	41400000	41500000	2366	650.0	0.274725274725
chr8	41500000	41600000	794	254.0	0.319899244332
chr8	41600000	41700000	0	0.0	NA
chr8	41700000	41800000	4299	1207.0	0.280762968132
chr8	41800000	41900000	0	0.0	NA
chr8	41900000	42000000	4421	1192.0	0.269622257408
chr8	42000000	42100000	14944	3822.0	0.255754817987
chr8	42100000	42200000	2003	518.0	0.258612081877
chr8	42200000	42300000	9465	2510.0	0.265187533016
chr8	42300000	42400000	0	0.0	NA
chr8	42400000	42500000	857	231.0	0.269544924154
chr8	42500000	42600000	3425	1045.0	0.305109489051
chr8	42600000	42700000	4144	993.0	0.239623552124
chr8	42700000	42800000	5214	1317.0	0.252589182969
chr8	42800000	42900000	0	0.0	NA
chr8	42900000	43000000	215	59.0	0.274418604651
chr8	43000000	43100000	168	58.0	0.345238095238
chr8	43100000	43200000	0	0.0	NA
chr8	43200000	43300000	1233	351.0	0.284671532847
chr8	43300000	43400000	0	0.0	NA
chr8	43400000	43500000	0	0.0	NA
chr8	43500000	43600000	0	0.0	NA
chr8	43600000	43700000	0	0.0	NA
chr8	43700000	43800000	0	0.0	NA
chr8	43800000	43900000	0	0.0	NA
chr8	43900000	44000000	0	0.0	NA
chr8	44000000	44100000	0	0.0	NA
chr8	44100000	44200000	0	0.0	NA
chr8	44200000	44300000	0	0.0	NA
chr8	44300000	44400000	0	0.0	NA
chr8	44400000	44500000	0	0.0	NA
chr8	44500000	44600000	0	0.0	NA
chr8	44600000	44700000	0	0.0	NA
chr8	44700000	44800000	0	0.0	NA
chr8	44800000	44900000	0	0.0	NA
chr8	44900000	45000000	0	0.0	NA
chr8	45000000	45100000	0	0.0	NA
chr8	45100000	45200000	0	0.0	NA
chr8	45200000	45300000	0	0.0	NA
chr8	45300000	45400000	0	0.0	NA
chr8	45400000	45500000	0	0.0	NA
chr8	45500000	45600000	0	0.0	NA
chr8	45600000	45700000	0	0.0	NA
chr8	45700000	45800000	0	0.0	NA
chr8	45800000	45900000	0	0.0	NA
chr8	45900000	46000000	0	0.0	NA
chr8	46000000	46100000	0	0.0	NA
chr8	46100000	46200000	0	0.0	NA
chr8	46200000	46300000	0	0.0	NA
chr8	46300000	46400000	0	0.0	NA
chr8	46400000	46500000	0	0.0	NA
chr8	46500000	46600000	0	0.0	NA
chr8	46600000	46700000	0	0.0	NA
chr8	46700000	46800000	0	0.0	NA
chr8	46800000	46900000	0	0.0	NA
chr8	46900000	47000000	0	0.0	NA
chr8	47000000	47100000	0	0.0	NA
chr8	47100000	47200000	0	0.0	NA
chr8	47200000	47300000	0	0.0	NA
chr8	47300000	47400000	0	0.0	NA
chr8	47400000	47500000	0	0.0	NA
chr8	47500000	47600000	0	0.0	NA
chr8	47600000	47700000	0	0.0	NA
chr8	47700000	47800000	0	0.0	NA
chr8	47800000	47900000	0	0.0	NA
chr8	47900000	48000000	0	0.0	NA
chr8	48000000	48100000	1766	427.0	0.241789354473
chr8	48100000	48200000	759	225.0	0.296442687747
chr8	48200000	48300000	0	0.0	NA
chr8	48300000	48400000	0	0.0	NA
chr8	48400000	48500000	0	0.0	NA
chr8	48500000	48600000	0	0.0	NA
chr8	48600000	48700000	95	30.0	0.315789473684
chr8	48700000	48800000	0	0.0	NA
chr8	48800000	48900000	5837	1409.0	0.241391125578
chr8	48900000	49000000	2863	746.0	0.260565840028
chr8	49000000	49100000	0	0.0	NA
chr8	49100000	49200000	0	0.0	NA
chr8	49200000	49300000	4033	981.0	0.243243243243
chr8	49300000	49400000	5667	1698.0	0.299629433563
chr8	49400000	49500000	9433	2558.0	0.271175659917
chr8	49500000	49600000	0	0.0	NA
chr8	49600000	49700000	9761	2894.0	0.296486015777
chr8	49700000	49800000	0	0.0	NA
chr8	49800000	49900000	4929	1268.0	0.257252992493
chr8	49900000	50000000	4285	1156.0	0.269778296383
chr8	50000000	50100000	2241	708.0	0.31593038822
chr8	50100000	50200000	2628	720.0	0.27397260274
chr8	50200000	50300000	2946	865.0	0.293618465716
chr8	50300000	50400000	0	0.0	NA
chr8	50400000	50500000	5210	1422.0	0.272936660269
chr8	50500000	50600000	0	0.0	NA
chr8	50600000	50700000	0	0.0	NA
chr8	50700000	50800000	4575	1223.0	0.267322404372
chr8	50800000	50900000	7216	1964.0	0.272172949002
chr8	50900000	51000000	0	0.0	NA
chr8	51000000	51100000	0	0.0	NA
chr8	51100000	51200000	0	0.0	NA
chr8	51200000	51300000	0	0.0	NA
chr8	51300000	51400000	0	0.0	NA
chr8	51400000	51500000	0	0.0	NA
chr8	51500000	51600000	0	0.0	NA
chr8	51600000	51700000	0	0.0	NA
chr8	51700000	51800000	357	128.0	0.358543417367
chr8	51800000	51900000	0	0.0	NA
chr8	51900000	52000000	0	0.0	NA
chr8	52000000	52100000	0	0.0	NA
chr8	52100000	52200000	2026	585.0	0.288746298124
chr8	52200000	52300000	0	0.0	NA
chr8	52300000	52400000	0	0.0	NA
chr8	52400000	52500000	0	0.0	NA
chr8	52500000	52600000	0	0.0	NA
chr8	52600000	52700000	0	0.0	NA
chr8	52700000	52800000	4091	1129.0	0.275971645075
chr8	52800000	52900000	13065	3443.0	0.26352851129
chr8	52900000	53000000	204	40.0	0.196078431373
chr8	53000000	53100000	3099	832.0	0.268473701194
chr8	53100000	53200000	0	0.0	NA
chr8	53200000	53300000	0	0.0	NA
chr8	53300000	53400000	3645	901.0	0.247187928669
chr8	53400000	53500000	2847	743.0	0.260976466456
chr8	53500000	53600000	346	99.0	0.28612716763
chr8	53600000	53700000	4909	1215.0	0.247504583418
chr8	53700000	53800000	0	0.0	NA
chr8	53800000	53900000	3140	797.0	0.253821656051
chr8	53900000	54000000	5357	1449.0	0.270487212992
chr8	54000000	54100000	1401	330.0	0.235546038544
chr8	54100000	54200000	2643	792.0	0.299659477866
chr8	54200000	54300000	735	239.0	0.325170068027
chr8	54300000	54400000	6206	1674.0	0.269738962295
chr8	54400000	54500000	2960	790.0	0.266891891892
chr8	54500000	54600000	0	0.0	NA
chr8	54600000	54700000	1419	297.0	0.209302325581
chr8	54700000	54800000	0	0.0	NA
chr8	54800000	54900000	2599	829.0	0.318968834167
chr8	54900000	55000000	1933	489.0	0.252974650802
chr8	55000000	55100000	3991	970.0	0.243046855425
chr8	55100000	55200000	0	0.0	NA
chr8	55200000	55300000	4484	1171.0	0.261150758252
chr8	55300000	55400000	11259	2890.0	0.256683542055
chr8	55400000	55500000	2044	543.0	0.265655577299
chr8	55500000	55600000	0	0.0	NA
chr8	55600000	55700000	0	0.0	NA
chr8	55700000	55800000	2315	582.0	0.251403887689
chr8	55800000	55900000	0	0.0	NA
chr8	55900000	56000000	0	0.0	NA
chr8	56000000	56100000	3177	760.0	0.239219389361
chr8	56100000	56200000	0	0.0	NA
chr8	56200000	56300000	0	0.0	NA
chr8	56300000	56400000	0	0.0	NA
chr8	56400000	56500000	2098	495.0	0.235938989514
chr8	56500000	56600000	5623	1447.0	0.257335941668
chr8	56600000	56700000	857	186.0	0.217036172695
chr8	56700000	56800000	2644	762.0	0.288199697428
chr8	56800000	56900000	0	0.0	NA
chr8	56900000	57000000	7495	2287.0	0.305136757839
chr8	57000000	57100000	9865	2554.0	0.258895083629
chr8	57100000	57200000	14627	3124.0	0.21357763041
chr8	57200000	57300000	6569	1836.0	0.279494595829
chr8	57300000	57400000	2782	909.0	0.326743350108
chr8	57400000	57500000	1398	326.0	0.233190271817
chr8	57500000	57600000	2828	648.0	0.229137199434
chr8	57600000	57700000	0	0.0	NA
chr8	57700000	57800000	0	0.0	NA
chr8	57800000	57900000	4801	1195.0	0.248906477817
chr8	57900000	58000000	2002	490.0	0.244755244755
chr8	58000000	58100000	9448	2429.0	0.257091447925
chr8	58100000	58200000	2745	755.0	0.275045537341
chr8	58200000	58300000	1573	496.0	0.315321042594
chr8	58300000	58400000	0	0.0	NA
chr8	58400000	58500000	9493	2607.0	0.274623406721
chr8	58500000	58600000	3300	835.0	0.25303030303
chr8	58600000	58700000	0	0.0	NA
chr8	58700000	58800000	3541	944.0	0.266591358373
chr8	58800000	58900000	9706	2361.0	0.24325159695
chr8	58900000	59000000	4118	1035.0	0.251335599806
chr8	59000000	59100000	3368	944.0	0.280285035629
chr8	59100000	59200000	3299	812.0	0.246135192483
chr8	59200000	59300000	0	0.0	NA
chr8	59300000	59400000	5450	1302.0	0.238899082569
chr8	59400000	59500000	9687	2462.0	0.254155053164
chr8	59500000	59600000	4677	1225.0	0.26192003421
chr8	59600000	59700000	0	0.0	NA
chr8	59700000	59800000	3200	764.0	0.23875
chr8	59800000	59900000	0	0.0	NA
chr8	59900000	60000000	0	0.0	NA
chr8	60000000	60100000	14919	3362.0	0.225350224546
chr8	60100000	60200000	0	0.0	NA
chr8	60200000	60300000	0	0.0	NA
chr8	60300000	60400000	2055	591.0	0.287591240876
chr8	60400000	60500000	0	0.0	NA
chr8	60500000	60600000	6270	1339.0	0.21355661882
chr8	60600000	60700000	0	0.0	NA
chr8	60700000	60800000	0	0.0	NA
chr8	60800000	60900000	0	0.0	NA
chr8	60900000	61000000	4801	1262.0	0.26286190377
chr8	61000000	61100000	2782	646.0	0.232207045291
chr8	61100000	61200000	3372	790.0	0.23428232503
chr8	61200000	61300000	2643	590.0	0.223231176693
chr8	61300000	61400000	0	0.0	NA
chr8	61400000	61500000	4898	1198.0	0.24458962842
chr8	61500000	61600000	13473	3420.0	0.253841015364
chr8	61600000	61700000	0	0.0	NA
chr8	61700000	61800000	3335	834.0	0.250074962519
chr8	61800000	61900000	1503	290.0	0.192947438456
chr8	61900000	62000000	0	0.0	NA
chr8	62000000	62100000	0	0.0	NA
chr8	62100000	62200000	2971	770.0	0.259171995961
chr8	62200000	62300000	0	0.0	NA
chr8	62300000	62400000	0	0.0	NA
chr8	62400000	62500000	0	0.0	NA
chr8	62500000	62600000	0	0.0	NA
chr8	62600000	62700000	11318	2850.0	0.251811274077
chr8	62700000	62800000	0	0.0	NA
chr8	62800000	62900000	3232	912.0	0.282178217822
chr8	62900000	63000000	0	0.0	NA
chr8	63000000	63100000	0	0.0	NA
chr8	63100000	63200000	2975	799.0	0.268571428571
chr8	63200000	63300000	0	0.0	NA
chr8	63300000	63400000	0	0.0	NA
chr8	63400000	63500000	0	0.0	NA
chr8	63500000	63600000	0	0.0	NA
chr8	63600000	63700000	0	0.0	NA
chr8	63700000	63800000	0	0.0	NA
chr8	63800000	63900000	0	0.0	NA
chr8	63900000	64000000	11599	3074.0	0.265022846797
chr8	64000000	64100000	5576	1180.0	0.211621233859
chr8	64100000	64200000	9844	2146.0	0.218000812678
chr8	64200000	64300000	452	114.0	0.252212389381
chr8	64300000	64400000	3274	785.0	0.239767868051
chr8	64400000	64500000	3466	743.0	0.214368147721
chr8	64500000	64600000	10909	2358.0	0.216151801265
chr8	64600000	64700000	0	0.0	NA
chr8	64700000	64800000	0	0.0	NA
chr8	64800000	64900000	0	0.0	NA
chr8	64900000	65000000	0	0.0	NA
chr8	65000000	65100000	0	0.0	NA
chr8	65100000	65200000	0	0.0	NA
chr8	65200000	65300000	4080	608.0	0.149019607843
chr8	65300000	65400000	3760	932.0	0.247872340426
chr8	65400000	65500000	6551	1077.0	0.164402381316
chr8	65500000	65600000	1152	164.0	0.142361111111
chr8	65600000	65700000	0	0.0	NA
chr8	65700000	65800000	7300	1941.0	0.265890410959
chr8	65800000	65900000	0	0.0	NA
chr8	65900000	66000000	0	0.0	NA
chr8	66000000	66100000	6290	1409.0	0.2240063593
chr8	66100000	66200000	0	0.0	NA
chr8	66200000	66300000	0	0.0	NA
chr8	66300000	66400000	0	0.0	NA
chr8	66400000	66500000	3468	892.0	0.257208765859
chr8	66500000	66600000	7556	1767.0	0.233853890948
chr8	66600000	66700000	2761	613.0	0.222021006882
chr8	66700000	66800000	7025	1671.0	0.237864768683
chr8	66800000	66900000	0	0.0	NA
chr8	66900000	67000000	2854	584.0	0.204625087596
chr8	67000000	67100000	19781	4348.0	0.219806885395
chr8	67100000	67200000	5365	1342.0	0.250139794967
chr8	67200000	67300000	0	0.0	NA
chr8	67300000	67400000	10731	2386.0	0.222346472836
chr8	67400000	67500000	7041	1681.0	0.23874449652
chr8	67500000	67600000	6722	1038.0	0.154418327879
chr8	67600000	67700000	0	0.0	NA
chr8	67700000	67800000	765	175.0	0.228758169935
chr8	67800000	67900000	7295	1749.0	0.239753255655
chr8	67900000	68000000	4608	935.0	0.202907986111
chr8	68000000	68100000	0	0.0	NA
chr8	68100000	68200000	0	0.0	NA
chr8	68200000	68300000	6034	1312.0	0.21743453762
chr8	68300000	68400000	0	0.0	NA
chr8	68400000	68500000	0	0.0	NA
chr8	68500000	68600000	0	0.0	NA
chr8	68600000	68700000	3156	749.0	0.237325728771
chr8	68700000	68800000	0	0.0	NA
chr8	68800000	68900000	2534	553.0	0.218232044199
chr8	68900000	69000000	0	0.0	NA
chr8	69000000	69100000	0	0.0	NA
chr8	69100000	69200000	2616	595.0	0.22744648318
chr8	69200000	69300000	3011	764.0	0.253736300232
chr8	69300000	69400000	0	0.0	NA
chr8	69400000	69500000	0	0.0	NA
chr8	69500000	69600000	0	0.0	NA
chr8	69600000	69700000	0	0.0	NA
chr8	69700000	69800000	7057	1715.0	0.243021113788
chr8	69800000	69900000	2622	612.0	0.233409610984
chr8	69900000	70000000	0	0.0	NA
chr8	70000000	70100000	14874	3592.0	0.24149522657
chr8	70100000	70200000	0	0.0	NA
chr8	70200000	70300000	0	0.0	NA
chr8	70300000	70400000	5661	1219.0	0.215332980039
chr8	70400000	70500000	0	0.0	NA
chr8	70500000	70600000	2304	642.0	0.278645833333
chr8	70600000	70700000	0	0.0	NA
chr8	70700000	70800000	0	0.0	NA
chr8	70800000	70900000	7064	1653.0	0.234003397508
chr8	70900000	71000000	5346	1405.0	0.262813318369
chr8	71000000	71100000	1551	415.0	0.267569310123
chr8	71100000	71200000	0	0.0	NA
chr8	71200000	71300000	0	0.0	NA
chr8	71300000	71400000	5889	1419.0	0.240957717779
chr8	71400000	71500000	601	142.0	0.236272878536
chr8	71500000	71600000	8048	1948.0	0.242047713718
chr8	71600000	71700000	661	176.0	0.266263237519
chr8	71700000	71800000	0	0.0	NA
chr8	71800000	71900000	0	0.0	NA
chr8	71900000	72000000	0	0.0	NA
chr8	72000000	72100000	939	250.0	0.266240681576
chr8	72100000	72200000	0	0.0	NA
chr8	72200000	72300000	0	0.0	NA
chr8	72300000	72400000	0	0.0	NA
chr8	72400000	72500000	3612	668.0	0.184939091916
chr8	72500000	72600000	2877	753.0	0.26173096976
chr8	72600000	72700000	6613	1600.0	0.241947678814
chr8	72700000	72800000	18493	4743.0	0.256475423133
chr8	72800000	72900000	0	0.0	NA
chr8	72900000	73000000	0	0.0	NA
chr8	73000000	73100000	126	39.0	0.309523809524
chr8	73100000	73200000	7596	1885.0	0.248156924697
chr8	73200000	73300000	5838	1435.0	0.245803357314
chr8	73300000	73400000	2031	564.0	0.277695716396
chr8	73400000	73500000	2809	662.0	0.235671057316
chr8	73500000	73600000	0	0.0	NA
chr8	73600000	73700000	0	0.0	NA
chr8	73700000	73800000	0	0.0	NA
chr8	73800000	73900000	9348	2068.0	0.221223791185
chr8	73900000	74000000	8569	2174.0	0.253705216478
chr8	74000000	74100000	2783	696.0	0.250089831117
chr8	74100000	74200000	2079	595.0	0.286195286195
chr8	74200000	74300000	10573	2844.0	0.268987042467
chr8	74300000	74400000	3446	796.0	0.23099245502
chr8	74400000	74500000	0	0.0	NA
chr8	74500000	74600000	0	0.0	NA
chr8	74600000	74700000	0	0.0	NA
chr8	74700000	74800000	2445	552.0	0.225766871166
chr8	74800000	74900000	7609	1910.0	0.251018530687
chr8	74900000	75000000	6687	1596.0	0.238672050247
chr8	75000000	75100000	7676	1775.0	0.231240229286
chr8	75100000	75200000	9277	2256.0	0.243182063167
chr8	75200000	75300000	14797	3458.0	0.233696019463
chr8	75300000	75400000	0	0.0	NA
chr8	75400000	75500000	4848	1102.0	0.227310231023
chr8	75500000	75600000	0	0.0	NA
chr8	75600000	75700000	0	0.0	NA
chr8	75700000	75800000	285	68.0	0.238596491228
chr8	75800000	75900000	2144	473.0	0.220615671642
chr8	75900000	76000000	0	0.0	NA
chr8	76000000	76100000	1437	366.0	0.254697286013
chr8	76100000	76200000	2309	628.0	0.27197921178
chr8	76200000	76300000	0	0.0	NA
chr8	76300000	76400000	3722	897.0	0.240999462654
chr8	76400000	76500000	1068	307.0	0.287453183521
chr8	76500000	76600000	0	0.0	NA
chr8	76600000	76700000	1906	362.0	0.189926547744
chr8	76700000	76800000	2730	600.0	0.21978021978
chr8	76800000	76900000	4499	1183.0	0.262947321627
chr8	76900000	77000000	0	0.0	NA
chr8	77000000	77100000	0	0.0	NA
chr8	77100000	77200000	3792	1019.0	0.268723628692
chr8	77200000	77300000	0	0.0	NA
chr8	77300000	77400000	3518	676.0	0.192154633314
chr8	77400000	77500000	10842	1685.0	0.155414130234
chr8	77500000	77600000	3229	705.0	0.218333849489
chr8	77600000	77700000	0	0.0	NA
chr8	77700000	77800000	3548	986.0	0.277903043968
chr8	77800000	77900000	9773	2201.0	0.225212319656
chr8	77900000	78000000	3383	811.0	0.239728052025
chr8	78000000	78100000	0	0.0	NA
chr8	78100000	78200000	2453	674.0	0.274765593151
chr8	78200000	78300000	2919	840.0	0.287769784173
chr8	78300000	78400000	3601	520.0	0.14440433213
chr8	78400000	78500000	3315	590.0	0.177978883861
chr8	78500000	78600000	0	0.0	NA
chr8	78600000	78700000	0	0.0	NA
chr8	78700000	78800000	0	0.0	NA
chr8	78800000	78900000	0	0.0	NA
chr8	78900000	79000000	0	0.0	NA
chr8	79000000	79100000	4284	1175.0	0.274276377218
chr8	79100000	79200000	0	0.0	NA
chr8	79200000	79300000	0	0.0	NA
chr8	79300000	79400000	4167	872.0	0.209263258939
chr8	79400000	79500000	0	0.0	NA
chr8	79500000	79600000	14566	3296.0	0.226280378965
chr8	79600000	79700000	10086	2367.0	0.234681737061
chr8	79700000	79800000	7273	1862.0	0.256015399423
chr8	79800000	79900000	0	0.0	NA
chr8	79900000	80000000	0	0.0	NA
chr8	80000000	80100000	2075	530.0	0.255421686747
chr8	80100000	80200000	0	0.0	NA
chr8	80200000	80300000	5694	1395.0	0.244994731296
chr8	80300000	80400000	0	0.0	NA
chr8	80400000	80500000	0	0.0	NA
chr8	80500000	80600000	5606	1312.0	0.23403496254
chr8	80600000	80700000	8376	1822.0	0.217526265521
chr8	80700000	80800000	2305	582.0	0.252494577007
chr8	80800000	80900000	2210	562.0	0.254298642534
chr8	80900000	81000000	0	0.0	NA
chr8	81000000	81100000	2293	528.0	0.230266027039
chr8	81100000	81200000	8879	2274.0	0.256109922289
chr8	81200000	81300000	0	0.0	NA
chr8	81300000	81400000	2518	536.0	0.212867355044
chr8	81400000	81500000	16733	3993.0	0.238630251599
chr8	81500000	81600000	10326	2611.0	0.252856866163
chr8	81600000	81700000	0	0.0	NA
chr8	81700000	81800000	3381	728.0	0.215320910973
chr8	81800000	81900000	2832	737.0	0.260240112994
chr8	81900000	82000000	0	0.0	NA
chr8	82000000	82100000	7132	1604.0	0.224901850813
chr8	82100000	82200000	9581	2424.0	0.253000730613
chr8	82200000	82300000	1486	362.0	0.243606998654
chr8	82300000	82400000	0	0.0	NA
chr8	82400000	82500000	2847	762.0	0.267650158061
chr8	82500000	82600000	806	207.0	0.25682382134
chr8	82600000	82700000	12719	3157.0	0.248211337369
chr8	82700000	82800000	4272	1076.0	0.251872659176
chr8	82800000	82900000	2256	482.0	0.21365248227
chr8	82900000	83000000	0	0.0	NA
chr8	83000000	83100000	6668	1505.0	0.225704859028
chr8	83100000	83200000	0	0.0	NA
chr8	83200000	83300000	0	0.0	NA
chr8	83300000	83400000	0	0.0	NA
chr8	83400000	83500000	2894	704.0	0.243261921216
chr8	83500000	83600000	2661	637.0	0.239383690342
chr8	83600000	83700000	0	0.0	NA
chr8	83700000	83800000	2548	718.0	0.281789638932
chr8	83800000	83900000	800	185.0	0.23125
chr8	83900000	84000000	0	0.0	NA
chr8	84000000	84100000	0	0.0	NA
chr8	84100000	84200000	0	0.0	NA
chr8	84200000	84300000	0	0.0	NA
chr8	84300000	84400000	4897	1177.0	0.24035123545
chr8	84400000	84500000	0	0.0	NA
chr8	84500000	84600000	0	0.0	NA
chr8	84600000	84700000	0	0.0	NA
chr8	84700000	84800000	0	0.0	NA
chr8	84800000	84900000	781	214.0	0.274007682458
chr8	84900000	85000000	0	0.0	NA
chr8	85000000	85100000	5834	1334.0	0.228659581762
chr8	85100000	85200000	0	0.0	NA
chr8	85200000	85300000	0	0.0	NA
chr8	85300000	85400000	0	0.0	NA
chr8	85400000	85500000	0	0.0	NA
chr8	85500000	85600000	0	0.0	NA
chr8	85600000	85700000	0	0.0	NA
chr8	85700000	85800000	0	0.0	NA
chr8	85800000	85900000	2734	694.0	0.253840526701
chr8	85900000	86000000	0	0.0	NA
chr8	86000000	86100000	4756	1252.0	0.263246425568
chr8	86100000	86200000	4989	1162.0	0.232912407296
chr8	86200000	86300000	0	0.0	NA
chr8	86300000	86400000	1431	404.0	0.282320055905
chr8	86400000	86500000	6269	1672.0	0.26670920402
chr8	86500000	86600000	0	0.0	NA
chr8	86600000	86700000	0	0.0	NA
chr8	86700000	86800000	0	0.0	NA
chr8	86800000	86900000	5187	1465.0	0.282436861384
chr8	86900000	87000000	2136	530.0	0.248127340824
chr8	87000000	87100000	5709	1540.0	0.269749518304
chr8	87100000	87200000	6849	1684.0	0.245875310264
chr8	87200000	87300000	7290	1870.0	0.256515775034
chr8	87300000	87400000	1185	265.0	0.223628691983
chr8	87400000	87500000	4383	1117.0	0.254848277436
chr8	87500000	87600000	9041	2100.0	0.232275190797
chr8	87600000	87700000	0	0.0	NA
chr8	87700000	87800000	5107	1251.0	0.24495790092
chr8	87800000	87900000	5028	1092.0	0.217183770883
chr8	87900000	88000000	0	0.0	NA
chr8	88000000	88100000	0	0.0	NA
chr8	88100000	88200000	0	0.0	NA
chr8	88200000	88300000	0	0.0	NA
chr8	88300000	88400000	1006	252.0	0.250497017893
chr8	88400000	88500000	0	0.0	NA
chr8	88500000	88600000	1699	415.0	0.244261330194
chr8	88600000	88700000	0	0.0	NA
chr8	88700000	88800000	2707	669.0	0.247137052087
chr8	88800000	88900000	4535	1137.0	0.250716648291
chr8	88900000	89000000	2168	473.0	0.218173431734
chr8	89000000	89100000	4646	1180.0	0.253981919931
chr8	89100000	89200000	0	0.0	NA
chr8	89200000	89300000	0	0.0	NA
chr8	89300000	89400000	0	0.0	NA
chr8	89400000	89500000	0	0.0	NA
chr8	89500000	89600000	0	0.0	NA
chr8	89600000	89700000	0	0.0	NA
chr8	89700000	89800000	2701	741.0	0.274342835987
chr8	89800000	89900000	1967	548.0	0.278596847992
chr8	89900000	90000000	0	0.0	NA
chr8	90000000	90100000	0	0.0	NA
chr8	90100000	90200000	0	0.0	NA
chr8	90200000	90300000	0	0.0	NA
chr8	90300000	90400000	0	0.0	NA
chr8	90400000	90500000	0	0.0	NA
chr8	90500000	90600000	0	0.0	NA
chr8	90600000	90700000	2733	539.0	0.19721917307
chr8	90700000	90800000	5886	1494.0	0.253822629969
chr8	90800000	90900000	2379	591.0	0.24842370744
chr8	90900000	91000000	3780	929.0	0.245767195767
chr8	91000000	91100000	3547	920.0	0.259374118974
chr8	91100000	91200000	0	0.0	NA
chr8	91200000	91300000	3491	811.0	0.232311658551
chr8	91300000	91400000	0	0.0	NA
chr8	91400000	91500000	6127	1552.0	0.253305043251
chr8	91500000	91600000	8755	2225.0	0.254140491148
chr8	91600000	91700000	4705	958.0	0.203613177471
chr8	91700000	91800000	0	0.0	NA
chr8	91800000	91900000	0	0.0	NA
chr8	91900000	92000000	456	119.0	0.260964912281
chr8	92000000	92100000	19531	4919.0	0.251856023757
chr8	92100000	92200000	3928	974.0	0.247963340122
chr8	92200000	92300000	0	0.0	NA
chr8	92300000	92400000	0	0.0	NA
chr8	92400000	92500000	6558	1530.0	0.233302836231
chr8	92500000	92600000	0	0.0	NA
chr8	92600000	92700000	0	0.0	NA
chr8	92700000	92800000	0	0.0	NA
chr8	92800000	92900000	0	0.0	NA
chr8	92900000	93000000	2105	544.0	0.258432304038
chr8	93000000	93100000	0	0.0	NA
chr8	93100000	93200000	8027	1300.0	0.161953407251
chr8	93200000	93300000	0	0.0	NA
chr8	93300000	93400000	0	0.0	NA
chr8	93400000	93500000	4634	980.0	0.211480362538
chr8	93500000	93600000	8464	2229.0	0.263350661626
chr8	93600000	93700000	7962	1974.0	0.247927656368
chr8	93700000	93800000	304	77.0	0.253289473684
chr8	93800000	93900000	4390	977.0	0.222551252847
chr8	93900000	94000000	0	0.0	NA
chr8	94000000	94100000	10602	2150.0	0.202791926052
chr8	94100000	94200000	4588	1012.0	0.220575414124
chr8	94200000	94300000	1547	502.0	0.324499030381
chr8	94300000	94400000	0	0.0	NA
chr8	94400000	94500000	0	0.0	NA
chr8	94500000	94600000	0	0.0	NA
chr8	94600000	94700000	0	0.0	NA
chr8	94700000	94800000	9776	2189.0	0.223915711948
chr8	94800000	94900000	2011	667.0	0.331675783192
chr8	94900000	95000000	11221	3003.0	0.267623206488
chr8	95000000	95100000	0	0.0	NA
chr8	95100000	95200000	1374	338.0	0.245997088792
chr8	95200000	95300000	6659	1755.0	0.263553086049
chr8	95300000	95400000	895	240.0	0.268156424581
chr8	95400000	95500000	3449	792.0	0.229631777327
chr8	95500000	95600000	2573	669.0	0.260007773028
chr8	95600000	95700000	4050	1048.0	0.258765432099
chr8	95700000	95800000	1868	470.0	0.251605995717
chr8	95800000	95900000	373	89.0	0.238605898123
chr8	95900000	96000000	0	0.0	NA
chr8	96000000	96100000	0	0.0	NA
chr8	96100000	96200000	4110	1275.0	0.310218978102
chr8	96200000	96300000	0	0.0	NA
chr8	96300000	96400000	0	0.0	NA
chr8	96400000	96500000	0	0.0	NA
chr8	96500000	96600000	0	0.0	NA
chr8	96600000	96700000	0	0.0	NA
chr8	96700000	96800000	0	0.0	NA
chr8	96800000	96900000	0	0.0	NA
chr8	96900000	97000000	5557	1285.0	0.231239877632
chr8	97000000	97100000	2206	579.0	0.262466001813
chr8	97100000	97200000	10632	2732.0	0.256960120391
chr8	97200000	97300000	10940	3059.0	0.279616087751
chr8	97300000	97400000	1942	665.0	0.342430484037
chr8	97400000	97500000	1941	595.0	0.306543019062
chr8	97500000	97600000	1822	543.0	0.298024149286
chr8	97600000	97700000	469	164.0	0.349680170576
chr8	97700000	97800000	0	0.0	NA
chr8	97800000	97900000	0	0.0	NA
chr8	97900000	98000000	0	0.0	NA
chr8	98000000	98100000	0	0.0	NA
chr8	98100000	98200000	0	0.0	NA
chr8	98200000	98300000	0	0.0	NA
chr8	98300000	98400000	0	0.0	NA
chr8	98400000	98500000	113	29.0	0.256637168142
chr8	98500000	98600000	0	0.0	NA
chr8	98600000	98700000	1969	488.0	0.247841543931
chr8	98700000	98800000	2051	443.0	0.215992198927
chr8	98800000	98900000	5915	1360.0	0.229923922232
chr8	98900000	99000000	0	0.0	NA
chr8	99000000	99100000	4150	1059.0	0.255180722892
chr8	99100000	99200000	10858	2676.0	0.246454227298
chr8	99200000	99300000	505	86.0	0.170297029703
chr8	99300000	99400000	5839	1429.0	0.244733687275
chr8	99400000	99500000	21378	5222.0	0.244269810085
chr8	99500000	99600000	0	0.0	NA
chr8	99600000	99700000	0	0.0	NA
chr8	99700000	99800000	0	0.0	NA
chr8	99800000	99900000	0	0.0	NA
chr8	99900000	100000000	17577	3953.0	0.224896171133
chr8	100000000	100100000	3749	879.0	0.23446252334
chr8	100100000	100200000	0	0.0	NA
chr8	100200000	100300000	0	0.0	NA
chr8	100300000	100400000	0	0.0	NA
chr8	100400000	100500000	0	0.0	NA
chr8	100500000	100600000	0	0.0	NA
chr8	100600000	100700000	0	0.0	NA
chr8	100700000	100800000	0	0.0	NA
chr8	100800000	100900000	5344	1213.0	0.226983532934
chr8	100900000	101000000	2764	637.0	0.230463096961
chr8	101000000	101100000	0	0.0	NA
chr8	101100000	101200000	8195	2097.0	0.255887736425
chr8	101200000	101300000	3757	876.0	0.233164759116
chr8	101300000	101400000	9874	2460.0	0.249139153332
chr8	101400000	101500000	11369	2953.0	0.259741402058
chr8	101500000	101600000	8715	2090.0	0.239816408491
chr8	101600000	101700000	5445	1474.0	0.270707070707
chr8	101700000	101800000	10094	2575.0	0.255102040816
chr8	101800000	101900000	3158	755.0	0.239075364155
chr8	101900000	102000000	10333	2648.0	0.256266331172
chr8	102000000	102100000	5110	1357.0	0.265557729941
chr8	102100000	102200000	21077	5721.0	0.271433315937
chr8	102200000	102300000	9626	2483.0	0.257947226262
chr8	102300000	102400000	9684	2461.0	0.254130524577
chr8	102400000	102500000	14384	3652.0	0.253893214683
chr8	102500000	102600000	0	0.0	NA
chr8	102600000	102700000	211	69.0	0.327014218009
chr8	102700000	102800000	0	0.0	NA
chr8	102800000	102900000	0	0.0	NA
chr8	102900000	103000000	0	0.0	NA
chr8	103000000	103100000	0	0.0	NA
chr8	103100000	103200000	3799	909.0	0.239273493024
chr8	103200000	103300000	4411	1057.0	0.239628202222
chr8	103300000	103400000	0	0.0	NA
chr8	103400000	103500000	2265	533.0	0.2353200883
chr8	103500000	103600000	8858	2208.0	0.249266200045
chr8	103600000	103700000	7496	1660.0	0.221451440768
chr8	103700000	103800000	3723	1050.0	0.282030620467
chr8	103800000	103900000	3288	869.0	0.264294403893
chr8	103900000	104000000	1881	463.0	0.246145667198
chr8	104000000	104100000	5306	1399.0	0.263663776856
chr8	104100000	104200000	3512	892.0	0.253986332574
chr8	104200000	104300000	0	0.0	NA
chr8	104300000	104400000	7900	1731.0	0.219113924051
chr8	104400000	104500000	15753	3619.0	0.229734018917
chr8	104500000	104600000	0	0.0	NA
chr8	104600000	104700000	0	0.0	NA
chr8	104700000	104800000	0	0.0	NA
chr8	104800000	104900000	0	0.0	NA
chr8	104900000	105000000	0	0.0	NA
chr8	105000000	105100000	0	0.0	NA
chr8	105100000	105200000	0	0.0	NA
chr8	105200000	105300000	403	90.0	0.223325062035
chr8	105300000	105400000	7339	1861.0	0.253576781578
chr8	105400000	105500000	9158	2298.0	0.250928150251
chr8	105500000	105600000	1546	307.0	0.198576972833
chr8	105600000	105700000	8585	1970.0	0.229470005824
chr8	105700000	105800000	8724	2089.0	0.239454378725
chr8	105800000	105900000	0	0.0	NA
chr8	105900000	106000000	0	0.0	NA
chr8	106000000	106100000	0	0.0	NA
chr8	106100000	106200000	3123	480.0	0.153698366955
chr8	106200000	106300000	0	0.0	NA
chr8	106300000	106400000	3559	517.0	0.145265524024
chr8	106400000	106500000	0	0.0	NA
chr8	106500000	106600000	0	0.0	NA
chr8	106600000	106700000	0	0.0	NA
chr8	106700000	106800000	0	0.0	NA
chr8	106800000	106900000	0	0.0	NA
chr8	106900000	107000000	0	0.0	NA
chr8	107000000	107100000	426	112.0	0.262910798122
chr8	107100000	107200000	0	0.0	NA
chr8	107200000	107300000	8704	2243.0	0.257697610294
chr8	107300000	107400000	0	0.0	NA
chr8	107400000	107500000	0	0.0	NA
chr8	107500000	107600000	0	0.0	NA
chr8	107600000	107700000	0	0.0	NA
chr8	107700000	107800000	3149	752.0	0.238805970149
chr8	107800000	107900000	0	0.0	NA
chr8	107900000	108000000	0	0.0	NA
chr8	108000000	108100000	0	0.0	NA
chr8	108100000	108200000	0	0.0	NA
chr8	108200000	108300000	1250	303.0	0.2424
chr8	108300000	108400000	0	0.0	NA
chr8	108400000	108500000	0	0.0	NA
chr8	108500000	108600000	3188	781.0	0.244981179423
chr8	108600000	108700000	0	0.0	NA
chr8	108700000	108800000	0	0.0	NA
chr8	108800000	108900000	5951	1271.0	0.213577549992
chr8	108900000	109000000	2622	754.0	0.287566742944
chr8	109000000	109100000	2384	488.0	0.204697986577
chr8	109100000	109200000	0	0.0	NA
chr8	109200000	109300000	2977	721.0	0.242190124286
chr8	109300000	109400000	0	0.0	NA
chr8	109400000	109500000	3410	759.0	0.222580645161
chr8	109500000	109600000	4403	1216.0	0.276175334999
chr8	109600000	109700000	0	0.0	NA
chr8	109700000	109800000	0	0.0	NA
chr8	109800000	109900000	9011	2129.0	0.236266785041
chr8	109900000	110000000	3368	823.0	0.244358669834
chr8	110000000	110100000	3219	890.0	0.276483379932
chr8	110100000	110200000	3455	816.0	0.236179450072
chr8	110200000	110300000	3345	836.0	0.249925261584
chr8	110300000	110400000	3195	827.0	0.258841940532
chr8	110400000	110500000	0	0.0	NA
chr8	110500000	110600000	10421	2514.0	0.241243642645
chr8	110600000	110700000	0	0.0	NA
chr8	110700000	110800000	2632	667.0	0.253419452888
chr8	110800000	110900000	3988	970.0	0.243229689067
chr8	110900000	111000000	4963	1177.0	0.237154946605
chr8	111000000	111100000	0	0.0	NA
chr8	111100000	111200000	0	0.0	NA
chr8	111200000	111300000	0	0.0	NA
chr8	111300000	111400000	2918	736.0	0.252227553119
chr8	111400000	111500000	0	0.0	NA
chr8	111500000	111600000	0	0.0	NA
chr8	111600000	111700000	3538	1015.0	0.286885245902
chr8	111700000	111800000	224	64.0	0.285714285714
chr8	111800000	111900000	0	0.0	NA
chr8	111900000	112000000	1044	323.0	0.30938697318
chr8	112000000	112100000	1078	311.0	0.288497217069
chr8	112100000	112200000	3132	883.0	0.281928480204
chr8	112200000	112300000	0	0.0	NA
chr8	112300000	112400000	255	62.0	0.243137254902
chr8	112400000	112500000	0	0.0	NA
chr8	112500000	112600000	0	0.0	NA
chr8	112600000	112700000	0	0.0	NA
chr8	112700000	112800000	0	0.0	NA
chr8	112800000	112900000	0	0.0	NA
chr8	112900000	113000000	0	0.0	NA
chr8	113000000	113100000	0	0.0	NA
chr8	113100000	113200000	5190	1349.0	0.259922928709
chr8	113200000	113300000	0	0.0	NA
chr8	113300000	113400000	0	0.0	NA
chr8	113400000	113500000	0	0.0	NA
chr8	113500000	113600000	0	0.0	NA
chr8	113600000	113700000	0	0.0	NA
chr8	113700000	113800000	0	0.0	NA
chr8	113800000	113900000	0	0.0	NA
chr8	113900000	114000000	0	0.0	NA
chr8	114000000	114100000	0	0.0	NA
chr8	114100000	114200000	0	0.0	NA
chr8	114200000	114300000	0	0.0	NA
chr8	114300000	114400000	0	0.0	NA
chr8	114400000	114500000	3549	862.0	0.242885319808
chr8	114500000	114600000	0	0.0	NA
chr8	114600000	114700000	6143	1629.0	0.265179879538
chr8	114700000	114800000	0	0.0	NA
chr8	114800000	114900000	0	0.0	NA
chr8	114900000	115000000	5024	1390.0	0.276671974522
chr8	115000000	115100000	0	0.0	NA
chr8	115100000	115200000	0	0.0	NA
chr8	115200000	115300000	1565	466.0	0.297763578275
chr8	115300000	115400000	3	1.0	0.333333333333
chr8	115400000	115500000	0	0.0	NA
chr8	115500000	115600000	0	0.0	NA
chr8	115600000	115700000	0	0.0	NA
chr8	115700000	115800000	0	0.0	NA
chr8	115800000	115900000	0	0.0	NA
chr8	115900000	116000000	0	0.0	NA
chr8	116000000	116100000	0	0.0	NA
chr8	116100000	116200000	0	0.0	NA
chr8	116200000	116300000	0	0.0	NA
chr8	116300000	116400000	0	0.0	NA
chr8	116400000	116500000	3261	854.0	0.261882858019
chr8	116500000	116600000	0	0.0	NA
chr8	116600000	116700000	3952	498.0	0.126012145749
chr8	116700000	116800000	0	0.0	NA
chr8	116800000	116900000	0	0.0	NA
chr8	116900000	117000000	3396	685.0	0.201707891637
chr8	117000000	117100000	0	0.0	NA
chr8	117100000	117200000	0	0.0	NA
chr8	117200000	117300000	0	0.0	NA
chr8	117300000	117400000	374	107.0	0.286096256684
chr8	117400000	117500000	4106	832.0	0.202630297126
chr8	117500000	117600000	0	0.0	NA
chr8	117600000	117700000	2019	332.0	0.164437840515
chr8	117700000	117800000	6178	1403.0	0.227096147621
chr8	117800000	117900000	2667	646.0	0.242219722535
chr8	117900000	118000000	6361	1629.0	0.256091809464
chr8	118000000	118100000	0	0.0	NA
chr8	118100000	118200000	1134	270.0	0.238095238095
chr8	118200000	118300000	0	0.0	NA
chr8	118300000	118400000	6282	1343.0	0.213785418656
chr8	118400000	118500000	0	0.0	NA
chr8	118500000	118600000	6853	1606.0	0.234349919743
chr8	118600000	118700000	0	0.0	NA
chr8	118700000	118800000	0	0.0	NA
chr8	118800000	118900000	2547	629.0	0.246957204554
chr8	118900000	119000000	0	0.0	NA
chr8	119000000	119100000	0	0.0	NA
chr8	119100000	119200000	4341	1014.0	0.233586731168
chr8	119200000	119300000	507	135.0	0.266272189349
chr8	119300000	119400000	0	0.0	NA
chr8	119400000	119500000	0	0.0	NA
chr8	119500000	119600000	0	0.0	NA
chr8	119600000	119700000	0	0.0	NA
chr8	119700000	119800000	2679	618.0	0.230683090705
chr8	119800000	119900000	0	0.0	NA
chr8	119900000	120000000	270	81.0	0.3
chr8	120000000	120100000	0	0.0	NA
chr8	120100000	120200000	480	124.0	0.258333333333
chr8	120200000	120300000	146	43.0	0.294520547945
chr8	120300000	120400000	2623	692.0	0.263820053374
chr8	120400000	120500000	4935	1149.0	0.23282674772
chr8	120500000	120600000	1536	367.0	0.238932291667
chr8	120600000	120700000	2277	611.0	0.268335529205
chr8	120700000	120800000	3231	792.0	0.245125348189
chr8	120800000	120900000	9769	2518.0	0.257754120176
chr8	120900000	121000000	0	0.0	NA
chr8	121000000	121100000	6475	1510.0	0.233204633205
chr8	121100000	121200000	1078	256.0	0.237476808905
chr8	121200000	121300000	0	0.0	NA
chr8	121300000	121400000	3732	960.0	0.257234726688
chr8	121400000	121500000	1523	390.0	0.256073539068
chr8	121500000	121600000	3234	783.0	0.242115027829
chr8	121600000	121700000	0	0.0	NA
chr8	121700000	121800000	0	0.0	NA
chr8	121800000	121900000	3177	904.0	0.284545168398
chr8	121900000	122000000	2434	609.0	0.250205423172
chr8	122000000	122100000	0	0.0	NA
chr8	122100000	122200000	3091	734.0	0.237463604012
chr8	122200000	122300000	3848	820.0	0.213097713098
chr8	122300000	122400000	0	0.0	NA
chr8	122400000	122500000	0	0.0	NA
chr8	122500000	122600000	2046	480.0	0.234604105572
chr8	122600000	122700000	4083	1025.0	0.251040901298
chr8	122700000	122800000	3704	974.0	0.262958963283
chr8	122800000	122900000	1921	520.0	0.270692347736
chr8	122900000	123000000	4685	1119.0	0.238847385272
chr8	123000000	123100000	0	0.0	NA
chr8	123100000	123200000	1480	399.0	0.269594594595
chr8	123200000	123300000	0	0.0	NA
chr8	123300000	123400000	0	0.0	NA
chr8	123400000	123500000	946	229.0	0.242071881607
chr8	123500000	123600000	1996	552.0	0.276553106212
chr8	123600000	123700000	1389	328.0	0.236141108711
chr8	123700000	123800000	8682	2220.0	0.255701451279
chr8	123800000	123900000	0	0.0	NA
chr8	123900000	124000000	4956	1185.0	0.239104116223
chr8	124000000	124100000	8554	2091.0	0.244447042319
chr8	124100000	124200000	3702	1112.0	0.30037817396
chr8	124200000	124300000	8251	1996.0	0.241910071506
chr8	124300000	124400000	560	150.0	0.267857142857
chr8	124400000	124500000	3664	1005.0	0.274290393013
chr8	124500000	124600000	13397	3464.0	0.258565350452
chr8	124600000	124700000	10070	2616.0	0.259781529295
chr8	124700000	124800000	3115	893.0	0.286677367576
chr8	124800000	124900000	2043	565.0	0.276554087127
chr8	124900000	125000000	0	0.0	NA
chr8	125000000	125100000	0	0.0	NA
chr8	125100000	125200000	1991	532.0	0.267202410849
chr8	125200000	125300000	10746	2761.0	0.256932812209
chr8	125300000	125400000	3357	834.0	0.248436103664
chr8	125400000	125500000	6109	1438.0	0.235390407595
chr8	125500000	125600000	3156	749.0	0.237325728771
chr8	125600000	125700000	0	0.0	NA
chr8	125700000	125800000	2572	653.0	0.253888024883
chr8	125800000	125900000	3098	823.0	0.265655261459
chr8	125900000	126000000	4018	1019.0	0.253608760577
chr8	126000000	126100000	10374	2554.0	0.246192404087
chr8	126100000	126200000	0	0.0	NA
chr8	126200000	126300000	0	0.0	NA
chr8	126300000	126400000	897	193.0	0.215161649944
chr8	126400000	126500000	10050	2730.0	0.271641791045
chr8	126500000	126600000	9160	2372.0	0.258951965066
chr8	126600000	126700000	0	0.0	NA
chr8	126700000	126800000	4811	1235.0	0.256703388069
chr8	126800000	126900000	0	0.0	NA
chr8	126900000	127000000	10404	2687.0	0.258266051519
chr8	127000000	127100000	2858	681.0	0.238278516445
chr8	127100000	127200000	1710	444.0	0.259649122807
chr8	127200000	127300000	0	0.0	NA
chr8	127300000	127400000	6664	1726.0	0.259003601441
chr8	127400000	127500000	2295	519.0	0.22614379085
chr8	127500000	127600000	13908	3676.0	0.264308311763
chr8	127600000	127700000	0	0.0	NA
chr8	127700000	127800000	0	0.0	NA
chr8	127800000	127900000	0	0.0	NA
chr8	127900000	128000000	0	0.0	NA
chr8	128000000	128100000	0	0.0	NA
chr8	128100000	128200000	0	0.0	NA
chr8	128200000	128300000	0	0.0	NA
chr8	128300000	128400000	0	0.0	NA
chr8	128400000	128500000	2998	802.0	0.26751167445
chr8	128500000	128600000	0	0.0	NA
chr8	128600000	128700000	1999	606.0	0.303151575788
chr8	128700000	128800000	8774	1953.0	0.222589468885
chr8	128800000	128900000	1693	535.0	0.316007088009
chr8	128900000	129000000	0	0.0	NA
chr8	129000000	129100000	0	0.0	NA
chr8	129100000	129200000	9551	2706.0	0.283321118208
chr8	129200000	129300000	6963	1709.0	0.245440183829
chr8	129300000	129400000	0	0.0	NA
chr8	129400000	129500000	2632	691.0	0.262537993921
chr8	129500000	129600000	1686	483.0	0.286476868327
chr8	129600000	129700000	1184	240.0	0.202702702703
chr8	129700000	129800000	0	0.0	NA
chr8	129800000	129900000	0	0.0	NA
chr8	129900000	130000000	5255	1414.0	0.269077069458
chr8	130000000	130100000	1994	488.0	0.244734202608
chr8	130100000	130200000	0	0.0	NA
chr8	130200000	130300000	0	0.0	NA
chr8	130300000	130400000	0	0.0	NA
chr8	130400000	130500000	0	0.0	NA
chr8	130500000	130600000	0	0.0	NA
chr8	130600000	130700000	5529	1418.0	0.256465907036
chr8	130700000	130800000	2713	716.0	0.263914485809
chr8	130800000	130900000	0	0.0	NA
chr8	130900000	131000000	0	0.0	NA
chr8	131000000	131100000	3171	1027.0	0.323872595396
chr8	131100000	131200000	0	0.0	NA
chr8	131200000	131300000	0	0.0	NA
chr8	131300000	131400000	0	0.0	NA
chr8	131400000	131500000	2709	724.0	0.267257290513
chr8	131500000	131600000	0	0.0	NA
chr8	131600000	131700000	5052	1344.0	0.266033254157
chr8	131700000	131800000	2650	759.0	0.28641509434
chr8	131800000	131900000	0	0.0	NA
chr8	131900000	132000000	0	0.0	NA
chr8	132000000	132100000	3097	759.0	0.245075879884
chr8	132100000	132200000	3530	891.0	0.252407932011
chr8	132200000	132300000	0	0.0	NA
chr8	132300000	132400000	592	170.0	0.287162162162
chr8	132400000	132500000	2034	582.0	0.286135693215
chr8	132500000	132600000	0	0.0	NA
chr8	132600000	132700000	0	0.0	NA
chr8	132700000	132800000	0	0.0	NA
chr8	132800000	132900000	5239	1473.0	0.281160526818
chr8	132900000	133000000	1549	394.0	0.254357650097
chr8	133000000	133100000	1682	513.0	0.304994054697
chr8	133100000	133200000	1858	479.0	0.25780409042
chr8	133200000	133300000	0	0.0	NA
chr8	133300000	133400000	0	0.0	NA
chr8	133400000	133500000	3745	1043.0	0.278504672897
chr8	133500000	133600000	6389	1830.0	0.286429801221
chr8	133600000	133700000	3664	905.0	0.246997816594
chr8	133700000	133800000	5698	1485.0	0.260617760618
chr8	133800000	133900000	2064	576.0	0.279069767442
chr8	133900000	134000000	0	0.0	NA
chr8	134000000	134100000	0	0.0	NA
chr8	134100000	134200000	2639	807.0	0.305797650625
chr8	134200000	134300000	4573	1369.0	0.299365842991
chr8	134300000	134400000	2239	719.0	0.321125502456
chr8	134400000	134500000	2209	783.0	0.354459031236
chr8	134500000	134600000	4330	1217.0	0.281062355658
chr8	134600000	134700000	9355	2789.0	0.298129342598
chr8	134700000	134800000	2930	934.0	0.318771331058
chr8	134800000	134900000	2435	719.0	0.295277207392
chr8	134900000	135000000	3214	927.0	0.288425637834
chr8	135000000	135100000	0	0.0	NA
chr8	135100000	135200000	0	0.0	NA
chr8	135200000	135300000	2230	647.0	0.290134529148
chr8	135300000	135400000	1827	477.0	0.261083743842
chr8	135400000	135500000	3007	914.0	0.303957432657
chr8	135500000	135600000	0	0.0	NA
chr8	135600000	135700000	0	0.0	NA
chr8	135700000	135800000	11503	3195.0	0.277753629488
chr8	135800000	135900000	24905	6129.0	0.246095161614
chr8	135900000	136000000	0	0.0	NA
chr8	136000000	136100000	0	0.0	NA
chr8	136100000	136200000	4825	1265.0	0.262176165803
chr8	136200000	136300000	3459	824.0	0.238219138479
chr8	136300000	136400000	2477	661.0	0.266855066613
chr8	136400000	136500000	8415	2236.0	0.265715983363
chr8	136500000	136600000	0	0.0	NA
chr8	136600000	136700000	3549	1038.0	0.292476754015
chr8	136700000	136800000	4255	1113.0	0.261574618096
chr8	136800000	136900000	0	0.0	NA
chr8	136900000	137000000	0	0.0	NA
chr8	137000000	137100000	3594	976.0	0.271563717307
chr8	137100000	137200000	397	97.0	0.244332493703
chr8	137200000	137300000	0	0.0	NA
chr8	137300000	137400000	0	0.0	NA
chr8	137400000	137500000	1844	522.0	0.283080260304
chr8	137500000	137600000	1779	516.0	0.290050590219
chr8	137600000	137700000	0	0.0	NA
chr8	137700000	137800000	0	0.0	NA
chr8	137800000	137900000	0	0.0	NA
chr8	137900000	138000000	1243	342.0	0.275140788415
chr8	138000000	138100000	0	0.0	NA
chr8	138100000	138200000	5942	1499.0	0.252271962302
chr8	138200000	138300000	0	0.0	NA
chr8	138300000	138400000	0	0.0	NA
chr8	138400000	138500000	1894	533.0	0.28141499472
chr8	138500000	138600000	0	0.0	NA
chr8	138600000	138700000	0	0.0	NA
chr8	138700000	138800000	0	0.0	NA
chr8	138800000	138900000	2517	687.0	0.27294398093
chr8	138900000	139000000	0	0.0	NA
chr8	139000000	139100000	214	63.0	0.294392523364
chr8	139100000	139200000	3172	1041.0	0.328184110971
chr8	139200000	139300000	0	0.0	NA
chr8	139300000	139400000	0	0.0	NA
chr8	139400000	139500000	0	0.0	NA
chr8	139500000	139600000	3063	931.0	0.303950375449
chr8	139600000	139700000	0	0.0	NA
chr8	139700000	139800000	0	0.0	NA
chr8	139800000	139900000	0	0.0	NA
chr8	139900000	140000000	965	337.0	0.349222797927
chr8	140000000	140100000	0	0.0	NA
chr8	140100000	140200000	6192	2284.0	0.368863049096
chr8	140200000	140300000	0	0.0	NA
chr8	140300000	140400000	0	0.0	NA
chr8	140400000	140500000	4775	1352.0	0.283141361257
chr8	140500000	140600000	0	0.0	NA
chr8	140600000	140700000	2965	998.0	0.336593591906
chr8	140700000	140800000	4949	1305.0	0.26368963427
chr8	140800000	140900000	0	0.0	NA
chr8	140900000	141000000	0	0.0	NA
chr8	141000000	141100000	0	0.0	NA
chr8	141100000	141200000	0	0.0	NA
chr8	141200000	141300000	0	0.0	NA
chr8	141300000	141400000	0	0.0	NA
chr8	141400000	141500000	1011	244.0	0.24134520277
chr8	141500000	141600000	4758	1107.0	0.232660781841
chr8	141600000	141700000	3462	1045.0	0.301848642403
chr8	141700000	141800000	0	0.0	NA
chr8	141800000	141900000	0	0.0	NA
chr8	141900000	142000000	0	0.0	NA
chr8	142000000	142100000	2714	797.0	0.293662490789
chr8	142100000	142200000	2000	678.0	0.339
chr8	142200000	142300000	3311	1164.0	0.351555421323
chr8	142300000	142400000	18004	5989.0	0.332648300378
chr8	142400000	142500000	3332	1108.0	0.332533013205
chr8	142500000	142600000	5202	1777.0	0.341599384852
chr8	142600000	142700000	0	0.0	NA
chr8	142700000	142800000	0	0.0	NA
chr8	142800000	142900000	3562	1307.0	0.366928691746
chr8	142900000	143000000	0	0.0	NA
chr8	143000000	143100000	6476	2301.0	0.355311920939
chr8	143100000	143200000	3716	1310.0	0.352529601722
chr8	143200000	143300000	8630	3217.0	0.372769409038
chr8	143300000	143400000	0	0.0	NA
chr8	143400000	143500000	6610	2441.0	0.369288956127
chr8	143500000	143600000	2121	769.0	0.362564827911
chr8	143600000	143700000	3598	1318.0	0.366314619233
chr8	143700000	143800000	1804	617.0	0.342017738359
chr8	143800000	143900000	6056	2034.0	0.335865257596
chr8	143900000	144000000	0	0.0	NA
chr8	144000000	144100000	0	0.0	NA
chr8	144100000	144200000	0	0.0	NA
chr8	144200000	144300000	3750	1440.0	0.384
chr8	144300000	144400000	3910	1290.0	0.329923273657
chr8	144400000	144500000	6472	2237.0	0.34564276885
chr8	144500000	144600000	2619	1104.0	0.421534936999
chr8	144600000	144700000	19805	5879.0	0.296844231255
chr8	144700000	144800000	3684	1187.0	0.32220412595
chr8	144800000	144900000	19603	5395.0	0.275212977605
chr8	144900000	145000000	10020	2925.0	0.291916167665
chr8	145000000	145100000	8721	2895.0	0.331957344341
chr8	145100000	145200000	23025	6006.0	0.260846905537
chr8	145200000	145300000	0	0.0	NA
chr8	145300000	145400000	0	0.0	NA
chr8	145400000	145500000	0	0.0	NA
chr8	145500000	145600000	11099	3463.0	0.312010090999
chr8	145600000	145700000	16456	4708.0	0.286096256684
chr8	145700000	145800000	22391	6093.0	0.272118261802
chr8	145800000	145900000	0	0.0	NA
chr8	145900000	146000000	688	222.0	0.322674418605
chr8	146000000	146100000	3742	1219.0	0.3257616248
chr8	146100000	146200000	945	316.0	0.334391534392
chr8	146200000	146300000	0	0.0	NA
chr8	146300000	146364022	0	0.0	NA
