chr8	0	100000	0	0.0	NA
chr8	100000	200000	0	0.0	NA
chr8	200000	300000	19671	2490.0	0.126582278481
chr8	300000	400000	6534	799.0	0.122283440465
chr8	400000	500000	0	0.0	NA
chr8	500000	600000	20885	2918.0	0.139717500599
chr8	600000	700000	0	0.0	NA
chr8	700000	800000	0	0.0	NA
chr8	800000	900000	0	0.0	NA
chr8	900000	1000000	0	0.0	NA
chr8	1000000	1100000	0	0.0	NA
chr8	1100000	1200000	0	0.0	NA
chr8	1200000	1300000	0	0.0	NA
chr8	1300000	1400000	0	0.0	NA
chr8	1400000	1500000	0	0.0	NA
chr8	1500000	1600000	0	0.0	NA
chr8	1600000	1700000	9177	1374.0	0.149722131415
chr8	1700000	1800000	0	0.0	NA
chr8	1800000	1900000	0	0.0	NA
chr8	1900000	2000000	4330	606.0	0.139953810624
chr8	2000000	2100000	0	0.0	NA
chr8	2100000	2200000	24334	3597.0	0.147817868004
chr8	2200000	2300000	1093	139.0	0.127172918573
chr8	2300000	2400000	9328	1249.0	0.133897941681
chr8	2400000	2500000	0	0.0	NA
chr8	2500000	2600000	0	0.0	NA
chr8	2600000	2700000	8453	1108.0	0.131077723885
chr8	2700000	2800000	24493	3184.0	0.129996325481
chr8	2800000	2900000	0	0.0	NA
chr8	2900000	3000000	0	0.0	NA
chr8	3000000	3100000	0	0.0	NA
chr8	3100000	3200000	0	0.0	NA
chr8	3200000	3300000	0	0.0	NA
chr8	3300000	3400000	0	0.0	NA
chr8	3400000	3500000	0	0.0	NA
chr8	3500000	3600000	0	0.0	NA
chr8	3600000	3700000	0	0.0	NA
chr8	3700000	3800000	0	0.0	NA
chr8	3800000	3900000	0	0.0	NA
chr8	3900000	4000000	0	0.0	NA
chr8	4000000	4100000	0	0.0	NA
chr8	4100000	4200000	0	0.0	NA
chr8	4200000	4300000	0	0.0	NA
chr8	4300000	4400000	0	0.0	NA
chr8	4400000	4500000	0	0.0	NA
chr8	4500000	4600000	0	0.0	NA
chr8	4600000	4700000	0	0.0	NA
chr8	4700000	4800000	0	0.0	NA
chr8	4800000	4900000	28686	3901.0	0.135989681378
chr8	4900000	5000000	54414	6981.0	0.128294188995
chr8	5000000	5100000	51765	6576.0	0.127035641843
chr8	5100000	5200000	60157	7651.0	0.127183868876
chr8	5200000	5300000	52926	6877.0	0.129936137248
chr8	5300000	5400000	50584	6509.0	0.128677052032
chr8	5400000	5500000	66864	8671.0	0.129681143814
chr8	5500000	5600000	50110	6719.0	0.134085012971
chr8	5600000	5700000	58579	7656.0	0.130695300364
chr8	5700000	5800000	38466	4872.0	0.126657307752
chr8	5800000	5900000	55101	6782.0	0.123083065643
chr8	5900000	6000000	0	0.0	NA
chr8	6000000	6100000	0	0.0	NA
chr8	6100000	6200000	26644	3278.0	0.123029575139
chr8	6200000	6300000	16715	1965.0	0.117559078672
chr8	6300000	6400000	0	0.0	NA
chr8	6400000	6500000	0	0.0	NA
chr8	6500000	6600000	0	0.0	NA
chr8	6600000	6700000	17508	2275.0	0.129940598584
chr8	6700000	6800000	12563	1595.0	0.12696012099
chr8	6800000	6900000	533	102.0	0.191369606004
chr8	6900000	7000000	2967	380.0	0.128075497135
chr8	7000000	7100000	0	0.0	NA
chr8	7100000	7200000	0	0.0	NA
chr8	7200000	7300000	0	0.0	NA
chr8	7300000	7400000	0	0.0	NA
chr8	7400000	7500000	0	0.0	NA
chr8	7500000	7600000	0	0.0	NA
chr8	7600000	7700000	0	0.0	NA
chr8	7700000	7800000	0	0.0	NA
chr8	7800000	7900000	0	0.0	NA
chr8	7900000	8000000	0	0.0	NA
chr8	8000000	8100000	0	0.0	NA
chr8	8100000	8200000	26579	2920.0	0.109861168592
chr8	8200000	8300000	10665	1057.0	0.0991092358181
chr8	8300000	8400000	52240	5447.0	0.104268759571
chr8	8400000	8500000	23458	2424.0	0.103333617529
chr8	8500000	8600000	25238	2735.0	0.108368333465
chr8	8600000	8700000	0	0.0	NA
chr8	8700000	8800000	19266	2074.0	0.107650783764
chr8	8800000	8900000	12074	1313.0	0.108746065927
chr8	8900000	9000000	28813	3007.0	0.104362614098
chr8	9000000	9100000	19958	2034.0	0.101914019441
chr8	9100000	9200000	0	0.0	NA
chr8	9200000	9300000	0	0.0	NA
chr8	9300000	9400000	55977	5536.0	0.0988977615806
chr8	9400000	9500000	1718	172.0	0.100116414435
chr8	9500000	9600000	0	0.0	NA
chr8	9600000	9700000	9855	1211.0	0.122881785895
chr8	9700000	9800000	16488	1711.0	0.103772440563
chr8	9800000	9900000	73929	7750.0	0.104830310162
chr8	9900000	10000000	0	0.0	NA
chr8	10000000	10100000	0	0.0	NA
chr8	10100000	10200000	0	0.0	NA
chr8	10200000	10300000	0	0.0	NA
chr8	10300000	10400000	3741	422.0	0.112804063085
chr8	10400000	10500000	20150	2588.0	0.128436724566
chr8	10500000	10600000	2478	311.0	0.125504439064
chr8	10600000	10700000	0	0.0	NA
chr8	10700000	10800000	15749	1396.0	0.0886405486063
chr8	10800000	10900000	0	0.0	NA
chr8	10900000	11000000	0	0.0	NA
chr8	11000000	11100000	18095	2014.0	0.111301464493
chr8	11100000	11200000	0	0.0	NA
chr8	11200000	11300000	0	0.0	NA
chr8	11300000	11400000	0	0.0	NA
chr8	11400000	11500000	33767	4286.0	0.126928658157
chr8	11500000	11600000	18410	2244.0	0.121890277023
chr8	11600000	11700000	0	0.0	NA
chr8	11700000	11800000	11709	1466.0	0.125202835426
chr8	11800000	11900000	4308	498.0	0.115598885794
chr8	11900000	12000000	0	0.0	NA
chr8	12000000	12100000	0	0.0	NA
chr8	12100000	12200000	0	0.0	NA
chr8	12200000	12300000	0	0.0	NA
chr8	12300000	12400000	0	0.0	NA
chr8	12400000	12500000	0	0.0	NA
chr8	12500000	12600000	0	0.0	NA
chr8	12600000	12700000	11792	1261.0	0.106936906377
chr8	12700000	12800000	37097	3889.0	0.104833274928
chr8	12800000	12900000	0	0.0	NA
chr8	12900000	13000000	9517	1040.0	0.109278133866
chr8	13000000	13100000	0	0.0	NA
chr8	13100000	13200000	0	0.0	NA
chr8	13200000	13300000	0	0.0	NA
chr8	13300000	13400000	0	0.0	NA
chr8	13400000	13500000	3374	327.0	0.0969176052164
chr8	13500000	13600000	68695	8199.0	0.11935366475
chr8	13600000	13700000	70821	9122.0	0.128803603451
chr8	13700000	13800000	49418	6052.0	0.122465498401
chr8	13800000	13900000	67068	8215.0	0.122487624501
chr8	13900000	14000000	17707	2162.0	0.122098605071
chr8	14000000	14100000	0	0.0	NA
chr8	14100000	14200000	0	0.0	NA
chr8	14200000	14300000	0	0.0	NA
chr8	14300000	14400000	0	0.0	NA
chr8	14400000	14500000	0	0.0	NA
chr8	14500000	14600000	0	0.0	NA
chr8	14600000	14700000	0	0.0	NA
chr8	14700000	14800000	0	0.0	NA
chr8	14800000	14900000	0	0.0	NA
chr8	14900000	15000000	0	0.0	NA
chr8	15000000	15100000	0	0.0	NA
chr8	15100000	15200000	48141	5439.0	0.11298061943
chr8	15200000	15300000	61801	7005.0	0.113347680458
chr8	15300000	15400000	42915	4926.0	0.114785040196
chr8	15400000	15500000	0	0.0	NA
chr8	15500000	15600000	0	0.0	NA
chr8	15600000	15700000	45635	5165.0	0.113180672729
chr8	15700000	15800000	55274	6118.0	0.110684951333
chr8	15800000	15900000	36479	4055.0	0.11115984539
chr8	15900000	16000000	44593	5041.0	0.113044648263
chr8	16000000	16100000	13242	1510.0	0.114031113125
chr8	16100000	16200000	73960	8742.0	0.118199026501
chr8	16200000	16300000	71015	8280.0	0.116595085545
chr8	16300000	16400000	68502	7528.0	0.109894601617
chr8	16400000	16500000	37215	4073.0	0.109445116217
chr8	16500000	16600000	0	0.0	NA
chr8	16600000	16700000	0	0.0	NA
chr8	16700000	16800000	2472	246.0	0.0995145631068
chr8	16800000	16900000	20258	2175.0	0.107364991608
chr8	16900000	17000000	0	0.0	NA
chr8	17000000	17100000	0	0.0	NA
chr8	17100000	17200000	0	0.0	NA
chr8	17200000	17300000	12446	1321.0	0.106138518399
chr8	17300000	17400000	26227	2799.0	0.106722080299
chr8	17400000	17500000	0	0.0	NA
chr8	17500000	17600000	0	0.0	NA
chr8	17600000	17700000	0	0.0	NA
chr8	17700000	17800000	0	0.0	NA
chr8	17800000	17900000	1518	191.0	0.12582345191
chr8	17900000	18000000	19037	2044.0	0.107369858696
chr8	18000000	18100000	13281	1486.0	0.111889164973
chr8	18100000	18200000	60864	6373.0	0.104708859096
chr8	18200000	18300000	31848	3360.0	0.105501130369
chr8	18300000	18400000	50723	5712.0	0.112611635747
chr8	18400000	18500000	0	0.0	NA
chr8	18500000	18600000	0	0.0	NA
chr8	18600000	18700000	0	0.0	NA
chr8	18700000	18800000	0	0.0	NA
chr8	18800000	18900000	16040	1696.0	0.105735660848
chr8	18900000	19000000	23765	2503.0	0.105322953924
chr8	19000000	19100000	0	0.0	NA
chr8	19100000	19200000	12213	1380.0	0.112994350282
chr8	19200000	19300000	0	0.0	NA
chr8	19300000	19400000	0	0.0	NA
chr8	19400000	19500000	0	0.0	NA
chr8	19500000	19600000	0	0.0	NA
chr8	19600000	19700000	29808	3203.0	0.107454374665
chr8	19700000	19800000	31947	3516.0	0.110057282374
chr8	19800000	19900000	38295	4400.0	0.114897506202
chr8	19900000	20000000	22551	2524.0	0.111924083189
chr8	20000000	20100000	0	0.0	NA
chr8	20100000	20200000	14712	1508.0	0.102501359434
chr8	20200000	20300000	50323	5175.0	0.102835681498
chr8	20300000	20400000	80563	8515.0	0.105693680722
chr8	20400000	20500000	63631	7012.0	0.110197859534
chr8	20500000	20600000	30111	3452.0	0.114642489456
chr8	20600000	20700000	74202	7844.0	0.105711436349
chr8	20700000	20800000	72647	7905.0	0.108813853291
chr8	20800000	20900000	6955	763.0	0.109705248023
chr8	20900000	21000000	65043	7007.0	0.1077287333
chr8	21000000	21100000	66965	7248.0	0.108235645486
chr8	21100000	21200000	47256	5085.0	0.107605383443
chr8	21200000	21300000	67958	7306.0	0.10750757821
chr8	21300000	21400000	58232	5923.0	0.101713834318
chr8	21400000	21500000	69134	7125.0	0.103060722655
chr8	21500000	21600000	29988	3118.0	0.103974923303
chr8	21600000	21700000	0	0.0	NA
chr8	21700000	21800000	0	0.0	NA
chr8	21800000	21900000	0	0.0	NA
chr8	21900000	22000000	0	0.0	NA
chr8	22000000	22100000	0	0.0	NA
chr8	22100000	22200000	0	0.0	NA
chr8	22200000	22300000	0	0.0	NA
chr8	22300000	22400000	0	0.0	NA
chr8	22400000	22500000	0	0.0	NA
chr8	22500000	22600000	0	0.0	NA
chr8	22600000	22700000	0	0.0	NA
chr8	22700000	22800000	3559	411.0	0.115481876932
chr8	22800000	22900000	11225	1212.0	0.107973273942
chr8	22900000	23000000	0	0.0	NA
chr8	23000000	23100000	2882	340.0	0.117973629424
chr8	23100000	23200000	1436	172.0	0.119777158774
chr8	23200000	23300000	0	0.0	NA
chr8	23300000	23400000	10704	1151.0	0.107529895366
chr8	23400000	23500000	24395	2555.0	0.104734576758
chr8	23500000	23600000	11798	1202.0	0.10188167486
chr8	23600000	23700000	12473	1351.0	0.10831395815
chr8	23700000	23800000	59848	6250.0	0.104431225772
chr8	23800000	23900000	77582	8078.0	0.104122090176
chr8	23900000	24000000	51232	5674.0	0.110751093067
chr8	24000000	24100000	51528	5737.0	0.111337525229
chr8	24100000	24200000	24151	2876.0	0.119084095897
chr8	24200000	24300000	0	0.0	NA
chr8	24300000	24400000	0	0.0	NA
chr8	24400000	24500000	0	0.0	NA
chr8	24500000	24600000	0	0.0	NA
chr8	24600000	24700000	0	0.0	NA
chr8	24700000	24800000	5650	636.0	0.112566371681
chr8	24800000	24900000	19313	2091.0	0.108269041578
chr8	24900000	25000000	63623	6694.0	0.105213523411
chr8	25000000	25100000	8705	886.0	0.10178058587
chr8	25100000	25200000	0	0.0	NA
chr8	25200000	25300000	0	0.0	NA
chr8	25300000	25400000	0	0.0	NA
chr8	25400000	25500000	0	0.0	NA
chr8	25500000	25600000	0	0.0	NA
chr8	25600000	25700000	0	0.0	NA
chr8	25700000	25800000	0	0.0	NA
chr8	25800000	25900000	0	0.0	NA
chr8	25900000	26000000	0	0.0	NA
chr8	26000000	26100000	0	0.0	NA
chr8	26100000	26200000	0	0.0	NA
chr8	26200000	26300000	0	0.0	NA
chr8	26300000	26400000	27077	2860.0	0.10562469993
chr8	26400000	26500000	0	0.0	NA
chr8	26500000	26600000	32599	3332.0	0.102211724286
chr8	26600000	26700000	0	0.0	NA
chr8	26700000	26800000	42218	4265.0	0.101023260221
chr8	26800000	26900000	53625	5606.0	0.104540792541
chr8	26900000	27000000	18800	1865.0	0.0992021276596
chr8	27000000	27100000	10951	1114.0	0.101725869784
chr8	27100000	27200000	2655	304.0	0.11450094162
chr8	27200000	27300000	0	0.0	NA
chr8	27300000	27400000	0	0.0	NA
chr8	27400000	27500000	9387	1026.0	0.109300095877
chr8	27500000	27600000	1082	132.0	0.121996303142
chr8	27600000	27700000	0	0.0	NA
chr8	27700000	27800000	5860	608.0	0.103754266212
chr8	27800000	27900000	5885	685.0	0.116397621071
chr8	27900000	28000000	0	0.0	NA
chr8	28000000	28100000	28497	3045.0	0.106853352985
chr8	28100000	28200000	0	0.0	NA
chr8	28200000	28300000	0	0.0	NA
chr8	28300000	28400000	0	0.0	NA
chr8	28400000	28500000	10996	1292.0	0.117497271735
chr8	28500000	28600000	0	0.0	NA
chr8	28600000	28700000	0	0.0	NA
chr8	28700000	28800000	0	0.0	NA
chr8	28800000	28900000	0	0.0	NA
chr8	28900000	29000000	0	0.0	NA
chr8	29000000	29100000	0	0.0	NA
chr8	29100000	29200000	6951	827.0	0.118975686952
chr8	29200000	29300000	47648	4834.0	0.101452316991
chr8	29300000	29400000	49269	5107.0	0.10365544257
chr8	29400000	29500000	28518	2854.0	0.10007714426
chr8	29500000	29600000	17786	1756.0	0.0987293376813
chr8	29600000	29700000	3500	317.0	0.0905714285714
chr8	29700000	29800000	22656	2098.0	0.0926024011299
chr8	29800000	29900000	39604	3816.0	0.0963539036461
chr8	29900000	30000000	0	0.0	NA
chr8	30000000	30100000	0	0.0	NA
chr8	30100000	30200000	44385	4698.0	0.105846569787
chr8	30200000	30300000	6505	637.0	0.0979246733282
chr8	30300000	30400000	0	0.0	NA
chr8	30400000	30500000	0	0.0	NA
chr8	30500000	30600000	0	0.0	NA
chr8	30600000	30700000	0	0.0	NA
chr8	30700000	30800000	11515	1087.0	0.094398610508
chr8	30800000	30900000	25586	2383.0	0.0931368717267
chr8	30900000	31000000	0	0.0	NA
chr8	31000000	31100000	21133	2315.0	0.109544314579
chr8	31100000	31200000	11602	1253.0	0.107998620927
chr8	31200000	31300000	36650	3679.0	0.100381991814
chr8	31300000	31400000	46489	4431.0	0.0953128697111
chr8	31400000	31500000	31425	3019.0	0.0960700079554
chr8	31500000	31600000	0	0.0	NA
chr8	31600000	31700000	0	0.0	NA
chr8	31700000	31800000	0	0.0	NA
chr8	31800000	31900000	0	0.0	NA
chr8	31900000	32000000	0	0.0	NA
chr8	32000000	32100000	0	0.0	NA
chr8	32100000	32200000	0	0.0	NA
chr8	32200000	32300000	0	0.0	NA
chr8	32300000	32400000	0	0.0	NA
chr8	32400000	32500000	0	0.0	NA
chr8	32500000	32600000	0	0.0	NA
chr8	32600000	32700000	30007	3198.0	0.106575132469
chr8	32700000	32800000	40879	4176.0	0.102155140781
chr8	32800000	32900000	0	0.0	NA
chr8	32900000	33000000	60564	6198.0	0.102338022588
chr8	33000000	33100000	60585	5958.0	0.0983411735578
chr8	33100000	33200000	60244	5961.0	0.0989476130403
chr8	33200000	33300000	1527	168.0	0.110019646365
chr8	33300000	33400000	2060	223.0	0.108252427184
chr8	33400000	33500000	0	0.0	NA
chr8	33500000	33600000	0	0.0	NA
chr8	33600000	33700000	0	0.0	NA
chr8	33700000	33800000	0	0.0	NA
chr8	33800000	33900000	0	0.0	NA
chr8	33900000	34000000	66622	6729.0	0.10100267179
chr8	34000000	34100000	28441	2739.0	0.0963046306389
chr8	34100000	34200000	0	0.0	NA
chr8	34200000	34300000	53546	5491.0	0.102547342472
chr8	34300000	34400000	72180	7388.0	0.102355223053
chr8	34400000	34500000	62687	6691.0	0.106736643961
chr8	34500000	34600000	66716	7201.0	0.107935128005
chr8	34600000	34700000	24359	2581.0	0.105956730572
chr8	34700000	34800000	32624	3520.0	0.107896027464
chr8	34800000	34900000	65920	7035.0	0.10672026699
chr8	34900000	35000000	59706	6469.0	0.108347569758
chr8	35000000	35100000	58190	6229.0	0.107045884173
chr8	35100000	35200000	0	0.0	NA
chr8	35200000	35300000	0	0.0	NA
chr8	35300000	35400000	0	0.0	NA
chr8	35400000	35500000	0	0.0	NA
chr8	35500000	35600000	0	0.0	NA
chr8	35600000	35700000	18352	2011.0	0.109579337402
chr8	35700000	35800000	2222	240.0	0.10801080108
chr8	35800000	35900000	3395	353.0	0.103976435935
chr8	35900000	36000000	12403	1222.0	0.098524550512
chr8	36000000	36100000	59537	6258.0	0.105111107379
chr8	36100000	36200000	30187	3143.0	0.104117666545
chr8	36200000	36300000	60853	6635.0	0.109033244047
chr8	36300000	36400000	51366	5363.0	0.104407584784
chr8	36400000	36500000	0	0.0	NA
chr8	36500000	36600000	0	0.0	NA
chr8	36600000	36700000	0	0.0	NA
chr8	36700000	36800000	0	0.0	NA
chr8	36800000	36900000	82174	8136.0	0.0990094190377
chr8	36900000	37000000	61859	6049.0	0.0977869024718
chr8	37000000	37100000	85846	8448.0	0.0984087785104
chr8	37100000	37200000	63726	6366.0	0.0998964315978
chr8	37200000	37300000	41630	3820.0	0.0917607494595
chr8	37300000	37400000	0	0.0	NA
chr8	37400000	37500000	8577	970.0	0.113093156115
chr8	37500000	37600000	1093	122.0	0.111619396157
chr8	37600000	37700000	0	0.0	NA
chr8	37700000	37800000	677	88.0	0.129985228951
chr8	37800000	37900000	5204	531.0	0.102036894696
chr8	37900000	38000000	0	0.0	NA
chr8	38000000	38100000	0	0.0	NA
chr8	38100000	38200000	0	0.0	NA
chr8	38200000	38300000	0	0.0	NA
chr8	38300000	38400000	12384	1241.0	0.10020994832
chr8	38400000	38500000	31797	3022.0	0.0950404126175
chr8	38500000	38600000	38444	3415.0	0.0888305067111
chr8	38600000	38700000	0	0.0	NA
chr8	38700000	38800000	15762	1587.0	0.100685192234
chr8	38800000	38900000	0	0.0	NA
chr8	38900000	39000000	0	0.0	NA
chr8	39000000	39100000	0	0.0	NA
chr8	39100000	39200000	0	0.0	NA
chr8	39200000	39300000	2190	246.0	0.112328767123
chr8	39300000	39400000	433	65.0	0.150115473441
chr8	39400000	39500000	0	0.0	NA
chr8	39500000	39600000	0	0.0	NA
chr8	39600000	39700000	0	0.0	NA
chr8	39700000	39800000	1705	184.0	0.107917888563
chr8	39800000	39900000	8989	973.0	0.108243408611
chr8	39900000	40000000	28082	2830.0	0.100776297984
chr8	40000000	40100000	40021	4101.0	0.102471202619
chr8	40100000	40200000	28427	2929.0	0.103035846203
chr8	40200000	40300000	23553	2505.0	0.106355878232
chr8	40300000	40400000	47127	5177.0	0.109852101768
chr8	40400000	40500000	0	0.0	NA
chr8	40500000	40600000	0	0.0	NA
chr8	40600000	40700000	0	0.0	NA
chr8	40700000	40800000	21754	2521.0	0.115886733474
chr8	40800000	40900000	35150	4062.0	0.115561877667
chr8	40900000	41000000	19181	2161.0	0.112663573328
chr8	41000000	41100000	61930	6599.0	0.106555788794
chr8	41100000	41200000	23411	2662.0	0.113707231643
chr8	41200000	41300000	39319	3671.0	0.0933645311427
chr8	41300000	41400000	19427	2022.0	0.104081947805
chr8	41400000	41500000	56	8.0	0.142857142857
chr8	41500000	41600000	0	0.0	NA
chr8	41600000	41700000	0	0.0	NA
chr8	41700000	41800000	4446	493.0	0.110886189834
chr8	41800000	41900000	0	0.0	NA
chr8	41900000	42000000	10778	1141.0	0.105863796623
chr8	42000000	42100000	0	0.0	NA
chr8	42100000	42200000	0	0.0	NA
chr8	42200000	42300000	0	0.0	NA
chr8	42300000	42400000	0	0.0	NA
chr8	42400000	42500000	28545	2846.0	0.0997022245577
chr8	42500000	42600000	20261	2198.0	0.108484280144
chr8	42600000	42700000	6353	646.0	0.101684243664
chr8	42700000	42800000	0	0.0	NA
chr8	42800000	42900000	0	0.0	NA
chr8	42900000	43000000	0	0.0	NA
chr8	43000000	43100000	2661	279.0	0.104847801578
chr8	43100000	43200000	0	0.0	NA
chr8	43200000	43300000	0	0.0	NA
chr8	43300000	43400000	12280	1732.0	0.141042345277
chr8	43400000	43500000	0	0.0	NA
chr8	43500000	43600000	0	0.0	NA
chr8	43600000	43700000	0	0.0	NA
chr8	43700000	43800000	0	0.0	NA
chr8	43800000	43900000	0	0.0	NA
chr8	43900000	44000000	0	0.0	NA
chr8	44000000	44100000	0	0.0	NA
chr8	44100000	44200000	0	0.0	NA
chr8	44200000	44300000	0	0.0	NA
chr8	44300000	44400000	0	0.0	NA
chr8	44400000	44500000	0	0.0	NA
chr8	44500000	44600000	0	0.0	NA
chr8	44600000	44700000	0	0.0	NA
chr8	44700000	44800000	0	0.0	NA
chr8	44800000	44900000	0	0.0	NA
chr8	44900000	45000000	0	0.0	NA
chr8	45000000	45100000	0	0.0	NA
chr8	45100000	45200000	0	0.0	NA
chr8	45200000	45300000	0	0.0	NA
chr8	45300000	45400000	0	0.0	NA
chr8	45400000	45500000	0	0.0	NA
chr8	45500000	45600000	0	0.0	NA
chr8	45600000	45700000	0	0.0	NA
chr8	45700000	45800000	0	0.0	NA
chr8	45800000	45900000	0	0.0	NA
chr8	45900000	46000000	0	0.0	NA
chr8	46000000	46100000	0	0.0	NA
chr8	46100000	46200000	0	0.0	NA
chr8	46200000	46300000	0	0.0	NA
chr8	46300000	46400000	0	0.0	NA
chr8	46400000	46500000	0	0.0	NA
chr8	46500000	46600000	0	0.0	NA
chr8	46600000	46700000	0	0.0	NA
chr8	46700000	46800000	0	0.0	NA
chr8	46800000	46900000	0	0.0	NA
chr8	46900000	47000000	0	0.0	NA
chr8	47000000	47100000	0	0.0	NA
chr8	47100000	47200000	0	0.0	NA
chr8	47200000	47300000	0	0.0	NA
chr8	47300000	47400000	0	0.0	NA
chr8	47400000	47500000	21477	2467.0	0.114867067095
chr8	47500000	47600000	19836	2254.0	0.113631780601
chr8	47600000	47700000	34310	3966.0	0.115593121539
chr8	47700000	47800000	12574	1726.0	0.137267377127
chr8	47800000	47900000	29649	3814.0	0.128638402644
chr8	47900000	48000000	7458	935.0	0.125368731563
chr8	48000000	48100000	17688	2028.0	0.114654002714
chr8	48100000	48200000	6823	654.0	0.0958522643998
chr8	48200000	48300000	0	0.0	NA
chr8	48300000	48400000	0	0.0	NA
chr8	48400000	48500000	0	0.0	NA
chr8	48500000	48600000	0	0.0	NA
chr8	48600000	48700000	0	0.0	NA
chr8	48700000	48800000	0	0.0	NA
chr8	48800000	48900000	0	0.0	NA
chr8	48900000	49000000	3986	484.0	0.121424987456
chr8	49000000	49100000	37637	4588.0	0.121901320509
chr8	49100000	49200000	35464	4289.0	0.120939544327
chr8	49200000	49300000	38608	4393.0	0.113784707833
chr8	49300000	49400000	47074	5769.0	0.122551727068
chr8	49400000	49500000	22452	2595.0	0.115579903795
chr8	49500000	49600000	0	0.0	NA
chr8	49600000	49700000	35753	4143.0	0.115878387828
chr8	49700000	49800000	76744	9365.0	0.122029083707
chr8	49800000	49900000	43073	5357.0	0.124370255148
chr8	49900000	50000000	21978	2682.0	0.122031122031
chr8	50000000	50100000	30592	3765.0	0.123071391213
chr8	50100000	50200000	26347	3156.0	0.119785933882
chr8	50200000	50300000	46690	5505.0	0.117905333048
chr8	50300000	50400000	47194	5873.0	0.124443785227
chr8	50400000	50500000	13288	1536.0	0.115593016255
chr8	50500000	50600000	51833	6505.0	0.125499199352
chr8	50600000	50700000	61642	7759.0	0.12587197041
chr8	50700000	50800000	43778	5402.0	0.123395312714
chr8	50800000	50900000	1661	211.0	0.127031908489
chr8	50900000	51000000	0	0.0	NA
chr8	51000000	51100000	0	0.0	NA
chr8	51100000	51200000	0	0.0	NA
chr8	51200000	51300000	0	0.0	NA
chr8	51300000	51400000	0	0.0	NA
chr8	51400000	51500000	0	0.0	NA
chr8	51500000	51600000	0	0.0	NA
chr8	51600000	51700000	0	0.0	NA
chr8	51700000	51800000	47730	5884.0	0.123276765137
chr8	51800000	51900000	45180	5676.0	0.125630810093
chr8	51900000	52000000	47289	5983.0	0.126519909493
chr8	52000000	52100000	58725	7300.0	0.124308216262
chr8	52100000	52200000	23568	2804.0	0.118974881195
chr8	52200000	52300000	0	0.0	NA
chr8	52300000	52400000	0	0.0	NA
chr8	52400000	52500000	0	0.0	NA
chr8	52500000	52600000	0	0.0	NA
chr8	52600000	52700000	0	0.0	NA
chr8	52700000	52800000	0	0.0	NA
chr8	52800000	52900000	0	0.0	NA
chr8	52900000	53000000	31594	3891.0	0.123156295499
chr8	53000000	53100000	7348	935.0	0.127245508982
chr8	53100000	53200000	0	0.0	NA
chr8	53200000	53300000	0	0.0	NA
chr8	53300000	53400000	46489	5655.0	0.121641678677
chr8	53400000	53500000	27152	3319.0	0.12223777254
chr8	53500000	53600000	10299	1074.0	0.104281969123
chr8	53600000	53700000	14891	1767.0	0.118662279229
chr8	53700000	53800000	41198	5056.0	0.122724404097
chr8	53800000	53900000	46485	5597.0	0.120404431537
chr8	53900000	54000000	26604	3271.0	0.122951435874
chr8	54000000	54100000	32713	3963.0	0.121144499129
chr8	54100000	54200000	7941	843.0	0.10615791462
chr8	54200000	54300000	28700	3288.0	0.11456445993
chr8	54300000	54400000	34192	4009.0	0.117249649041
chr8	54400000	54500000	41154	4894.0	0.118919181611
chr8	54500000	54600000	39418	4729.0	0.11997057182
chr8	54600000	54700000	8407	978.0	0.116331628405
chr8	54700000	54800000	0	0.0	NA
chr8	54800000	54900000	0	0.0	NA
chr8	54900000	55000000	0	0.0	NA
chr8	55000000	55100000	15184	1617.0	0.106493677555
chr8	55100000	55200000	63338	6556.0	0.103508162556
chr8	55200000	55300000	49771	5382.0	0.108135259488
chr8	55300000	55400000	38169	3982.0	0.104325499751
chr8	55400000	55500000	32459	3350.0	0.103207122832
chr8	55500000	55600000	0	0.0	NA
chr8	55600000	55700000	0	0.0	NA
chr8	55700000	55800000	3956	399.0	0.100859453994
chr8	55800000	55900000	66098	7084.0	0.107174195891
chr8	55900000	56000000	64061	6689.0	0.104416103401
chr8	56000000	56100000	3722	364.0	0.097796883396
chr8	56100000	56200000	0	0.0	NA
chr8	56200000	56300000	0	0.0	NA
chr8	56300000	56400000	0	0.0	NA
chr8	56400000	56500000	13987	1564.0	0.111818116823
chr8	56500000	56600000	31000	3273.0	0.105580645161
chr8	56600000	56700000	7812	796.0	0.101894521249
chr8	56700000	56800000	16602	1822.0	0.109745813757
chr8	56800000	56900000	0	0.0	NA
chr8	56900000	57000000	7461	806.0	0.108028414422
chr8	57000000	57100000	10153	1031.0	0.101546340983
chr8	57100000	57200000	19543	2012.0	0.102952463798
chr8	57200000	57300000	2283	277.0	0.121331581253
chr8	57300000	57400000	11950	1224.0	0.102426778243
chr8	57400000	57500000	8999	915.0	0.101677964218
chr8	57500000	57600000	50092	5267.0	0.105146530384
chr8	57600000	57700000	67079	6819.0	0.101656256056
chr8	57700000	57800000	58972	6071.0	0.102947161365
chr8	57800000	57900000	31253	3339.0	0.106837743577
chr8	57900000	58000000	41304	4354.0	0.105413519272
chr8	58000000	58100000	6072	697.0	0.114789196311
chr8	58100000	58200000	0	0.0	NA
chr8	58200000	58300000	3142	526.0	0.167409293444
chr8	58300000	58400000	21863	3503.0	0.160225037735
chr8	58400000	58500000	12533	1390.0	0.110907204979
chr8	58500000	58600000	0	0.0	NA
chr8	58600000	58700000	0	0.0	NA
chr8	58700000	58800000	40911	4150.0	0.101439710591
chr8	58800000	58900000	51560	5057.0	0.0980799069046
chr8	58900000	59000000	0	0.0	NA
chr8	59000000	59100000	20692	2137.0	0.103276628649
chr8	59100000	59200000	36566	3781.0	0.103402067494
chr8	59200000	59300000	48091	4983.0	0.103616061217
chr8	59300000	59400000	23732	2649.0	0.111621439407
chr8	59400000	59500000	15976	1557.0	0.097458688032
chr8	59500000	59600000	4147	398.0	0.0959729925247
chr8	59600000	59700000	57637	5888.0	0.102156600795
chr8	59700000	59800000	5786	515.0	0.0890079502247
chr8	59800000	59900000	0	0.0	NA
chr8	59900000	60000000	0	0.0	NA
chr8	60000000	60100000	26961	2588.0	0.0959905048032
chr8	60100000	60200000	68368	6710.0	0.0981453311491
chr8	60200000	60300000	74670	7305.0	0.0978304539976
chr8	60300000	60400000	46406	4714.0	0.101581692023
chr8	60400000	60500000	29712	3080.0	0.10366182014
chr8	60500000	60600000	54149	4949.0	0.091395962991
chr8	60600000	60700000	48341	5027.0	0.103990401523
chr8	60700000	60800000	42436	4447.0	0.104793100198
chr8	60800000	60900000	60228	5870.0	0.097462974032
chr8	60900000	61000000	33343	3425.0	0.102720211139
chr8	61000000	61100000	52296	5246.0	0.10031359951
chr8	61100000	61200000	0	0.0	NA
chr8	61200000	61300000	43560	4390.0	0.100780532599
chr8	61300000	61400000	0	0.0	NA
chr8	61400000	61500000	0	0.0	NA
chr8	61500000	61600000	0	0.0	NA
chr8	61600000	61700000	0	0.0	NA
chr8	61700000	61800000	4573	396.0	0.0865952328887
chr8	61800000	61900000	18100	1636.0	0.0903867403315
chr8	61900000	62000000	77129	7358.0	0.0953986178999
chr8	62000000	62100000	67034	6831.0	0.101903511651
chr8	62100000	62200000	20689	2121.0	0.102518246411
chr8	62200000	62300000	0	0.0	NA
chr8	62300000	62400000	0	0.0	NA
chr8	62400000	62500000	0	0.0	NA
chr8	62500000	62600000	0	0.0	NA
chr8	62600000	62700000	20028	2170.0	0.108348312363
chr8	62700000	62800000	0	0.0	NA
chr8	62800000	62900000	44686	4591.0	0.102739112921
chr8	62900000	63000000	50639	5463.0	0.107881277276
chr8	63000000	63100000	43385	4622.0	0.106534516538
chr8	63100000	63200000	33760	3659.0	0.108382701422
chr8	63200000	63300000	0	0.0	NA
chr8	63300000	63400000	0	0.0	NA
chr8	63400000	63500000	0	0.0	NA
chr8	63500000	63600000	0	0.0	NA
chr8	63600000	63700000	0	0.0	NA
chr8	63700000	63800000	0	0.0	NA
chr8	63800000	63900000	0	0.0	NA
chr8	63900000	64000000	0	0.0	NA
chr8	64000000	64100000	19342	1987.0	0.102729810774
chr8	64100000	64200000	29136	2913.0	0.0999794069193
chr8	64200000	64300000	53208	5321.0	0.100003758833
chr8	64300000	64400000	0	0.0	NA
chr8	64400000	64500000	54998	5518.0	0.100330921124
chr8	64500000	64600000	51488	4840.0	0.0940024860162
chr8	64600000	64700000	0	0.0	NA
chr8	64700000	64800000	0	0.0	NA
chr8	64800000	64900000	0	0.0	NA
chr8	64900000	65000000	0	0.0	NA
chr8	65000000	65100000	0	0.0	NA
chr8	65100000	65200000	0	0.0	NA
chr8	65200000	65300000	0	0.0	NA
chr8	65300000	65400000	70947	7202.0	0.101512396578
chr8	65400000	65500000	44651	4529.0	0.101431098968
chr8	65500000	65600000	0	0.0	NA
chr8	65600000	65700000	0	0.0	NA
chr8	65700000	65800000	47153	4544.0	0.0963671452506
chr8	65800000	65900000	42884	4159.0	0.0969825575972
chr8	65900000	66000000	75965	7138.0	0.0939643256763
chr8	66000000	66100000	31875	2999.0	0.0940862745098
chr8	66100000	66200000	81003	7130.0	0.088021431305
chr8	66200000	66300000	47972	4416.0	0.0920536979905
chr8	66300000	66400000	64861	5744.0	0.0885586099505
chr8	66400000	66500000	23392	2165.0	0.0925530095759
chr8	66500000	66600000	0	0.0	NA
chr8	66600000	66700000	0	0.0	NA
chr8	66700000	66800000	16114	1506.0	0.0934591038848
chr8	66800000	66900000	66407	6716.0	0.101133916605
chr8	66900000	67000000	15050	1516.0	0.10073089701
chr8	67000000	67100000	0	0.0	NA
chr8	67100000	67200000	48412	4555.0	0.0940882425845
chr8	67200000	67300000	75043	6687.0	0.0891089108911
chr8	67300000	67400000	16642	1489.0	0.0894724191804
chr8	67400000	67500000	16739	1670.0	0.0997670111715
chr8	67500000	67600000	0	0.0	NA
chr8	67600000	67700000	0	0.0	NA
chr8	67700000	67800000	0	0.0	NA
chr8	67800000	67900000	0	0.0	NA
chr8	67900000	68000000	0	0.0	NA
chr8	68000000	68100000	0	0.0	NA
chr8	68100000	68200000	0	0.0	NA
chr8	68200000	68300000	0	0.0	NA
chr8	68300000	68400000	0	0.0	NA
chr8	68400000	68500000	0	0.0	NA
chr8	68500000	68600000	0	0.0	NA
chr8	68600000	68700000	23688	2336.0	0.0986153326579
chr8	68700000	68800000	67540	6703.0	0.0992448919159
chr8	68800000	68900000	36215	3434.0	0.0948225873257
chr8	68900000	69000000	0	0.0	NA
chr8	69000000	69100000	0	0.0	NA
chr8	69100000	69200000	22320	2279.0	0.102105734767
chr8	69200000	69300000	3097	353.0	0.113981272199
chr8	69300000	69400000	0	0.0	NA
chr8	69400000	69500000	0	0.0	NA
chr8	69500000	69600000	0	0.0	NA
chr8	69600000	69700000	0	0.0	NA
chr8	69700000	69800000	20869	2071.0	0.0992381043653
chr8	69800000	69900000	6901	678.0	0.0982466309231
chr8	69900000	70000000	0	0.0	NA
chr8	70000000	70100000	10346	1009.0	0.0975256137638
chr8	70100000	70200000	67681	6719.0	0.0992745379058
chr8	70200000	70300000	53144	5254.0	0.0988634653018
chr8	70300000	70400000	20492	1879.0	0.0916943197345
chr8	70400000	70500000	0	0.0	NA
chr8	70500000	70600000	0	0.0	NA
chr8	70600000	70700000	0	0.0	NA
chr8	70700000	70800000	7574	792.0	0.104568259836
chr8	70800000	70900000	16856	1646.0	0.0976506881822
chr8	70900000	71000000	13539	1317.0	0.0972745402172
chr8	71000000	71100000	2774	314.0	0.113193943764
chr8	71100000	71200000	0	0.0	NA
chr8	71200000	71300000	0	0.0	NA
chr8	71300000	71400000	34468	3087.0	0.0895613322502
chr8	71400000	71500000	41150	3868.0	0.0939975698663
chr8	71500000	71600000	0	0.0	NA
chr8	71600000	71700000	11196	1225.0	0.109414076456
chr8	71700000	71800000	40169	3848.0	0.0957952650054
chr8	71800000	71900000	56648	5413.0	0.095555006355
chr8	71900000	72000000	78510	7033.0	0.0895809451025
chr8	72000000	72100000	44882	4363.0	0.0972104629918
chr8	72100000	72200000	0	0.0	NA
chr8	72200000	72300000	0	0.0	NA
chr8	72300000	72400000	0	0.0	NA
chr8	72400000	72500000	12490	1128.0	0.0903122497998
chr8	72500000	72600000	64495	6214.0	0.0963485541515
chr8	72600000	72700000	41307	3920.0	0.0948991696323
chr8	72700000	72800000	2509	232.0	0.0924671183739
chr8	72800000	72900000	0	0.0	NA
chr8	72900000	73000000	0	0.0	NA
chr8	73000000	73100000	31364	3808.0	0.121413085066
chr8	73100000	73200000	7688	961.0	0.125
chr8	73200000	73300000	25543	2868.0	0.112281251223
chr8	73300000	73400000	45577	4798.0	0.105272396165
chr8	73400000	73500000	18206	1883.0	0.103427441503
chr8	73500000	73600000	0	0.0	NA
chr8	73600000	73700000	0	0.0	NA
chr8	73700000	73800000	0	0.0	NA
chr8	73800000	73900000	18929	1783.0	0.0941940937186
chr8	73900000	74000000	4644	431.0	0.0928079242033
chr8	74000000	74100000	61405	6146.0	0.100089569253
chr8	74100000	74200000	34185	3347.0	0.097908439374
chr8	74200000	74300000	7099	638.0	0.0898718129314
chr8	74300000	74400000	12245	1166.0	0.0952225398122
chr8	74400000	74500000	0	0.0	NA
chr8	74500000	74600000	0	0.0	NA
chr8	74600000	74700000	0	0.0	NA
chr8	74700000	74800000	0	0.0	NA
chr8	74800000	74900000	2491	257.0	0.103171417102
chr8	74900000	75000000	0	0.0	NA
chr8	75000000	75100000	43244	4171.0	0.096452687078
chr8	75100000	75200000	5719	563.0	0.0984437838783
chr8	75200000	75300000	5941	553.0	0.0930819727319
chr8	75300000	75400000	55075	5306.0	0.0963413527009
chr8	75400000	75500000	50593	4844.0	0.0957444705789
chr8	75500000	75600000	1347	125.0	0.0927988121752
chr8	75600000	75700000	0	0.0	NA
chr8	75700000	75800000	4069	433.0	0.106414352421
chr8	75800000	75900000	38324	3919.0	0.102259680618
chr8	75900000	76000000	20394	2029.0	0.099490046092
chr8	76000000	76100000	51798	5405.0	0.104347658211
chr8	76100000	76200000	14462	1543.0	0.106693403402
chr8	76200000	76300000	54957	5524.0	0.10051494805
chr8	76300000	76400000	8315	918.0	0.11040288635
chr8	76400000	76500000	5661	604.0	0.106694930224
chr8	76500000	76600000	53207	5246.0	0.098596049392
chr8	76600000	76700000	61273	6123.0	0.0999298222708
chr8	76700000	76800000	64841	6697.0	0.103283416357
chr8	76800000	76900000	48172	4779.0	0.0992070082205
chr8	76900000	77000000	67489	7146.0	0.105883921824
chr8	77000000	77100000	66650	7072.0	0.106106526632
chr8	77100000	77200000	60461	6121.0	0.101238815104
chr8	77200000	77300000	60300	6431.0	0.106650082919
chr8	77300000	77400000	4434	480.0	0.108254397835
chr8	77400000	77500000	24476	2391.0	0.0976875306423
chr8	77500000	77600000	9920	1137.0	0.114616935484
chr8	77600000	77700000	0	0.0	NA
chr8	77700000	77800000	9303	871.0	0.0936257121359
chr8	77800000	77900000	29100	2842.0	0.0976632302405
chr8	77900000	78000000	49696	5089.0	0.102402607856
chr8	78000000	78100000	74565	7476.0	0.100261516797
chr8	78100000	78200000	56466	5992.0	0.106116955336
chr8	78200000	78300000	54552	6202.0	0.11368969057
chr8	78300000	78400000	570	64.0	0.112280701754
chr8	78400000	78500000	9680	1059.0	0.109400826446
chr8	78500000	78600000	79340	8885.0	0.111986387699
chr8	78600000	78700000	46808	5107.0	0.109105281149
chr8	78700000	78800000	26178	3035.0	0.115937046375
chr8	78800000	78900000	71125	7254.0	0.101989455185
chr8	78900000	79000000	70154	6942.0	0.0989537303646
chr8	79000000	79100000	54054	5600.0	0.1036001036
chr8	79100000	79200000	70269	7070.0	0.100613357241
chr8	79200000	79300000	67871	7132.0	0.105081699106
chr8	79300000	79400000	7273	740.0	0.101746184518
chr8	79400000	79500000	0	0.0	NA
chr8	79500000	79600000	18687	2015.0	0.107828972013
chr8	79600000	79700000	0	0.0	NA
chr8	79700000	79800000	28345	3067.0	0.108202504851
chr8	79800000	79900000	62284	6778.0	0.108824096076
chr8	79900000	80000000	62465	6701.0	0.107276074602
chr8	80000000	80100000	43159	4470.0	0.103570518316
chr8	80100000	80200000	65927	6816.0	0.103387079649
chr8	80200000	80300000	41436	4108.0	0.0991408437108
chr8	80300000	80400000	76081	7639.0	0.100406146081
chr8	80400000	80500000	49001	5024.0	0.102528519826
chr8	80500000	80600000	15153	1474.0	0.0972744671022
chr8	80600000	80700000	49742	4644.0	0.0933617466125
chr8	80700000	80800000	4553	409.0	0.089830880738
chr8	80800000	80900000	16383	1416.0	0.086431056583
chr8	80900000	81000000	0	0.0	NA
chr8	81000000	81100000	2272	240.0	0.105633802817
chr8	81100000	81200000	10115	967.0	0.0956005931784
chr8	81200000	81300000	0	0.0	NA
chr8	81300000	81400000	0	0.0	NA
chr8	81400000	81500000	13731	1143.0	0.0832422984488
chr8	81500000	81600000	5428	507.0	0.093404568902
chr8	81600000	81700000	0	0.0	NA
chr8	81700000	81800000	2627	238.0	0.0905976398934
chr8	81800000	81900000	49074	4685.0	0.095468068631
chr8	81900000	82000000	0	0.0	NA
chr8	82000000	82100000	28262	2703.0	0.095640789753
chr8	82100000	82200000	47708	4544.0	0.095246080322
chr8	82200000	82300000	53919	5152.0	0.0955507335077
chr8	82300000	82400000	25290	2502.0	0.0989323843416
chr8	82400000	82500000	31127	3192.0	0.102547627462
chr8	82500000	82600000	36583	3976.0	0.108684361589
chr8	82600000	82700000	5219	560.0	0.10730024909
chr8	82700000	82800000	14164	1332.0	0.0940412312906
chr8	82800000	82900000	40111	3673.0	0.0915708907781
chr8	82900000	83000000	69356	6430.0	0.0927100755522
chr8	83000000	83100000	15478	1611.0	0.104083214886
chr8	83100000	83200000	62277	6277.0	0.100791624516
chr8	83200000	83300000	62021	6424.0	0.103577820416
chr8	83300000	83400000	53936	5636.0	0.104494215366
chr8	83400000	83500000	2388	227.0	0.0950586264657
chr8	83500000	83600000	575	68.0	0.118260869565
chr8	83600000	83700000	68624	7830.0	0.114100023315
chr8	83700000	83800000	28218	3099.0	0.109823516904
chr8	83800000	83900000	8366	887.0	0.106024384413
chr8	83900000	84000000	58887	6485.0	0.110126173858
chr8	84000000	84100000	70005	7849.0	0.112120562817
chr8	84100000	84200000	53271	5926.0	0.111242514689
chr8	84200000	84300000	48018	5454.0	0.113582406598
chr8	84300000	84400000	39637	4336.0	0.109392739107
chr8	84400000	84500000	56736	6061.0	0.106828116187
chr8	84500000	84600000	48591	5306.0	0.109197176432
chr8	84600000	84700000	58358	6296.0	0.107885808287
chr8	84700000	84800000	59417	6372.0	0.107242035108
chr8	84800000	84900000	4625	525.0	0.113513513514
chr8	84900000	85000000	0	0.0	NA
chr8	85000000	85100000	16307	1638.0	0.100447660514
chr8	85100000	85200000	0	0.0	NA
chr8	85200000	85300000	0	0.0	NA
chr8	85300000	85400000	0	0.0	NA
chr8	85400000	85500000	0	0.0	NA
chr8	85500000	85600000	0	0.0	NA
chr8	85600000	85700000	0	0.0	NA
chr8	85700000	85800000	0	0.0	NA
chr8	85800000	85900000	25495	2547.0	0.0999019415572
chr8	85900000	86000000	42551	4309.0	0.101266715236
chr8	86000000	86100000	1976	197.0	0.0996963562753
chr8	86100000	86200000	0	0.0	NA
chr8	86200000	86300000	0	0.0	NA
chr8	86300000	86400000	0	0.0	NA
chr8	86400000	86500000	43618	4342.0	0.0995460589665
chr8	86500000	86600000	31759	3273.0	0.103057401052
chr8	86600000	86700000	0	0.0	NA
chr8	86700000	86800000	0	0.0	NA
chr8	86800000	86900000	0	0.0	NA
chr8	86900000	87000000	17925	1792.0	0.0999721059972
chr8	87000000	87100000	46179	4684.0	0.101431386561
chr8	87100000	87200000	3450	353.0	0.10231884058
chr8	87200000	87300000	19248	2031.0	0.105517456359
chr8	87300000	87400000	15583	1468.0	0.0942052236411
chr8	87400000	87500000	0	0.0	NA
chr8	87500000	87600000	0	0.0	NA
chr8	87600000	87700000	0	0.0	NA
chr8	87700000	87800000	0	0.0	NA
chr8	87800000	87900000	15593	1504.0	0.0964535368435
chr8	87900000	88000000	0	0.0	NA
chr8	88000000	88100000	0	0.0	NA
chr8	88100000	88200000	0	0.0	NA
chr8	88200000	88300000	0	0.0	NA
chr8	88300000	88400000	0	0.0	NA
chr8	88400000	88500000	63920	6654.0	0.104098873592
chr8	88500000	88600000	37763	3925.0	0.103937716813
chr8	88600000	88700000	0	0.0	NA
chr8	88700000	88800000	13692	1419.0	0.103637160386
chr8	88800000	88900000	46019	4588.0	0.0996979508464
chr8	88900000	89000000	63104	6407.0	0.101530806288
chr8	89000000	89100000	0	0.0	NA
chr8	89100000	89200000	0	0.0	NA
chr8	89200000	89300000	0	0.0	NA
chr8	89300000	89400000	0	0.0	NA
chr8	89400000	89500000	0	0.0	NA
chr8	89500000	89600000	0	0.0	NA
chr8	89600000	89700000	0	0.0	NA
chr8	89700000	89800000	24010	2676.0	0.111453561016
chr8	89800000	89900000	51240	5384.0	0.105074160812
chr8	89900000	90000000	68503	7480.0	0.109192298148
chr8	90000000	90100000	63512	6653.0	0.104751857917
chr8	90100000	90200000	62974	6789.0	0.107806396291
chr8	90200000	90300000	64800	6769.0	0.104459876543
chr8	90300000	90400000	57487	5819.0	0.101222885174
chr8	90400000	90500000	50739	5089.0	0.100297601451
chr8	90500000	90600000	55180	5489.0	0.0994744472635
chr8	90600000	90700000	8063	783.0	0.0971102567283
chr8	90700000	90800000	0	0.0	NA
chr8	90800000	90900000	49028	4536.0	0.0925185608224
chr8	90900000	91000000	2209	201.0	0.090991398823
chr8	91000000	91100000	0	0.0	NA
chr8	91100000	91200000	65444	6263.0	0.0957001405782
chr8	91200000	91300000	10899	1071.0	0.0982658959538
chr8	91300000	91400000	0	0.0	NA
chr8	91400000	91500000	35444	3517.0	0.0992269495542
chr8	91500000	91600000	4069	456.0	0.112066846891
chr8	91600000	91700000	0	0.0	NA
chr8	91700000	91800000	0	0.0	NA
chr8	91800000	91900000	0	0.0	NA
chr8	91900000	92000000	0	0.0	NA
chr8	92000000	92100000	0	0.0	NA
chr8	92100000	92200000	0	0.0	NA
chr8	92200000	92300000	0	0.0	NA
chr8	92300000	92400000	0	0.0	NA
chr8	92400000	92500000	42742	4296.0	0.100510036966
chr8	92500000	92600000	19616	1839.0	0.09375
chr8	92600000	92700000	0	0.0	NA
chr8	92700000	92800000	0	0.0	NA
chr8	92800000	92900000	0	0.0	NA
chr8	92900000	93000000	21800	2112.0	0.096880733945
chr8	93000000	93100000	0	0.0	NA
chr8	93100000	93200000	36142	3406.0	0.0942393890764
chr8	93200000	93300000	64658	6085.0	0.0941105508986
chr8	93300000	93400000	56269	5474.0	0.0972826956228
chr8	93400000	93500000	51329	4357.0	0.0848837888913
chr8	93500000	93600000	26599	2645.0	0.099439828565
chr8	93600000	93700000	0	0.0	NA
chr8	93700000	93800000	147	19.0	0.12925170068
chr8	93800000	93900000	0	0.0	NA
chr8	93900000	94000000	0	0.0	NA
chr8	94000000	94100000	26779	2665.0	0.0995182792487
chr8	94100000	94200000	42204	3892.0	0.0922187470382
chr8	94200000	94300000	9615	851.0	0.0885075403016
chr8	94300000	94400000	0	0.0	NA
chr8	94400000	94500000	0	0.0	NA
chr8	94500000	94600000	0	0.0	NA
chr8	94600000	94700000	0	0.0	NA
chr8	94700000	94800000	0	0.0	NA
chr8	94800000	94900000	14336	1426.0	0.0994698660714
chr8	94900000	95000000	27492	2486.0	0.0904263058344
chr8	95000000	95100000	68759	6595.0	0.0959147166189
chr8	95100000	95200000	2105	210.0	0.0997624703088
chr8	95200000	95300000	21407	2118.0	0.0989395991965
chr8	95300000	95400000	42234	3823.0	0.0905194866695
chr8	95400000	95500000	0	0.0	NA
chr8	95500000	95600000	1884	184.0	0.0976645435244
chr8	95600000	95700000	13443	1291.0	0.0960351112103
chr8	95700000	95800000	0	0.0	NA
chr8	95800000	95900000	2774	283.0	0.102018745494
chr8	95900000	96000000	0	0.0	NA
chr8	96000000	96100000	0	0.0	NA
chr8	96100000	96200000	27836	2608.0	0.0936916223595
chr8	96200000	96300000	4805	474.0	0.0986472424558
chr8	96300000	96400000	0	0.0	NA
chr8	96400000	96500000	0	0.0	NA
chr8	96500000	96600000	0	0.0	NA
chr8	96600000	96700000	0	0.0	NA
chr8	96700000	96800000	0	0.0	NA
chr8	96800000	96900000	46681	4138.0	0.0886442021379
chr8	96900000	97000000	48509	4354.0	0.0897565400235
chr8	97000000	97100000	58330	5275.0	0.0904337390708
chr8	97100000	97200000	42129	3872.0	0.0919081867597
chr8	97200000	97300000	19963	1934.0	0.0968792265692
chr8	97300000	97400000	11099	968.0	0.0872150644202
chr8	97400000	97500000	46634	4377.0	0.0938585581336
chr8	97500000	97600000	0	0.0	NA
chr8	97600000	97700000	3991	383.0	0.0959659233275
chr8	97700000	97800000	0	0.0	NA
chr8	97800000	97900000	0	0.0	NA
chr8	97900000	98000000	0	0.0	NA
chr8	98000000	98100000	0	0.0	NA
chr8	98100000	98200000	0	0.0	NA
chr8	98200000	98300000	0	0.0	NA
chr8	98300000	98400000	0	0.0	NA
chr8	98400000	98500000	17171	1562.0	0.0909673286355
chr8	98500000	98600000	47707	4511.0	0.0945563544134
chr8	98600000	98700000	22028	2151.0	0.0976484474305
chr8	98700000	98800000	2482	253.0	0.101933924255
chr8	98800000	98900000	0	0.0	NA
chr8	98900000	99000000	0	0.0	NA
chr8	99000000	99100000	0	0.0	NA
chr8	99100000	99200000	8539	952.0	0.111488464691
chr8	99200000	99300000	0	0.0	NA
chr8	99300000	99400000	37913	3564.0	0.0940046949595
chr8	99400000	99500000	13055	1271.0	0.0973573343547
chr8	99500000	99600000	0	0.0	NA
chr8	99600000	99700000	0	0.0	NA
chr8	99700000	99800000	0	0.0	NA
chr8	99800000	99900000	0	0.0	NA
chr8	99900000	100000000	7785	619.0	0.079511881824
chr8	100000000	100100000	0	0.0	NA
chr8	100100000	100200000	0	0.0	NA
chr8	100200000	100300000	0	0.0	NA
chr8	100300000	100400000	0	0.0	NA
chr8	100400000	100500000	0	0.0	NA
chr8	100500000	100600000	0	0.0	NA
chr8	100600000	100700000	0	0.0	NA
chr8	100700000	100800000	0	0.0	NA
chr8	100800000	100900000	0	0.0	NA
chr8	100900000	101000000	20403	1910.0	0.0936136842621
chr8	101000000	101100000	0	0.0	NA
chr8	101100000	101200000	3305	292.0	0.0883509833585
chr8	101200000	101300000	0	0.0	NA
chr8	101300000	101400000	9165	798.0	0.0870703764321
chr8	101400000	101500000	19078	1908.0	0.100010483279
chr8	101500000	101600000	0	0.0	NA
chr8	101600000	101700000	9066	994.0	0.109640414736
chr8	101700000	101800000	8163	851.0	0.104250888154
chr8	101800000	101900000	38514	4025.0	0.104507451836
chr8	101900000	102000000	18036	1921.0	0.106509203815
chr8	102000000	102100000	36130	3589.0	0.0993357320786
chr8	102100000	102200000	19190	2087.0	0.108754559666
chr8	102200000	102300000	26553	2584.0	0.0973148043536
chr8	102300000	102400000	25690	2669.0	0.1038925652
chr8	102400000	102500000	0	0.0	NA
chr8	102500000	102600000	0	0.0	NA
chr8	102600000	102700000	0	0.0	NA
chr8	102700000	102800000	0	0.0	NA
chr8	102800000	102900000	0	0.0	NA
chr8	102900000	103000000	0	0.0	NA
chr8	103000000	103100000	0	0.0	NA
chr8	103100000	103200000	39058	3712.0	0.0950381483947
chr8	103200000	103300000	5234	544.0	0.103935804356
chr8	103300000	103400000	0	0.0	NA
chr8	103400000	103500000	22095	2238.0	0.101289884589
chr8	103500000	103600000	26579	2653.0	0.0998156439294
chr8	103600000	103700000	33868	3487.0	0.102958544939
chr8	103700000	103800000	46672	4772.0	0.102245457662
chr8	103800000	103900000	5746	542.0	0.0943264879916
chr8	103900000	104000000	0	0.0	NA
chr8	104000000	104100000	0	0.0	NA
chr8	104100000	104200000	6183	582.0	0.0941290635614
chr8	104200000	104300000	0	0.0	NA
chr8	104300000	104400000	16251	1591.0	0.0979016675897
chr8	104400000	104500000	900	61.0	0.0677777777778
chr8	104500000	104600000	0	0.0	NA
chr8	104600000	104700000	0	0.0	NA
chr8	104700000	104800000	0	0.0	NA
chr8	104800000	104900000	0	0.0	NA
chr8	104900000	105000000	0	0.0	NA
chr8	105000000	105100000	0	0.0	NA
chr8	105100000	105200000	0	0.0	NA
chr8	105200000	105300000	8865	890.0	0.100394811055
chr8	105300000	105400000	23462	2331.0	0.0993521438923
chr8	105400000	105500000	0	0.0	NA
chr8	105500000	105600000	0	0.0	NA
chr8	105600000	105700000	53750	4889.0	0.0909581395349
chr8	105700000	105800000	39378	3774.0	0.0958403169282
chr8	105800000	105900000	77614	6910.0	0.0890303295797
chr8	105900000	106000000	82653	7597.0	0.0919143890724
chr8	106000000	106100000	78553	7591.0	0.0966353926648
chr8	106100000	106200000	35872	3282.0	0.0914919714541
chr8	106200000	106300000	41425	4054.0	0.0978636089318
chr8	106300000	106400000	12938	1364.0	0.105425877261
chr8	106400000	106500000	0	0.0	NA
chr8	106500000	106600000	0	0.0	NA
chr8	106600000	106700000	0	0.0	NA
chr8	106700000	106800000	0	0.0	NA
chr8	106800000	106900000	0	0.0	NA
chr8	106900000	107000000	0	0.0	NA
chr8	107000000	107100000	14010	1366.0	0.0975017844397
chr8	107100000	107200000	67946	7028.0	0.103435080799
chr8	107200000	107300000	47404	4982.0	0.105096616319
chr8	107300000	107400000	0	0.0	NA
chr8	107400000	107500000	0	0.0	NA
chr8	107500000	107600000	0	0.0	NA
chr8	107600000	107700000	0	0.0	NA
chr8	107700000	107800000	2809	282.0	0.100391598434
chr8	107800000	107900000	68535	7099.0	0.10358211133
chr8	107900000	108000000	78034	7986.0	0.102340005639
chr8	108000000	108100000	66143	6768.0	0.10232375308
chr8	108100000	108200000	79285	8168.0	0.103020747935
chr8	108200000	108300000	46591	4725.0	0.101414436265
chr8	108300000	108400000	0	0.0	NA
chr8	108400000	108500000	0	0.0	NA
chr8	108500000	108600000	39293	3883.0	0.0988216730715
chr8	108600000	108700000	51076	5123.0	0.100301511473
chr8	108700000	108800000	72164	6913.0	0.0957956876005
chr8	108800000	108900000	56705	5579.0	0.0983863856803
chr8	108900000	109000000	0	0.0	NA
chr8	109000000	109100000	0	0.0	NA
chr8	109100000	109200000	46543	4777.0	0.102636271835
chr8	109200000	109300000	26482	2344.0	0.0885129521939
chr8	109300000	109400000	56723	5300.0	0.0934365248665
chr8	109400000	109500000	37451	3364.0	0.0898240367413
chr8	109500000	109600000	46554	4387.0	0.0942346522318
chr8	109600000	109700000	0	0.0	NA
chr8	109700000	109800000	0	0.0	NA
chr8	109800000	109900000	45488	4529.0	0.0995647203658
chr8	109900000	110000000	0	0.0	NA
chr8	110000000	110100000	2674	260.0	0.0972326103216
chr8	110100000	110200000	34523	3311.0	0.0959070764418
chr8	110200000	110300000	24686	2385.0	0.0966134651219
chr8	110300000	110400000	0	0.0	NA
chr8	110400000	110500000	0	0.0	NA
chr8	110500000	110600000	0	0.0	NA
chr8	110600000	110700000	0	0.0	NA
chr8	110700000	110800000	52322	5135.0	0.0981422728489
chr8	110800000	110900000	52472	5132.0	0.0978045433755
chr8	110900000	111000000	41978	4241.0	0.101029110486
chr8	111000000	111100000	54446	5681.0	0.104341916762
chr8	111100000	111200000	71289	7890.0	0.110676261415
chr8	111200000	111300000	57562	6372.0	0.11069802995
chr8	111300000	111400000	41581	4420.0	0.106298549818
chr8	111400000	111500000	60562	7123.0	0.117615006109
chr8	111500000	111600000	47866	5398.0	0.112773158401
chr8	111600000	111700000	41493	4663.0	0.112380401514
chr8	111700000	111800000	43957	5066.0	0.115248993334
chr8	111800000	111900000	53293	6148.0	0.115362242696
chr8	111900000	112000000	22309	2574.0	0.115379443274
chr8	112000000	112100000	14544	1804.0	0.12403740374
chr8	112100000	112200000	0	0.0	NA
chr8	112200000	112300000	21144	2424.0	0.114642451759
chr8	112300000	112400000	30492	3459.0	0.113439590712
chr8	112400000	112500000	0	0.0	NA
chr8	112500000	112600000	0	0.0	NA
chr8	112600000	112700000	0	0.0	NA
chr8	112700000	112800000	13601	1463.0	0.107565620175
chr8	112800000	112900000	57687	6329.0	0.109712760241
chr8	112900000	113000000	64748	7182.0	0.110922345092
chr8	113000000	113100000	50743	5672.0	0.111778964586
chr8	113100000	113200000	44830	4937.0	0.110127147
chr8	113200000	113300000	7270	798.0	0.109766162311
chr8	113300000	113400000	0	0.0	NA
chr8	113400000	113500000	0	0.0	NA
chr8	113500000	113600000	0	0.0	NA
chr8	113600000	113700000	0	0.0	NA
chr8	113700000	113800000	0	0.0	NA
chr8	113800000	113900000	0	0.0	NA
chr8	113900000	114000000	0	0.0	NA
chr8	114000000	114100000	0	0.0	NA
chr8	114100000	114200000	0	0.0	NA
chr8	114200000	114300000	0	0.0	NA
chr8	114300000	114400000	0	0.0	NA
chr8	114400000	114500000	16751	1818.0	0.10853083398
chr8	114500000	114600000	47195	5561.0	0.117830278631
chr8	114600000	114700000	38129	4467.0	0.117154921451
chr8	114700000	114800000	57826	6648.0	0.114965586414
chr8	114800000	114900000	57047	6516.0	0.114221606745
chr8	114900000	115000000	53049	6177.0	0.116439518181
chr8	115000000	115100000	53647	6291.0	0.11726657595
chr8	115100000	115200000	57845	6563.0	0.113458380154
chr8	115200000	115300000	48561	5593.0	0.115174728692
chr8	115300000	115400000	46700	5370.0	0.114989293362
chr8	115400000	115500000	56201	6350.0	0.112987313393
chr8	115500000	115600000	58111	6534.0	0.112439985545
chr8	115600000	115700000	60742	6795.0	0.111866583254
chr8	115700000	115800000	55913	6338.0	0.113354676015
chr8	115800000	115900000	60571	6745.0	0.111356919978
chr8	115900000	116000000	47969	5303.0	0.110550563906
chr8	116000000	116100000	49632	5137.0	0.10350177305
chr8	116100000	116200000	58616	6193.0	0.105653746417
chr8	116200000	116300000	72681	7638.0	0.105089363107
chr8	116300000	116400000	69511	7082.0	0.101883155184
chr8	116400000	116500000	6618	619.0	0.0935327893623
chr8	116500000	116600000	0	0.0	NA
chr8	116600000	116700000	7429	753.0	0.10135953695
chr8	116700000	116800000	75678	7379.0	0.0975052194825
chr8	116800000	116900000	73740	7367.0	0.0999050718742
chr8	116900000	117000000	44892	4248.0	0.0946271050521
chr8	117000000	117100000	0	0.0	NA
chr8	117100000	117200000	0	0.0	NA
chr8	117200000	117300000	0	0.0	NA
chr8	117300000	117400000	38690	3423.0	0.0884724735074
chr8	117400000	117500000	64081	5597.0	0.0873425820446
chr8	117500000	117600000	77435	7246.0	0.0935752566669
chr8	117600000	117700000	35374	3525.0	0.0996494600554
chr8	117700000	117800000	0	0.0	NA
chr8	117800000	117900000	882	81.0	0.0918367346939
chr8	117900000	118000000	25353	2466.0	0.0972665956692
chr8	118000000	118100000	0	0.0	NA
chr8	118100000	118200000	908	90.0	0.0991189427313
chr8	118200000	118300000	74588	6985.0	0.0936477717595
chr8	118300000	118400000	58961	5844.0	0.0991163650549
chr8	118400000	118500000	65080	6133.0	0.094237861094
chr8	118500000	118600000	44229	4361.0	0.0986004657578
chr8	118600000	118700000	78686	7263.0	0.0923035864067
chr8	118700000	118800000	77609	7416.0	0.0955559277919
chr8	118800000	118900000	0	0.0	NA
chr8	118900000	119000000	0	0.0	NA
chr8	119000000	119100000	0	0.0	NA
chr8	119100000	119200000	33825	3055.0	0.090317812269
chr8	119200000	119300000	0	0.0	NA
chr8	119300000	119400000	0	0.0	NA
chr8	119400000	119500000	0	0.0	NA
chr8	119500000	119600000	0	0.0	NA
chr8	119600000	119700000	0	0.0	NA
chr8	119700000	119800000	12001	1205.0	0.100408299308
chr8	119800000	119900000	75763	7795.0	0.102886633317
chr8	119900000	120000000	17389	1665.0	0.0957501868998
chr8	120000000	120100000	0	0.0	NA
chr8	120100000	120200000	21945	2179.0	0.0992936887674
chr8	120200000	120300000	20827	2229.0	0.107024535459
chr8	120300000	120400000	37442	3815.0	0.10189092463
chr8	120400000	120500000	11126	1084.0	0.0974294445443
chr8	120500000	120600000	41340	4217.0	0.102007740687
chr8	120600000	120700000	3837	349.0	0.0909564764139
chr8	120700000	120800000	9313	955.0	0.102544829808
chr8	120800000	120900000	0	0.0	NA
chr8	120900000	121000000	0	0.0	NA
chr8	121000000	121100000	15231	1696.0	0.111351848204
chr8	121100000	121200000	4983	498.0	0.099939795304
chr8	121200000	121300000	0	0.0	NA
chr8	121300000	121400000	1055	101.0	0.0957345971564
chr8	121400000	121500000	0	0.0	NA
chr8	121500000	121600000	0	0.0	NA
chr8	121600000	121700000	0	0.0	NA
chr8	121700000	121800000	0	0.0	NA
chr8	121800000	121900000	44060	4520.0	0.102587380844
chr8	121900000	122000000	6617	680.0	0.102765603748
chr8	122000000	122100000	0	0.0	NA
chr8	122100000	122200000	33747	3362.0	0.0996236702522
chr8	122200000	122300000	72025	7310.0	0.101492537313
chr8	122300000	122400000	72444	7177.0	0.099069626194
chr8	122400000	122500000	70359	6870.0	0.097642092696
chr8	122500000	122600000	45571	4478.0	0.0982642469992
chr8	122600000	122700000	10375	1031.0	0.0993734939759
chr8	122700000	122800000	50901	4838.0	0.0950472485806
chr8	122800000	122900000	63060	5862.0	0.0929590865842
chr8	122900000	123000000	18849	1856.0	0.0984667621624
chr8	123000000	123100000	0	0.0	NA
chr8	123100000	123200000	37023	3547.0	0.0958053102126
chr8	123200000	123300000	57693	5934.0	0.102854765743
chr8	123300000	123400000	65009	6532.0	0.100478395299
chr8	123400000	123500000	14948	1513.0	0.101217554188
chr8	123500000	123600000	8483	846.0	0.0997288695037
chr8	123600000	123700000	59477	5796.0	0.0974494342351
chr8	123700000	123800000	42976	4228.0	0.0983804914371
chr8	123800000	123900000	0	0.0	NA
chr8	123900000	124000000	0	0.0	NA
chr8	124000000	124100000	2362	208.0	0.0880609652837
chr8	124100000	124200000	425	50.0	0.117647058824
chr8	124200000	124300000	892	80.0	0.0896860986547
chr8	124300000	124400000	2094	183.0	0.0873925501433
chr8	124400000	124500000	18088	1825.0	0.100895621406
chr8	124500000	124600000	1439	150.0	0.104239054899
chr8	124600000	124700000	5690	566.0	0.0994727592267
chr8	124700000	124800000	7209	796.0	0.110417533639
chr8	124800000	124900000	14083	1439.0	0.102179933253
chr8	124900000	125000000	0	0.0	NA
chr8	125000000	125100000	0	0.0	NA
chr8	125100000	125200000	1030	106.0	0.102912621359
chr8	125200000	125300000	96	11.0	0.114583333333
chr8	125300000	125400000	4436	451.0	0.101668169522
chr8	125400000	125500000	18270	1926.0	0.105418719212
chr8	125500000	125600000	0	0.0	NA
chr8	125600000	125700000	0	0.0	NA
chr8	125700000	125800000	33900	3224.0	0.0951032448378
chr8	125800000	125900000	8670	837.0	0.0965397923875
chr8	125900000	126000000	1641	157.0	0.0956733698964
chr8	126000000	126100000	0	0.0	NA
chr8	126100000	126200000	0	0.0	NA
chr8	126200000	126300000	0	0.0	NA
chr8	126300000	126400000	4577	486.0	0.10618308936
chr8	126400000	126500000	17543	1908.0	0.108761329305
chr8	126500000	126600000	13144	1220.0	0.0928180158247
chr8	126600000	126700000	75073	7758.0	0.103339416301
chr8	126700000	126800000	63193	6274.0	0.09928314845
chr8	126800000	126900000	78297	7840.0	0.100131550379
chr8	126900000	127000000	22930	2329.0	0.101569995639
chr8	127000000	127100000	49057	4876.0	0.099394581813
chr8	127100000	127200000	62826	6373.0	0.101438894725
chr8	127200000	127300000	56541	5944.0	0.10512725279
chr8	127300000	127400000	49796	5062.0	0.101654751386
chr8	127400000	127500000	45299	4732.0	0.104461467141
chr8	127500000	127600000	5120	549.0	0.1072265625
chr8	127600000	127700000	0	0.0	NA
chr8	127700000	127800000	0	0.0	NA
chr8	127800000	127900000	0	0.0	NA
chr8	127900000	128000000	0	0.0	NA
chr8	128000000	128100000	0	0.0	NA
chr8	128100000	128200000	0	0.0	NA
chr8	128200000	128300000	0	0.0	NA
chr8	128300000	128400000	0	0.0	NA
chr8	128400000	128500000	0	0.0	NA
chr8	128500000	128600000	74543	8055.0	0.10805843607
chr8	128600000	128700000	60837	6481.0	0.106530565281
chr8	128700000	128800000	14535	1614.0	0.111042311662
chr8	128800000	128900000	0	0.0	NA
chr8	128900000	129000000	0	0.0	NA
chr8	129000000	129100000	0	0.0	NA
chr8	129100000	129200000	45717	4737.0	0.103615722816
chr8	129200000	129300000	64479	6900.0	0.107011585167
chr8	129300000	129400000	70920	7769.0	0.109545967287
chr8	129400000	129500000	6922	692.0	0.0999711066166
chr8	129500000	129600000	11373	1113.0	0.0978633605909
chr8	129600000	129700000	24569	2599.0	0.105783711181
chr8	129700000	129800000	0	0.0	NA
chr8	129800000	129900000	0	0.0	NA
chr8	129900000	130000000	4596	499.0	0.108572671889
chr8	130000000	130100000	0	0.0	NA
chr8	130100000	130200000	0	0.0	NA
chr8	130200000	130300000	0	0.0	NA
chr8	130300000	130400000	0	0.0	NA
chr8	130400000	130500000	0	0.0	NA
chr8	130500000	130600000	0	0.0	NA
chr8	130600000	130700000	0	0.0	NA
chr8	130700000	130800000	0	0.0	NA
chr8	130800000	130900000	4313	509.0	0.118015302574
chr8	130900000	131000000	0	0.0	NA
chr8	131000000	131100000	7396	884.0	0.119524067063
chr8	131100000	131200000	0	0.0	NA
chr8	131200000	131300000	0	0.0	NA
chr8	131300000	131400000	0	0.0	NA
chr8	131400000	131500000	23738	2528.0	0.106495913725
chr8	131500000	131600000	62027	6326.0	0.101987844003
chr8	131600000	131700000	15861	1585.0	0.0999306475002
chr8	131700000	131800000	44048	4669.0	0.105998002179
chr8	131800000	131900000	0	0.0	NA
chr8	131900000	132000000	0	0.0	NA
chr8	132000000	132100000	25088	2687.0	0.107102997449
chr8	132100000	132200000	42265	4535.0	0.107299183722
chr8	132200000	132300000	51337	5402.0	0.105226250073
chr8	132300000	132400000	42505	4344.0	0.102199741207
chr8	132400000	132500000	60210	6466.0	0.107390798871
chr8	132500000	132600000	60589	6454.0	0.106520985657
chr8	132600000	132700000	66650	7063.0	0.105971492873
chr8	132700000	132800000	68912	7375.0	0.107020547945
chr8	132800000	132900000	59148	6287.0	0.106292689525
chr8	132900000	133000000	5702	620.0	0.108733777622
chr8	133000000	133100000	0	0.0	NA
chr8	133100000	133200000	0	0.0	NA
chr8	133200000	133300000	0	0.0	NA
chr8	133300000	133400000	0	0.0	NA
chr8	133400000	133500000	0	0.0	NA
chr8	133500000	133600000	44774	4710.0	0.105194979229
chr8	133600000	133700000	0	0.0	NA
chr8	133700000	133800000	7659	832.0	0.1086303695
chr8	133800000	133900000	0	0.0	NA
chr8	133900000	134000000	0	0.0	NA
chr8	134000000	134100000	0	0.0	NA
chr8	134100000	134200000	29125	3297.0	0.113201716738
chr8	134200000	134300000	0	0.0	NA
chr8	134300000	134400000	56570	6521.0	0.115273112957
chr8	134400000	134500000	38351	4299.0	0.112096164376
chr8	134500000	134600000	1966	217.0	0.110376398779
chr8	134600000	134700000	24355	2884.0	0.118415109834
chr8	134700000	134800000	42910	4890.0	0.113959450012
chr8	134800000	134900000	33219	3780.0	0.113790300732
chr8	134900000	135000000	54325	5919.0	0.108955361252
chr8	135000000	135100000	74599	7937.0	0.10639552809
chr8	135100000	135200000	80705	8563.0	0.106102471966
chr8	135200000	135300000	10324	998.0	0.0966679581558
chr8	135300000	135400000	40147	4258.0	0.10606022866
chr8	135400000	135500000	55620	6160.0	0.110751528227
chr8	135500000	135600000	0	0.0	NA
chr8	135600000	135700000	0	0.0	NA
chr8	135700000	135800000	17313	1819.0	0.105065557673
chr8	135800000	135900000	3270	314.0	0.0960244648318
chr8	135900000	136000000	73303	7844.0	0.107007898722
chr8	136000000	136100000	75620	7807.0	0.103239883629
chr8	136100000	136200000	53732	5800.0	0.10794312514
chr8	136200000	136300000	25074	2683.0	0.10700327032
chr8	136300000	136400000	62413	6731.0	0.107846121802
chr8	136400000	136500000	47678	4954.0	0.103905365158
chr8	136500000	136600000	0	0.0	NA
chr8	136600000	136700000	24151	2819.0	0.116723945178
chr8	136700000	136800000	48188	5319.0	0.110380177638
chr8	136800000	136900000	61323	6831.0	0.111393767428
chr8	136900000	137000000	73108	7927.0	0.108428626142
chr8	137000000	137100000	41010	4434.0	0.108119970739
chr8	137100000	137200000	9677	1115.0	0.115221659605
chr8	137200000	137300000	63195	7021.0	0.111100561753
chr8	137300000	137400000	74801	8419.0	0.11255197123
chr8	137400000	137500000	57469	6367.0	0.110790165133
chr8	137500000	137600000	0	0.0	NA
chr8	137600000	137700000	0	0.0	NA
chr8	137700000	137800000	0	0.0	NA
chr8	137800000	137900000	0	0.0	NA
chr8	137900000	138000000	0	0.0	NA
chr8	138000000	138100000	54148	6149.0	0.113559134225
chr8	138100000	138200000	61165	7054.0	0.115327393117
chr8	138200000	138300000	64042	7481.0	0.116813965835
chr8	138300000	138400000	70250	8087.0	0.115117437722
chr8	138400000	138500000	60775	6926.0	0.113961332785
chr8	138500000	138600000	72396	8153.0	0.112616719156
chr8	138600000	138700000	73743	8174.0	0.110844419131
chr8	138700000	138800000	59731	6530.0	0.109323466876
chr8	138800000	138900000	8061	963.0	0.119464086342
chr8	138900000	139000000	0	0.0	NA
chr8	139000000	139100000	0	0.0	NA
chr8	139100000	139200000	17150	1949.0	0.113644314869
chr8	139200000	139300000	0	0.0	NA
chr8	139300000	139400000	0	0.0	NA
chr8	139400000	139500000	0	0.0	NA
chr8	139500000	139600000	56657	6117.0	0.107965476464
chr8	139600000	139700000	0	0.0	NA
chr8	139700000	139800000	0	0.0	NA
chr8	139800000	139900000	0	0.0	NA
chr8	139900000	140000000	40441	4490.0	0.111025939022
chr8	140000000	140100000	65484	7259.0	0.110851505711
chr8	140100000	140200000	24286	2942.0	0.121139751297
chr8	140200000	140300000	74523	8770.0	0.117681789515
chr8	140300000	140400000	73115	8142.0	0.1113588183
chr8	140400000	140500000	61633	6441.0	0.104505703114
chr8	140500000	140600000	72648	9153.0	0.125991080278
chr8	140600000	140700000	1105	126.0	0.114027149321
chr8	140700000	140800000	3898	462.0	0.118522319138
chr8	140800000	140900000	0	0.0	NA
chr8	140900000	141000000	0	0.0	NA
chr8	141000000	141100000	0	0.0	NA
chr8	141100000	141200000	0	0.0	NA
chr8	141200000	141300000	0	0.0	NA
chr8	141300000	141400000	0	0.0	NA
chr8	141400000	141500000	4210	548.0	0.130166270784
chr8	141500000	141600000	710	87.0	0.122535211268
chr8	141600000	141700000	0	0.0	NA
chr8	141700000	141800000	0	0.0	NA
chr8	141800000	141900000	0	0.0	NA
chr8	141900000	142000000	0	0.0	NA
chr8	142000000	142100000	31559	3798.0	0.120346018568
chr8	142100000	142200000	13715	1820.0	0.132701421801
chr8	142200000	142300000	1112	160.0	0.143884892086
chr8	142300000	142400000	9995	1181.0	0.11815907954
chr8	142400000	142500000	0	0.0	NA
chr8	142500000	142600000	42028	5570.0	0.132530693823
chr8	142600000	142700000	74859	10071.0	0.134532921893
chr8	142700000	142800000	32022	4243.0	0.132502654425
chr8	142800000	142900000	39937	5561.0	0.139244309788
chr8	142900000	143000000	54919	7338.0	0.133614960214
chr8	143000000	143100000	43407	6222.0	0.143340935794
chr8	143100000	143200000	38806	5644.0	0.145441426584
chr8	143200000	143300000	30061	4342.0	0.1444396394
chr8	143300000	143400000	0	0.0	NA
chr8	143400000	143500000	1576	239.0	0.151649746193
chr8	143500000	143600000	8678	1283.0	0.147845125605
chr8	143600000	143700000	18469	2620.0	0.141859331853
chr8	143700000	143800000	0	0.0	NA
chr8	143800000	143900000	0	0.0	NA
chr8	143900000	144000000	0	0.0	NA
chr8	144000000	144100000	9444	1204.0	0.127488352393
chr8	144100000	144200000	3428	485.0	0.141481913652
chr8	144200000	144300000	24391	3543.0	0.145258496987
chr8	144300000	144400000	3779	531.0	0.140513363324
chr8	144400000	144500000	5255	744.0	0.141579448145
chr8	144500000	144600000	0	0.0	NA
chr8	144600000	144700000	0	0.0	NA
chr8	144700000	144800000	0	0.0	NA
chr8	144800000	144900000	0	0.0	NA
chr8	144900000	145000000	7405	993.0	0.134098582039
chr8	145000000	145100000	0	0.0	NA
chr8	145100000	145200000	0	0.0	NA
chr8	145200000	145300000	0	0.0	NA
chr8	145300000	145400000	0	0.0	NA
chr8	145400000	145500000	0	0.0	NA
chr8	145500000	145600000	0	0.0	NA
chr8	145600000	145700000	0	0.0	NA
chr8	145700000	145800000	0	0.0	NA
chr8	145800000	145900000	0	0.0	NA
chr8	145900000	146000000	0	0.0	NA
chr8	146000000	146100000	0	0.0	NA
chr8	146100000	146200000	0	0.0	NA
chr8	146200000	146300000	0	0.0	NA
chr8	146300000	146364022	0	0.0	NA
