chr8	0	100000	0	0.0	NA
chr8	100000	200000	0	0.0	NA
chr8	200000	300000	4189	1354.0	0.323227500597
chr8	300000	400000	1965	605.0	0.307888040712
chr8	400000	500000	0	0.0	NA
chr8	500000	600000	2089	775.0	0.370990904739
chr8	600000	700000	0	0.0	NA
chr8	700000	800000	0	0.0	NA
chr8	800000	900000	0	0.0	NA
chr8	900000	1000000	0	0.0	NA
chr8	1000000	1100000	0	0.0	NA
chr8	1100000	1200000	0	0.0	NA
chr8	1200000	1300000	0	0.0	NA
chr8	1300000	1400000	0	0.0	NA
chr8	1400000	1500000	0	0.0	NA
chr8	1500000	1600000	0	0.0	NA
chr8	1600000	1700000	3808	1411.0	0.370535714286
chr8	1700000	1800000	0	0.0	NA
chr8	1800000	1900000	0	0.0	NA
chr8	1900000	2000000	0	0.0	NA
chr8	2000000	2100000	0	0.0	NA
chr8	2100000	2200000	5330	1785.0	0.334896810507
chr8	2200000	2300000	3242	1035.0	0.319247378162
chr8	2300000	2400000	10931	3738.0	0.341963223859
chr8	2400000	2500000	0	0.0	NA
chr8	2500000	2600000	0	0.0	NA
chr8	2600000	2700000	3874	1288.0	0.332472896231
chr8	2700000	2800000	22538	7447.0	0.330419735558
chr8	2800000	2900000	0	0.0	NA
chr8	2900000	3000000	0	0.0	NA
chr8	3000000	3100000	0	0.0	NA
chr8	3100000	3200000	0	0.0	NA
chr8	3200000	3300000	0	0.0	NA
chr8	3300000	3400000	0	0.0	NA
chr8	3400000	3500000	0	0.0	NA
chr8	3500000	3600000	0	0.0	NA
chr8	3600000	3700000	0	0.0	NA
chr8	3700000	3800000	0	0.0	NA
chr8	3800000	3900000	0	0.0	NA
chr8	3900000	4000000	0	0.0	NA
chr8	4000000	4100000	0	0.0	NA
chr8	4100000	4200000	0	0.0	NA
chr8	4200000	4300000	0	0.0	NA
chr8	4300000	4400000	0	0.0	NA
chr8	4400000	4500000	0	0.0	NA
chr8	4500000	4600000	0	0.0	NA
chr8	4600000	4700000	0	0.0	NA
chr8	4700000	4800000	0	0.0	NA
chr8	4800000	4900000	15988	5058.0	0.316362271704
chr8	4900000	5000000	38424	11951.0	0.311029564855
chr8	5000000	5100000	33640	10406.0	0.30933412604
chr8	5100000	5200000	40879	12545.0	0.306881283789
chr8	5200000	5300000	47336	14446.0	0.30517998986
chr8	5300000	5400000	45171	14013.0	0.310221159594
chr8	5400000	5500000	54321	16581.0	0.305241066991
chr8	5500000	5600000	41829	12730.0	0.304334313515
chr8	5600000	5700000	36973	11492.0	0.310821410218
chr8	5700000	5800000	23621	6871.0	0.290885229245
chr8	5800000	5900000	41988	12255.0	0.291869105459
chr8	5900000	6000000	0	0.0	NA
chr8	6000000	6100000	0	0.0	NA
chr8	6100000	6200000	24381	7316.0	0.300069726426
chr8	6200000	6300000	11543	3299.0	0.285800918305
chr8	6300000	6400000	0	0.0	NA
chr8	6400000	6500000	0	0.0	NA
chr8	6500000	6600000	0	0.0	NA
chr8	6600000	6700000	10151	3415.0	0.336420057137
chr8	6700000	6800000	5145	1773.0	0.344606413994
chr8	6800000	6900000	0	0.0	NA
chr8	6900000	7000000	921	182.0	0.197611292074
chr8	7000000	7100000	0	0.0	NA
chr8	7100000	7200000	0	0.0	NA
chr8	7200000	7300000	0	0.0	NA
chr8	7300000	7400000	0	0.0	NA
chr8	7400000	7500000	0	0.0	NA
chr8	7500000	7600000	0	0.0	NA
chr8	7600000	7700000	0	0.0	NA
chr8	7700000	7800000	0	0.0	NA
chr8	7800000	7900000	0	0.0	NA
chr8	7900000	8000000	0	0.0	NA
chr8	8000000	8100000	0	0.0	NA
chr8	8100000	8200000	29927	8366.0	0.27954689745
chr8	8200000	8300000	9657	2372.0	0.24562493528
chr8	8300000	8400000	39213	10180.0	0.259607783133
chr8	8400000	8500000	19325	4779.0	0.247296248383
chr8	8500000	8600000	18608	5109.0	0.274559329321
chr8	8600000	8700000	0	0.0	NA
chr8	8700000	8800000	16221	4182.0	0.257813944886
chr8	8800000	8900000	11156	2898.0	0.259770527071
chr8	8900000	9000000	23558	6096.0	0.258765599796
chr8	9000000	9100000	13876	3457.0	0.249135197463
chr8	9100000	9200000	0	0.0	NA
chr8	9200000	9300000	0	0.0	NA
chr8	9300000	9400000	36508	9271.0	0.253944340966
chr8	9400000	9500000	0	0.0	NA
chr8	9500000	9600000	0	0.0	NA
chr8	9600000	9700000	8092	2231.0	0.275704399407
chr8	9700000	9800000	16049	4034.0	0.251355224625
chr8	9800000	9900000	52660	12676.0	0.240714014432
chr8	9900000	10000000	0	0.0	NA
chr8	10000000	10100000	0	0.0	NA
chr8	10100000	10200000	0	0.0	NA
chr8	10200000	10300000	0	0.0	NA
chr8	10300000	10400000	1091	311.0	0.285059578368
chr8	10400000	10500000	17066	4978.0	0.291691081683
chr8	10500000	10600000	2162	593.0	0.27428307123
chr8	10600000	10700000	0	0.0	NA
chr8	10700000	10800000	15236	3656.0	0.239957994224
chr8	10800000	10900000	0	0.0	NA
chr8	10900000	11000000	0	0.0	NA
chr8	11000000	11100000	16576	4390.0	0.264840733591
chr8	11100000	11200000	0	0.0	NA
chr8	11200000	11300000	0	0.0	NA
chr8	11300000	11400000	0	0.0	NA
chr8	11400000	11500000	31056	8883.0	0.286031684699
chr8	11500000	11600000	14965	4217.0	0.281790845306
chr8	11600000	11700000	0	0.0	NA
chr8	11700000	11800000	10186	2998.0	0.294325544866
chr8	11800000	11900000	8745	2520.0	0.288164665523
chr8	11900000	12000000	0	0.0	NA
chr8	12000000	12100000	0	0.0	NA
chr8	12100000	12200000	0	0.0	NA
chr8	12200000	12300000	0	0.0	NA
chr8	12300000	12400000	0	0.0	NA
chr8	12400000	12500000	0	0.0	NA
chr8	12500000	12600000	75	22.0	0.293333333333
chr8	12600000	12700000	7821	2041.0	0.260964071091
chr8	12700000	12800000	26588	6977.0	0.262411614262
chr8	12800000	12900000	0	0.0	NA
chr8	12900000	13000000	6571	1978.0	0.301019631715
chr8	13000000	13100000	0	0.0	NA
chr8	13100000	13200000	0	0.0	NA
chr8	13200000	13300000	0	0.0	NA
chr8	13300000	13400000	0	0.0	NA
chr8	13400000	13500000	3107	786.0	0.252977148375
chr8	13500000	13600000	44572	12124.0	0.272009333214
chr8	13600000	13700000	40365	10817.0	0.267979685371
chr8	13700000	13800000	35775	9546.0	0.266834381551
chr8	13800000	13900000	42100	11380.0	0.270308788599
chr8	13900000	14000000	14692	3976.0	0.270623468554
chr8	14000000	14100000	0	0.0	NA
chr8	14100000	14200000	0	0.0	NA
chr8	14200000	14300000	0	0.0	NA
chr8	14300000	14400000	0	0.0	NA
chr8	14400000	14500000	0	0.0	NA
chr8	14500000	14600000	0	0.0	NA
chr8	14600000	14700000	0	0.0	NA
chr8	14700000	14800000	0	0.0	NA
chr8	14800000	14900000	0	0.0	NA
chr8	14900000	15000000	0	0.0	NA
chr8	15000000	15100000	0	0.0	NA
chr8	15100000	15200000	37510	9614.0	0.256304985337
chr8	15200000	15300000	47458	12297.0	0.259113321252
chr8	15300000	15400000	23606	5929.0	0.251164958062
chr8	15400000	15500000	0	0.0	NA
chr8	15500000	15600000	0	0.0	NA
chr8	15600000	15700000	29306	7658.0	0.26131167679
chr8	15700000	15800000	44396	11389.0	0.256532120011
chr8	15800000	15900000	26504	6864.0	0.258979776637
chr8	15900000	16000000	33593	8685.0	0.258536004525
chr8	16000000	16100000	11011	2812.0	0.255380982654
chr8	16100000	16200000	55617	13863.0	0.249258320298
chr8	16200000	16300000	42674	11031.0	0.258494633735
chr8	16300000	16400000	51351	13274.0	0.258495452864
chr8	16400000	16500000	24539	6168.0	0.251354985941
chr8	16500000	16600000	0	0.0	NA
chr8	16600000	16700000	0	0.0	NA
chr8	16700000	16800000	1598	327.0	0.204630788486
chr8	16800000	16900000	16076	3858.0	0.239985070913
chr8	16900000	17000000	0	0.0	NA
chr8	17000000	17100000	0	0.0	NA
chr8	17100000	17200000	0	0.0	NA
chr8	17200000	17300000	10440	2611.0	0.250095785441
chr8	17300000	17400000	19430	4944.0	0.254451878538
chr8	17400000	17500000	0	0.0	NA
chr8	17500000	17600000	0	0.0	NA
chr8	17600000	17700000	0	0.0	NA
chr8	17700000	17800000	0	0.0	NA
chr8	17800000	17900000	0	0.0	NA
chr8	17900000	18000000	0	0.0	NA
chr8	18000000	18100000	0	0.0	NA
chr8	18100000	18200000	0	0.0	NA
chr8	18200000	18300000	0	0.0	NA
chr8	18300000	18400000	4305	1173.0	0.272473867596
chr8	18400000	18500000	0	0.0	NA
chr8	18500000	18600000	0	0.0	NA
chr8	18600000	18700000	0	0.0	NA
chr8	18700000	18800000	0	0.0	NA
chr8	18800000	18900000	9655	2341.0	0.242465044019
chr8	18900000	19000000	20241	4968.0	0.245442418853
chr8	19000000	19100000	0	0.0	NA
chr8	19100000	19200000	8125	2177.0	0.267938461538
chr8	19200000	19300000	0	0.0	NA
chr8	19300000	19400000	0	0.0	NA
chr8	19400000	19500000	0	0.0	NA
chr8	19500000	19600000	0	0.0	NA
chr8	19600000	19700000	14519	3681.0	0.253529857428
chr8	19700000	19800000	9636	2588.0	0.268576172686
chr8	19800000	19900000	12566	3363.0	0.267626929811
chr8	19900000	20000000	5762	1512.0	0.262408885804
chr8	20000000	20100000	0	0.0	NA
chr8	20100000	20200000	12054	3052.0	0.253193960511
chr8	20200000	20300000	40668	10270.0	0.252532703846
chr8	20300000	20400000	68421	17929.0	0.262039432338
chr8	20400000	20500000	49077	12541.0	0.255537217026
chr8	20500000	20600000	26819	7350.0	0.274059435475
chr8	20600000	20700000	63466	16533.0	0.260501685942
chr8	20700000	20800000	59503	15912.0	0.267415088315
chr8	20800000	20900000	6436	1664.0	0.258545680547
chr8	20900000	21000000	53859	14043.0	0.260736367181
chr8	21000000	21100000	55308	14953.0	0.270358718449
chr8	21100000	21200000	44698	11927.0	0.266835205155
chr8	21200000	21300000	62475	16445.0	0.263225290116
chr8	21300000	21400000	50638	13174.0	0.260160353884
chr8	21400000	21500000	53905	14266.0	0.264650774511
chr8	21500000	21600000	20776	5731.0	0.275847131305
chr8	21600000	21700000	0	0.0	NA
chr8	21700000	21800000	0	0.0	NA
chr8	21800000	21900000	0	0.0	NA
chr8	21900000	22000000	0	0.0	NA
chr8	22000000	22100000	0	0.0	NA
chr8	22100000	22200000	0	0.0	NA
chr8	22200000	22300000	0	0.0	NA
chr8	22300000	22400000	0	0.0	NA
chr8	22400000	22500000	0	0.0	NA
chr8	22500000	22600000	0	0.0	NA
chr8	22600000	22700000	0	0.0	NA
chr8	22700000	22800000	2350	572.0	0.243404255319
chr8	22800000	22900000	7580	2038.0	0.268865435356
chr8	22900000	23000000	0	0.0	NA
chr8	23000000	23100000	783	249.0	0.318007662835
chr8	23100000	23200000	1819	523.0	0.287520615723
chr8	23200000	23300000	0	0.0	NA
chr8	23300000	23400000	9571	2729.0	0.285132170097
chr8	23400000	23500000	18741	4724.0	0.252067659143
chr8	23500000	23600000	12889	3376.0	0.261928776476
chr8	23600000	23700000	10404	2628.0	0.252595155709
chr8	23700000	23800000	50245	12813.0	0.255010448801
chr8	23800000	23900000	61277	15204.0	0.248119196436
chr8	23900000	24000000	44477	11094.0	0.249432290847
chr8	24000000	24100000	38054	9825.0	0.258185736059
chr8	24100000	24200000	17384	4574.0	0.263115508514
chr8	24200000	24300000	0	0.0	NA
chr8	24300000	24400000	0	0.0	NA
chr8	24400000	24500000	0	0.0	NA
chr8	24500000	24600000	0	0.0	NA
chr8	24600000	24700000	0	0.0	NA
chr8	24700000	24800000	6840	1850.0	0.270467836257
chr8	24800000	24900000	16791	4335.0	0.258174021797
chr8	24900000	25000000	50546	13045.0	0.258081747319
chr8	25000000	25100000	10869	2671.0	0.245744778728
chr8	25100000	25200000	0	0.0	NA
chr8	25200000	25300000	0	0.0	NA
chr8	25300000	25400000	0	0.0	NA
chr8	25400000	25500000	0	0.0	NA
chr8	25500000	25600000	0	0.0	NA
chr8	25600000	25700000	0	0.0	NA
chr8	25700000	25800000	0	0.0	NA
chr8	25800000	25900000	0	0.0	NA
chr8	25900000	26000000	0	0.0	NA
chr8	26000000	26100000	0	0.0	NA
chr8	26100000	26200000	0	0.0	NA
chr8	26200000	26300000	0	0.0	NA
chr8	26300000	26400000	14838	4007.0	0.27004987195
chr8	26400000	26500000	0	0.0	NA
chr8	26500000	26600000	31204	8188.0	0.262402256121
chr8	26600000	26700000	0	0.0	NA
chr8	26700000	26800000	33346	8405.0	0.252054219397
chr8	26800000	26900000	34236	8682.0	0.253592709429
chr8	26900000	27000000	20133	5218.0	0.259176476432
chr8	27000000	27100000	9640	2575.0	0.267116182573
chr8	27100000	27200000	2580	775.0	0.300387596899
chr8	27200000	27300000	0	0.0	NA
chr8	27300000	27400000	0	0.0	NA
chr8	27400000	27500000	17053	5049.0	0.296076936609
chr8	27500000	27600000	5877	1581.0	0.269014803471
chr8	27600000	27700000	0	0.0	NA
chr8	27700000	27800000	3266	729.0	0.223208818126
chr8	27800000	27900000	4753	1427.0	0.300231432779
chr8	27900000	28000000	0	0.0	NA
chr8	28000000	28100000	13732	3616.0	0.263326536557
chr8	28100000	28200000	0	0.0	NA
chr8	28200000	28300000	0	0.0	NA
chr8	28300000	28400000	0	0.0	NA
chr8	28400000	28500000	7572	2001.0	0.264263074485
chr8	28500000	28600000	0	0.0	NA
chr8	28600000	28700000	0	0.0	NA
chr8	28700000	28800000	0	0.0	NA
chr8	28800000	28900000	0	0.0	NA
chr8	28900000	29000000	0	0.0	NA
chr8	29000000	29100000	0	0.0	NA
chr8	29100000	29200000	4844	1276.0	0.263418662263
chr8	29200000	29300000	37579	10060.0	0.267702706299
chr8	29300000	29400000	33180	8768.0	0.264255575648
chr8	29400000	29500000	25231	6514.0	0.258174467916
chr8	29500000	29600000	12581	3281.0	0.26079008028
chr8	29600000	29700000	2958	674.0	0.227856659905
chr8	29700000	29800000	17321	4349.0	0.25108250101
chr8	29800000	29900000	28211	7237.0	0.256531140335
chr8	29900000	30000000	0	0.0	NA
chr8	30000000	30100000	0	0.0	NA
chr8	30100000	30200000	31874	8168.0	0.256259019891
chr8	30200000	30300000	5938	1417.0	0.238632536207
chr8	30300000	30400000	0	0.0	NA
chr8	30400000	30500000	0	0.0	NA
chr8	30500000	30600000	0	0.0	NA
chr8	30600000	30700000	0	0.0	NA
chr8	30700000	30800000	6364	1568.0	0.246385920805
chr8	30800000	30900000	15335	3523.0	0.229735898272
chr8	30900000	31000000	0	0.0	NA
chr8	31000000	31100000	11281	2872.0	0.254587359277
chr8	31100000	31200000	12195	3129.0	0.256580565806
chr8	31200000	31300000	25721	6280.0	0.244158469733
chr8	31300000	31400000	30597	7187.0	0.234892309704
chr8	31400000	31500000	26542	6410.0	0.241504031347
chr8	31500000	31600000	0	0.0	NA
chr8	31600000	31700000	0	0.0	NA
chr8	31700000	31800000	0	0.0	NA
chr8	31800000	31900000	0	0.0	NA
chr8	31900000	32000000	0	0.0	NA
chr8	32000000	32100000	0	0.0	NA
chr8	32100000	32200000	0	0.0	NA
chr8	32200000	32300000	0	0.0	NA
chr8	32300000	32400000	0	0.0	NA
chr8	32400000	32500000	0	0.0	NA
chr8	32500000	32600000	0	0.0	NA
chr8	32600000	32700000	21390	5527.0	0.258391771856
chr8	32700000	32800000	33653	8319.0	0.247199358155
chr8	32800000	32900000	0	0.0	NA
chr8	32900000	33000000	49868	11908.0	0.238790406674
chr8	33000000	33100000	44594	10472.0	0.234829797731
chr8	33100000	33200000	41505	9757.0	0.23508011083
chr8	33200000	33300000	486	124.0	0.255144032922
chr8	33300000	33400000	1304	400.0	0.306748466258
chr8	33400000	33500000	0	0.0	NA
chr8	33500000	33600000	0	0.0	NA
chr8	33600000	33700000	0	0.0	NA
chr8	33700000	33800000	0	0.0	NA
chr8	33800000	33900000	0	0.0	NA
chr8	33900000	34000000	47221	11867.0	0.251307680905
chr8	34000000	34100000	25243	6009.0	0.238046191023
chr8	34100000	34200000	0	0.0	NA
chr8	34200000	34300000	39797	10020.0	0.251777772194
chr8	34300000	34400000	58369	14267.0	0.244427692782
chr8	34400000	34500000	41175	10726.0	0.260497874924
chr8	34500000	34600000	50535	12956.0	0.256376768576
chr8	34600000	34700000	21664	5527.0	0.255123707533
chr8	34700000	34800000	33071	8423.0	0.254694445284
chr8	34800000	34900000	47657	11985.0	0.2514845668
chr8	34900000	35000000	46170	11666.0	0.252674897119
chr8	35000000	35100000	46235	11367.0	0.245852708987
chr8	35100000	35200000	0	0.0	NA
chr8	35200000	35300000	0	0.0	NA
chr8	35300000	35400000	0	0.0	NA
chr8	35400000	35500000	0	0.0	NA
chr8	35500000	35600000	0	0.0	NA
chr8	35600000	35700000	7531	1903.0	0.252688885938
chr8	35700000	35800000	195	44.0	0.225641025641
chr8	35800000	35900000	2473	569.0	0.230084917105
chr8	35900000	36000000	8077	1953.0	0.241797697165
chr8	36000000	36100000	44419	10936.0	0.246200950044
chr8	36100000	36200000	24977	6134.0	0.245585939064
chr8	36200000	36300000	45714	11838.0	0.258957868487
chr8	36300000	36400000	40322	10676.0	0.264768612668
chr8	36400000	36500000	0	0.0	NA
chr8	36500000	36600000	0	0.0	NA
chr8	36600000	36700000	0	0.0	NA
chr8	36700000	36800000	0	0.0	NA
chr8	36800000	36900000	56247	14018.0	0.249222180739
chr8	36900000	37000000	42629	10657.0	0.249994135448
chr8	37000000	37100000	68917	17512.0	0.254102761293
chr8	37100000	37200000	49610	12671.0	0.255412215279
chr8	37200000	37300000	37544	9031.0	0.240544427871
chr8	37300000	37400000	0	0.0	NA
chr8	37400000	37500000	5727	1744.0	0.304522437576
chr8	37500000	37600000	796	215.0	0.270100502513
chr8	37600000	37700000	0	0.0	NA
chr8	37700000	37800000	533	143.0	0.268292682927
chr8	37800000	37900000	6020	1683.0	0.279568106312
chr8	37900000	38000000	483	120.0	0.248447204969
chr8	38000000	38100000	0	0.0	NA
chr8	38100000	38200000	0	0.0	NA
chr8	38200000	38300000	0	0.0	NA
chr8	38300000	38400000	10028	2424.0	0.24172317511
chr8	38400000	38500000	27990	7144.0	0.255234012147
chr8	38500000	38600000	31710	7533.0	0.237559129612
chr8	38600000	38700000	0	0.0	NA
chr8	38700000	38800000	11190	3006.0	0.268632707775
chr8	38800000	38900000	0	0.0	NA
chr8	38900000	39000000	0	0.0	NA
chr8	39000000	39100000	0	0.0	NA
chr8	39100000	39200000	0	0.0	NA
chr8	39200000	39300000	776	213.0	0.274484536082
chr8	39300000	39400000	3254	817.0	0.251075599262
chr8	39400000	39500000	0	0.0	NA
chr8	39500000	39600000	0	0.0	NA
chr8	39600000	39700000	0	0.0	NA
chr8	39700000	39800000	0	0.0	NA
chr8	39800000	39900000	5822	1617.0	0.277739608382
chr8	39900000	40000000	23170	5965.0	0.257444971946
chr8	40000000	40100000	36841	9521.0	0.258434895904
chr8	40100000	40200000	17765	4522.0	0.254545454545
chr8	40200000	40300000	18788	4893.0	0.26043219076
chr8	40300000	40400000	39257	10679.0	0.272027918588
chr8	40400000	40500000	0	0.0	NA
chr8	40500000	40600000	0	0.0	NA
chr8	40600000	40700000	0	0.0	NA
chr8	40700000	40800000	16442	4768.0	0.289989052427
chr8	40800000	40900000	32593	9497.0	0.291381585003
chr8	40900000	41000000	28789	7943.0	0.275903991108
chr8	41000000	41100000	45036	12295.0	0.273003819167
chr8	41100000	41200000	19309	5263.0	0.272567196644
chr8	41200000	41300000	30385	7209.0	0.237255224617
chr8	41300000	41400000	13946	3547.0	0.25433816148
chr8	41400000	41500000	0	0.0	NA
chr8	41500000	41600000	0	0.0	NA
chr8	41600000	41700000	0	0.0	NA
chr8	41700000	41800000	5381	1709.0	0.317598959301
chr8	41800000	41900000	0	0.0	NA
chr8	41900000	42000000	4727	1308.0	0.276708271631
chr8	42000000	42100000	0	0.0	NA
chr8	42100000	42200000	0	0.0	NA
chr8	42200000	42300000	0	0.0	NA
chr8	42300000	42400000	0	0.0	NA
chr8	42400000	42500000	26523	6935.0	0.26147117596
chr8	42500000	42600000	15155	4105.0	0.270867700429
chr8	42600000	42700000	5793	1558.0	0.268945278785
chr8	42700000	42800000	0	0.0	NA
chr8	42800000	42900000	0	0.0	NA
chr8	42900000	43000000	0	0.0	NA
chr8	43000000	43100000	0	0.0	NA
chr8	43100000	43200000	0	0.0	NA
chr8	43200000	43300000	2789	695.0	0.249193259233
chr8	43300000	43400000	6825	1669.0	0.244542124542
chr8	43400000	43500000	0	0.0	NA
chr8	43500000	43600000	0	0.0	NA
chr8	43600000	43700000	0	0.0	NA
chr8	43700000	43800000	0	0.0	NA
chr8	43800000	43900000	0	0.0	NA
chr8	43900000	44000000	0	0.0	NA
chr8	44000000	44100000	0	0.0	NA
chr8	44100000	44200000	0	0.0	NA
chr8	44200000	44300000	0	0.0	NA
chr8	44300000	44400000	0	0.0	NA
chr8	44400000	44500000	0	0.0	NA
chr8	44500000	44600000	0	0.0	NA
chr8	44600000	44700000	0	0.0	NA
chr8	44700000	44800000	0	0.0	NA
chr8	44800000	44900000	0	0.0	NA
chr8	44900000	45000000	0	0.0	NA
chr8	45000000	45100000	0	0.0	NA
chr8	45100000	45200000	0	0.0	NA
chr8	45200000	45300000	0	0.0	NA
chr8	45300000	45400000	0	0.0	NA
chr8	45400000	45500000	0	0.0	NA
chr8	45500000	45600000	0	0.0	NA
chr8	45600000	45700000	0	0.0	NA
chr8	45700000	45800000	0	0.0	NA
chr8	45800000	45900000	0	0.0	NA
chr8	45900000	46000000	0	0.0	NA
chr8	46000000	46100000	0	0.0	NA
chr8	46100000	46200000	0	0.0	NA
chr8	46200000	46300000	0	0.0	NA
chr8	46300000	46400000	0	0.0	NA
chr8	46400000	46500000	0	0.0	NA
chr8	46500000	46600000	0	0.0	NA
chr8	46600000	46700000	0	0.0	NA
chr8	46700000	46800000	0	0.0	NA
chr8	46800000	46900000	0	0.0	NA
chr8	46900000	47000000	0	0.0	NA
chr8	47000000	47100000	0	0.0	NA
chr8	47100000	47200000	0	0.0	NA
chr8	47200000	47300000	0	0.0	NA
chr8	47300000	47400000	0	0.0	NA
chr8	47400000	47500000	16022	4139.0	0.258332293097
chr8	47500000	47600000	15492	3933.0	0.253872966692
chr8	47600000	47700000	18605	4877.0	0.262133834991
chr8	47700000	47800000	0	0.0	NA
chr8	47800000	47900000	8835	2336.0	0.264402942841
chr8	47900000	48000000	14236	3682.0	0.258640067435
chr8	48000000	48100000	4256	1205.0	0.283129699248
chr8	48100000	48200000	0	0.0	NA
chr8	48200000	48300000	0	0.0	NA
chr8	48300000	48400000	0	0.0	NA
chr8	48400000	48500000	0	0.0	NA
chr8	48500000	48600000	0	0.0	NA
chr8	48600000	48700000	0	0.0	NA
chr8	48700000	48800000	0	0.0	NA
chr8	48800000	48900000	0	0.0	NA
chr8	48900000	49000000	458	119.0	0.259825327511
chr8	49000000	49100000	26898	7396.0	0.274964681389
chr8	49100000	49200000	30622	8485.0	0.27708836784
chr8	49200000	49300000	29761	8011.0	0.269177783005
chr8	49300000	49400000	39275	11362.0	0.289293443666
chr8	49400000	49500000	16948	4503.0	0.265695067265
chr8	49500000	49600000	0	0.0	NA
chr8	49600000	49700000	29122	7729.0	0.265400727972
chr8	49700000	49800000	55319	15826.0	0.286086154847
chr8	49800000	49900000	31305	8652.0	0.276377575467
chr8	49900000	50000000	17250	4900.0	0.284057971014
chr8	50000000	50100000	12419	3368.0	0.271197358886
chr8	50100000	50200000	12075	3476.0	0.287867494824
chr8	50200000	50300000	28311	7902.0	0.279114125252
chr8	50300000	50400000	22342	6161.0	0.275758660818
chr8	50400000	50500000	6370	1683.0	0.26420722135
chr8	50500000	50600000	18592	5012.0	0.269578313253
chr8	50600000	50700000	35860	10084.0	0.281204684886
chr8	50700000	50800000	24801	6838.0	0.275714688924
chr8	50800000	50900000	1620	422.0	0.26049382716
chr8	50900000	51000000	0	0.0	NA
chr8	51000000	51100000	0	0.0	NA
chr8	51100000	51200000	0	0.0	NA
chr8	51200000	51300000	0	0.0	NA
chr8	51300000	51400000	0	0.0	NA
chr8	51400000	51500000	0	0.0	NA
chr8	51500000	51600000	0	0.0	NA
chr8	51600000	51700000	0	0.0	NA
chr8	51700000	51800000	22820	6188.0	0.271165644172
chr8	51800000	51900000	32522	9047.0	0.278180923682
chr8	51900000	52000000	25086	6750.0	0.269074384119
chr8	52000000	52100000	42670	11450.0	0.268338411062
chr8	52100000	52200000	20425	5371.0	0.262962056304
chr8	52200000	52300000	0	0.0	NA
chr8	52300000	52400000	0	0.0	NA
chr8	52400000	52500000	0	0.0	NA
chr8	52500000	52600000	0	0.0	NA
chr8	52600000	52700000	0	0.0	NA
chr8	52700000	52800000	0	0.0	NA
chr8	52800000	52900000	0	0.0	NA
chr8	52900000	53000000	23768	6243.0	0.262664086166
chr8	53000000	53100000	7715	1990.0	0.257939079715
chr8	53100000	53200000	0	0.0	NA
chr8	53200000	53300000	0	0.0	NA
chr8	53300000	53400000	35201	8877.0	0.252180335786
chr8	53400000	53500000	19003	4914.0	0.258590748829
chr8	53500000	53600000	5432	1290.0	0.237481590574
chr8	53600000	53700000	19092	4940.0	0.258747119212
chr8	53700000	53800000	33713	8898.0	0.263933794085
chr8	53800000	53900000	28269	6989.0	0.247231950193
chr8	53900000	54000000	11030	2754.0	0.24968268359
chr8	54000000	54100000	22907	5800.0	0.25319771249
chr8	54100000	54200000	7850	2110.0	0.268789808917
chr8	54200000	54300000	16327	4404.0	0.269737245054
chr8	54300000	54400000	19777	5262.0	0.26606664307
chr8	54400000	54500000	23157	6324.0	0.273092369478
chr8	54500000	54600000	30160	8345.0	0.276690981432
chr8	54600000	54700000	6282	1776.0	0.282712511939
chr8	54700000	54800000	0	0.0	NA
chr8	54800000	54900000	0	0.0	NA
chr8	54900000	55000000	0	0.0	NA
chr8	55000000	55100000	10634	2788.0	0.26217791988
chr8	55100000	55200000	37518	9659.0	0.25744975745
chr8	55200000	55300000	38631	10157.0	0.2629235588
chr8	55300000	55400000	30068	7633.0	0.253857922043
chr8	55400000	55500000	16422	4073.0	0.248020947509
chr8	55500000	55600000	0	0.0	NA
chr8	55600000	55700000	0	0.0	NA
chr8	55700000	55800000	2913	792.0	0.271884654995
chr8	55800000	55900000	51198	13455.0	0.262803234501
chr8	55900000	56000000	44179	11487.0	0.260010412187
chr8	56000000	56100000	2211	530.0	0.239710538218
chr8	56100000	56200000	0	0.0	NA
chr8	56200000	56300000	0	0.0	NA
chr8	56300000	56400000	0	0.0	NA
chr8	56400000	56500000	12399	3256.0	0.262601822728
chr8	56500000	56600000	28799	7290.0	0.253133789368
chr8	56600000	56700000	439	119.0	0.271070615034
chr8	56700000	56800000	14546	4081.0	0.280558229066
chr8	56800000	56900000	0	0.0	NA
chr8	56900000	57000000	9199	2463.0	0.267746494184
chr8	57000000	57100000	8866	2018.0	0.227611098579
chr8	57100000	57200000	9754	2512.0	0.257535370105
chr8	57200000	57300000	2592	719.0	0.277391975309
chr8	57300000	57400000	8301	2182.0	0.262859896398
chr8	57400000	57500000	9452	2425.0	0.256559458316
chr8	57500000	57600000	33009	8542.0	0.258777909055
chr8	57600000	57700000	58263	15213.0	0.261109108697
chr8	57700000	57800000	48869	13151.0	0.269107204977
chr8	57800000	57900000	19756	5154.0	0.260882769791
chr8	57900000	58000000	33202	8809.0	0.265315342449
chr8	58000000	58100000	11335	2984.0	0.263255403617
chr8	58100000	58200000	6354	1946.0	0.306263770853
chr8	58200000	58300000	9861	2986.0	0.302809045736
chr8	58300000	58400000	29105	7704.0	0.264696787494
chr8	58400000	58500000	9226	2499.0	0.270864946889
chr8	58500000	58600000	0	0.0	NA
chr8	58600000	58700000	0	0.0	NA
chr8	58700000	58800000	30970	8125.0	0.262350661931
chr8	58800000	58900000	40408	10349.0	0.25611265096
chr8	58900000	59000000	0	0.0	NA
chr8	59000000	59100000	16574	4272.0	0.257753107276
chr8	59100000	59200000	36968	9710.0	0.26265959749
chr8	59200000	59300000	38217	9511.0	0.248868304681
chr8	59300000	59400000	14757	3911.0	0.265026766958
chr8	59400000	59500000	11296	2796.0	0.247521246459
chr8	59500000	59600000	3248	849.0	0.261391625616
chr8	59600000	59700000	51640	12787.0	0.247618125484
chr8	59700000	59800000	4877	1212.0	0.248513430388
chr8	59800000	59900000	0	0.0	NA
chr8	59900000	60000000	0	0.0	NA
chr8	60000000	60100000	21623	5201.0	0.240530916154
chr8	60100000	60200000	48982	11809.0	0.241088563146
chr8	60200000	60300000	65231	15476.0	0.237249160675
chr8	60300000	60400000	33731	8067.0	0.239156858676
chr8	60400000	60500000	27453	6638.0	0.241795067934
chr8	60500000	60600000	44589	9733.0	0.218282536051
chr8	60600000	60700000	44903	11255.0	0.250651404138
chr8	60700000	60800000	25676	6214.0	0.242015890326
chr8	60800000	60900000	54157	12857.0	0.237402367192
chr8	60900000	61000000	20991	5029.0	0.239578867134
chr8	61000000	61100000	45457	10881.0	0.23936907407
chr8	61100000	61200000	0	0.0	NA
chr8	61200000	61300000	32785	8235.0	0.251181942962
chr8	61300000	61400000	0	0.0	NA
chr8	61400000	61500000	0	0.0	NA
chr8	61500000	61600000	0	0.0	NA
chr8	61600000	61700000	0	0.0	NA
chr8	61700000	61800000	5242	1277.0	0.243609309424
chr8	61800000	61900000	15439	3878.0	0.251182071378
chr8	61900000	62000000	70490	17464.0	0.247751454107
chr8	62000000	62100000	55606	14521.0	0.261140884077
chr8	62100000	62200000	24121	6322.0	0.262095269682
chr8	62200000	62300000	0	0.0	NA
chr8	62300000	62400000	0	0.0	NA
chr8	62400000	62500000	0	0.0	NA
chr8	62500000	62600000	0	0.0	NA
chr8	62600000	62700000	14708	4003.0	0.272164808268
chr8	62700000	62800000	0	0.0	NA
chr8	62800000	62900000	37662	9728.0	0.258297488184
chr8	62900000	63000000	34894	8982.0	0.257408150398
chr8	63000000	63100000	34414	8910.0	0.258906259081
chr8	63100000	63200000	23906	6128.0	0.256337321175
chr8	63200000	63300000	0	0.0	NA
chr8	63300000	63400000	0	0.0	NA
chr8	63400000	63500000	0	0.0	NA
chr8	63500000	63600000	0	0.0	NA
chr8	63600000	63700000	0	0.0	NA
chr8	63700000	63800000	0	0.0	NA
chr8	63800000	63900000	0	0.0	NA
chr8	63900000	64000000	0	0.0	NA
chr8	64000000	64100000	10516	2602.0	0.247432483834
chr8	64100000	64200000	22803	5316.0	0.233127220103
chr8	64200000	64300000	43512	10301.0	0.236739290311
chr8	64300000	64400000	0	0.0	NA
chr8	64400000	64500000	43579	10196.0	0.233965901007
chr8	64500000	64600000	40213	8545.0	0.21249347226
chr8	64600000	64700000	0	0.0	NA
chr8	64700000	64800000	0	0.0	NA
chr8	64800000	64900000	0	0.0	NA
chr8	64900000	65000000	0	0.0	NA
chr8	65000000	65100000	0	0.0	NA
chr8	65100000	65200000	0	0.0	NA
chr8	65200000	65300000	0	0.0	NA
chr8	65300000	65400000	52448	12915.0	0.246243898719
chr8	65400000	65500000	33735	8244.0	0.244375277901
chr8	65500000	65600000	0	0.0	NA
chr8	65600000	65700000	0	0.0	NA
chr8	65700000	65800000	33180	7792.0	0.23484026522
chr8	65800000	65900000	30805	7076.0	0.229702970297
chr8	65900000	66000000	56021	12724.0	0.227129112297
chr8	66000000	66100000	21501	4789.0	0.222733826334
chr8	66100000	66200000	64862	14056.0	0.216706237859
chr8	66200000	66300000	37837	8717.0	0.23038295848
chr8	66300000	66400000	54614	12054.0	0.220712637785
chr8	66400000	66500000	16125	3317.0	0.205705426357
chr8	66500000	66600000	0	0.0	NA
chr8	66600000	66700000	0	0.0	NA
chr8	66700000	66800000	9798	2327.0	0.237497448459
chr8	66800000	66900000	41693	9973.0	0.239200825079
chr8	66900000	67000000	11420	2778.0	0.243257443082
chr8	67000000	67100000	0	0.0	NA
chr8	67100000	67200000	32369	8047.0	0.248602057524
chr8	67200000	67300000	38538	8992.0	0.23332814365
chr8	67300000	67400000	13089	2944.0	0.224921689969
chr8	67400000	67500000	10130	2722.0	0.268706811451
chr8	67500000	67600000	0	0.0	NA
chr8	67600000	67700000	0	0.0	NA
chr8	67700000	67800000	0	0.0	NA
chr8	67800000	67900000	0	0.0	NA
chr8	67900000	68000000	0	0.0	NA
chr8	68000000	68100000	0	0.0	NA
chr8	68100000	68200000	0	0.0	NA
chr8	68200000	68300000	0	0.0	NA
chr8	68300000	68400000	0	0.0	NA
chr8	68400000	68500000	0	0.0	NA
chr8	68500000	68600000	0	0.0	NA
chr8	68600000	68700000	15991	3921.0	0.245200425239
chr8	68700000	68800000	40225	9760.0	0.242635177129
chr8	68800000	68900000	29904	7249.0	0.242409042269
chr8	68900000	69000000	0	0.0	NA
chr8	69000000	69100000	0	0.0	NA
chr8	69100000	69200000	15315	3904.0	0.254913483513
chr8	69200000	69300000	1975	430.0	0.217721518987
chr8	69300000	69400000	0	0.0	NA
chr8	69400000	69500000	0	0.0	NA
chr8	69500000	69600000	0	0.0	NA
chr8	69600000	69700000	0	0.0	NA
chr8	69700000	69800000	21320	5331.0	0.250046904315
chr8	69800000	69900000	6017	1485.0	0.246800731261
chr8	69900000	70000000	0	0.0	NA
chr8	70000000	70100000	9507	2282.0	0.240033659409
chr8	70100000	70200000	43930	10679.0	0.243091281584
chr8	70200000	70300000	41226	10293.0	0.249672536749
chr8	70300000	70400000	15409	3486.0	0.226231423194
chr8	70400000	70500000	0	0.0	NA
chr8	70500000	70600000	0	0.0	NA
chr8	70600000	70700000	0	0.0	NA
chr8	70700000	70800000	4750	1032.0	0.217263157895
chr8	70800000	70900000	16617	4073.0	0.245110429079
chr8	70900000	71000000	15460	3781.0	0.244566623545
chr8	71000000	71100000	2060	574.0	0.278640776699
chr8	71100000	71200000	0	0.0	NA
chr8	71200000	71300000	0	0.0	NA
chr8	71300000	71400000	28989	6439.0	0.222118734692
chr8	71400000	71500000	25740	5934.0	0.230536130536
chr8	71500000	71600000	0	0.0	NA
chr8	71600000	71700000	4578	1114.0	0.243337702053
chr8	71700000	71800000	29914	6716.0	0.224510262753
chr8	71800000	71900000	44335	9969.0	0.224856208413
chr8	71900000	72000000	67562	15486.0	0.229211687043
chr8	72000000	72100000	38559	8822.0	0.228792240463
chr8	72100000	72200000	0	0.0	NA
chr8	72200000	72300000	0	0.0	NA
chr8	72300000	72400000	0	0.0	NA
chr8	72400000	72500000	12435	2645.0	0.212706071572
chr8	72500000	72600000	54055	12568.0	0.232503931181
chr8	72600000	72700000	36817	8739.0	0.23736317462
chr8	72700000	72800000	2372	503.0	0.212057335582
chr8	72800000	72900000	0	0.0	NA
chr8	72900000	73000000	0	0.0	NA
chr8	73000000	73100000	24340	6399.0	0.262900575185
chr8	73100000	73200000	4341	1185.0	0.272978576365
chr8	73200000	73300000	26912	6860.0	0.254904875149
chr8	73300000	73400000	20867	5031.0	0.24109838501
chr8	73400000	73500000	18591	4519.0	0.243074605992
chr8	73500000	73600000	0	0.0	NA
chr8	73600000	73700000	0	0.0	NA
chr8	73700000	73800000	0	0.0	NA
chr8	73800000	73900000	11460	2546.0	0.222164048866
chr8	73900000	74000000	1686	386.0	0.228944246738
chr8	74000000	74100000	43638	10926.0	0.250378110821
chr8	74100000	74200000	20501	5115.0	0.249500024389
chr8	74200000	74300000	4648	1009.0	0.217082616179
chr8	74300000	74400000	7893	2089.0	0.264664892943
chr8	74400000	74500000	0	0.0	NA
chr8	74500000	74600000	0	0.0	NA
chr8	74600000	74700000	0	0.0	NA
chr8	74700000	74800000	0	0.0	NA
chr8	74800000	74900000	3184	743.0	0.233354271357
chr8	74900000	75000000	0	0.0	NA
chr8	75000000	75100000	37746	9080.0	0.240555290627
chr8	75100000	75200000	4399	1239.0	0.281654921573
chr8	75200000	75300000	4212	978.0	0.232193732194
chr8	75300000	75400000	32588	7545.0	0.231526942433
chr8	75400000	75500000	33487	8247.0	0.246274673754
chr8	75500000	75600000	1250	297.0	0.2376
chr8	75600000	75700000	0	0.0	NA
chr8	75700000	75800000	2799	698.0	0.249374776706
chr8	75800000	75900000	30019	7380.0	0.245844298611
chr8	75900000	76000000	13590	3193.0	0.234952170714
chr8	76000000	76100000	33676	8119.0	0.241091578572
chr8	76100000	76200000	10035	2493.0	0.248430493274
chr8	76200000	76300000	45327	10768.0	0.237562600657
chr8	76300000	76400000	4307	1027.0	0.238449036452
chr8	76400000	76500000	0	0.0	NA
chr8	76500000	76600000	43057	9660.0	0.224353763616
chr8	76600000	76700000	48599	11233.0	0.231136443137
chr8	76700000	76800000	46462	11243.0	0.241982695536
chr8	76800000	76900000	41725	9429.0	0.22597962852
chr8	76900000	77000000	49958	11753.0	0.235257616398
chr8	77000000	77100000	43224	9889.0	0.228784934296
chr8	77100000	77200000	47806	11372.0	0.237878090616
chr8	77200000	77300000	51590	12217.0	0.236809459198
chr8	77300000	77400000	4756	1276.0	0.268292682927
chr8	77400000	77500000	18182	4040.0	0.222197778022
chr8	77500000	77600000	7608	1818.0	0.238958990536
chr8	77600000	77700000	0	0.0	NA
chr8	77700000	77800000	7895	1819.0	0.2303989867
chr8	77800000	77900000	20003	4578.0	0.228865670149
chr8	77900000	78000000	39201	9087.0	0.231805311089
chr8	78000000	78100000	64121	14501.0	0.226150559099
chr8	78100000	78200000	47396	10849.0	0.228901173095
chr8	78200000	78300000	43269	10621.0	0.245464420255
chr8	78300000	78400000	559	144.0	0.257602862254
chr8	78400000	78500000	9580	2275.0	0.237473903967
chr8	78500000	78600000	55738	13550.0	0.243101654168
chr8	78600000	78700000	40097	9969.0	0.248622091428
chr8	78700000	78800000	23893	6183.0	0.258778721801
chr8	78800000	78900000	51148	11915.0	0.232951435051
chr8	78900000	79000000	58179	13785.0	0.236941164338
chr8	79000000	79100000	42710	10361.0	0.242589557481
chr8	79100000	79200000	64995	14983.0	0.230525425033
chr8	79200000	79300000	40927	9828.0	0.240134874288
chr8	79300000	79400000	6863	1650.0	0.240419641556
chr8	79400000	79500000	0	0.0	NA
chr8	79500000	79600000	5615	1352.0	0.240783615316
chr8	79600000	79700000	0	0.0	NA
chr8	79700000	79800000	23318	5916.0	0.253709580582
chr8	79800000	79900000	37317	9643.0	0.258407696224
chr8	79900000	80000000	49596	12595.0	0.253951931607
chr8	80000000	80100000	26418	6482.0	0.245363010069
chr8	80100000	80200000	38687	9589.0	0.247861038592
chr8	80200000	80300000	39736	10038.0	0.252617274008
chr8	80300000	80400000	53679	13435.0	0.250284096201
chr8	80400000	80500000	39868	9823.0	0.246388080666
chr8	80500000	80600000	5538	1275.0	0.23022751896
chr8	80600000	80700000	34372	8559.0	0.249010822763
chr8	80700000	80800000	2636	633.0	0.240136570561
chr8	80800000	80900000	13443	3008.0	0.223759577475
chr8	80900000	81000000	0	0.0	NA
chr8	81000000	81100000	0	0.0	NA
chr8	81100000	81200000	6973	1809.0	0.259429227018
chr8	81200000	81300000	0	0.0	NA
chr8	81300000	81400000	0	0.0	NA
chr8	81400000	81500000	12417	2916.0	0.234839333172
chr8	81500000	81600000	2860	753.0	0.263286713287
chr8	81600000	81700000	0	0.0	NA
chr8	81700000	81800000	1991	532.0	0.267202410849
chr8	81800000	81900000	38217	9662.0	0.25281942591
chr8	81900000	82000000	0	0.0	NA
chr8	82000000	82100000	24071	5806.0	0.241203107474
chr8	82100000	82200000	40743	9598.0	0.235574209067
chr8	82200000	82300000	44307	10885.0	0.245672241407
chr8	82300000	82400000	19667	4888.0	0.24853816037
chr8	82400000	82500000	13885	3612.0	0.260136838315
chr8	82500000	82600000	27893	7107.0	0.254795109884
chr8	82600000	82700000	3046	788.0	0.25869993434
chr8	82700000	82800000	8479	2025.0	0.238825333176
chr8	82800000	82900000	33042	7492.0	0.226741722656
chr8	82900000	83000000	59883	13614.0	0.227343319473
chr8	83000000	83100000	6979	1694.0	0.242728184554
chr8	83100000	83200000	45230	10884.0	0.240636745523
chr8	83200000	83300000	47793	11400.0	0.238528654824
chr8	83300000	83400000	45634	11392.0	0.249638427488
chr8	83400000	83500000	8307	2075.0	0.249789334296
chr8	83500000	83600000	0	0.0	NA
chr8	83600000	83700000	46289	11533.0	0.249152066366
chr8	83700000	83800000	23879	5960.0	0.249591691444
chr8	83800000	83900000	3517	767.0	0.218083593972
chr8	83900000	84000000	32567	8312.0	0.255227684466
chr8	84000000	84100000	47659	12148.0	0.254894143813
chr8	84100000	84200000	35221	9089.0	0.258056273246
chr8	84200000	84300000	40042	10220.0	0.255232006393
chr8	84300000	84400000	24274	6239.0	0.257023976271
chr8	84400000	84500000	44342	11595.0	0.261490234992
chr8	84500000	84600000	47436	12533.0	0.264208617927
chr8	84600000	84700000	44642	11849.0	0.265422696116
chr8	84700000	84800000	44688	11216.0	0.250984604368
chr8	84800000	84900000	4534	1215.0	0.26797529775
chr8	84900000	85000000	0	0.0	NA
chr8	85000000	85100000	10188	2470.0	0.242442088732
chr8	85100000	85200000	0	0.0	NA
chr8	85200000	85300000	0	0.0	NA
chr8	85300000	85400000	0	0.0	NA
chr8	85400000	85500000	0	0.0	NA
chr8	85500000	85600000	0	0.0	NA
chr8	85600000	85700000	0	0.0	NA
chr8	85700000	85800000	0	0.0	NA
chr8	85800000	85900000	14422	3337.0	0.231382609902
chr8	85900000	86000000	31013	7402.0	0.238674104408
chr8	86000000	86100000	2187	498.0	0.227709190672
chr8	86100000	86200000	0	0.0	NA
chr8	86200000	86300000	0	0.0	NA
chr8	86300000	86400000	0	0.0	NA
chr8	86400000	86500000	27399	6866.0	0.250593087339
chr8	86500000	86600000	22773	5676.0	0.249242524042
chr8	86600000	86700000	0	0.0	NA
chr8	86700000	86800000	0	0.0	NA
chr8	86800000	86900000	0	0.0	NA
chr8	86900000	87000000	16948	4222.0	0.249114939816
chr8	87000000	87100000	30946	7809.0	0.252342790668
chr8	87100000	87200000	3173	801.0	0.252442483454
chr8	87200000	87300000	10461	2518.0	0.240703565625
chr8	87300000	87400000	10574	2433.0	0.230092680159
chr8	87400000	87500000	0	0.0	NA
chr8	87500000	87600000	0	0.0	NA
chr8	87600000	87700000	0	0.0	NA
chr8	87700000	87800000	0	0.0	NA
chr8	87800000	87900000	13395	3265.0	0.24374766704
chr8	87900000	88000000	0	0.0	NA
chr8	88000000	88100000	0	0.0	NA
chr8	88100000	88200000	0	0.0	NA
chr8	88200000	88300000	0	0.0	NA
chr8	88300000	88400000	0	0.0	NA
chr8	88400000	88500000	41854	10603.0	0.253333014766
chr8	88500000	88600000	24073	5835.0	0.242387737299
chr8	88600000	88700000	0	0.0	NA
chr8	88700000	88800000	10768	2791.0	0.259193907875
chr8	88800000	88900000	25508	6220.0	0.243845068214
chr8	88900000	89000000	45791	10667.0	0.232949706274
chr8	89000000	89100000	0	0.0	NA
chr8	89100000	89200000	0	0.0	NA
chr8	89200000	89300000	0	0.0	NA
chr8	89300000	89400000	0	0.0	NA
chr8	89400000	89500000	0	0.0	NA
chr8	89500000	89600000	0	0.0	NA
chr8	89600000	89700000	0	0.0	NA
chr8	89700000	89800000	12532	3176.0	0.253431216087
chr8	89800000	89900000	29865	7605.0	0.25464590658
chr8	89900000	90000000	52683	13698.0	0.260007972211
chr8	90000000	90100000	40753	10907.0	0.2676367384
chr8	90100000	90200000	47394	12953.0	0.273304637718
chr8	90200000	90300000	44616	11233.0	0.251770665232
chr8	90300000	90400000	41723	10287.0	0.246554658102
chr8	90400000	90500000	44867	10610.0	0.236476697796
chr8	90500000	90600000	44935	10869.0	0.241882719484
chr8	90600000	90700000	5953	1336.0	0.224424659835
chr8	90700000	90800000	0	0.0	NA
chr8	90800000	90900000	34101	8777.0	0.257382481452
chr8	90900000	91000000	1795	521.0	0.290250696379
chr8	91000000	91100000	0	0.0	NA
chr8	91100000	91200000	52577	12840.0	0.244213249139
chr8	91200000	91300000	10642	2690.0	0.252772035332
chr8	91300000	91400000	0	0.0	NA
chr8	91400000	91500000	26570	6542.0	0.246217538577
chr8	91500000	91600000	2728	719.0	0.263563049853
chr8	91600000	91700000	0	0.0	NA
chr8	91700000	91800000	0	0.0	NA
chr8	91800000	91900000	0	0.0	NA
chr8	91900000	92000000	0	0.0	NA
chr8	92000000	92100000	0	0.0	NA
chr8	92100000	92200000	0	0.0	NA
chr8	92200000	92300000	0	0.0	NA
chr8	92300000	92400000	0	0.0	NA
chr8	92400000	92500000	35769	8734.0	0.244177919427
chr8	92500000	92600000	17365	4046.0	0.23299740858
chr8	92600000	92700000	0	0.0	NA
chr8	92700000	92800000	0	0.0	NA
chr8	92800000	92900000	0	0.0	NA
chr8	92900000	93000000	14811	3510.0	0.236986023901
chr8	93000000	93100000	0	0.0	NA
chr8	93100000	93200000	28028	7156.0	0.255316112459
chr8	93200000	93300000	49442	11406.0	0.230694551191
chr8	93300000	93400000	41509	9801.0	0.236117468501
chr8	93400000	93500000	47106	10179.0	0.21608712266
chr8	93500000	93600000	21076	5211.0	0.247248054659
chr8	93600000	93700000	0	0.0	NA
chr8	93700000	93800000	0	0.0	NA
chr8	93800000	93900000	0	0.0	NA
chr8	93900000	94000000	0	0.0	NA
chr8	94000000	94100000	21563	4940.0	0.229096136901
chr8	94100000	94200000	31928	7400.0	0.231771485843
chr8	94200000	94300000	8677	1952.0	0.224962544658
chr8	94300000	94400000	0	0.0	NA
chr8	94400000	94500000	0	0.0	NA
chr8	94500000	94600000	0	0.0	NA
chr8	94600000	94700000	0	0.0	NA
chr8	94700000	94800000	0	0.0	NA
chr8	94800000	94900000	12264	3533.0	0.288078930202
chr8	94900000	95000000	15697	4122.0	0.262597948653
chr8	95000000	95100000	45818	13265.0	0.289515037758
chr8	95100000	95200000	1643	564.0	0.34327449787
chr8	95200000	95300000	14176	4075.0	0.287457674944
chr8	95300000	95400000	23288	6225.0	0.267305049811
chr8	95400000	95500000	0	0.0	NA
chr8	95500000	95600000	931	213.0	0.228786251343
chr8	95600000	95700000	6687	1691.0	0.252878719904
chr8	95700000	95800000	0	0.0	NA
chr8	95800000	95900000	808	294.0	0.363861386139
chr8	95900000	96000000	0	0.0	NA
chr8	96000000	96100000	0	0.0	NA
chr8	96100000	96200000	19440	6003.0	0.308796296296
chr8	96200000	96300000	2912	952.0	0.326923076923
chr8	96300000	96400000	0	0.0	NA
chr8	96400000	96500000	0	0.0	NA
chr8	96500000	96600000	0	0.0	NA
chr8	96600000	96700000	0	0.0	NA
chr8	96700000	96800000	0	0.0	NA
chr8	96800000	96900000	36841	8826.0	0.239570044244
chr8	96900000	97000000	36217	8412.0	0.232266615125
chr8	97000000	97100000	37251	10289.0	0.276207350138
chr8	97100000	97200000	26904	8105.0	0.301256318763
chr8	97200000	97300000	8871	3042.0	0.342915116672
chr8	97300000	97400000	9151	2274.0	0.248497431975
chr8	97400000	97500000	26987	7846.0	0.290732574943
chr8	97500000	97600000	0	0.0	NA
chr8	97600000	97700000	7295	2122.0	0.290884167238
chr8	97700000	97800000	0	0.0	NA
chr8	97800000	97900000	0	0.0	NA
chr8	97900000	98000000	0	0.0	NA
chr8	98000000	98100000	0	0.0	NA
chr8	98100000	98200000	0	0.0	NA
chr8	98200000	98300000	0	0.0	NA
chr8	98300000	98400000	0	0.0	NA
chr8	98400000	98500000	7995	2516.0	0.314696685428
chr8	98500000	98600000	39034	10750.0	0.27540093252
chr8	98600000	98700000	12640	3495.0	0.276503164557
chr8	98700000	98800000	0	0.0	NA
chr8	98800000	98900000	0	0.0	NA
chr8	98900000	99000000	0	0.0	NA
chr8	99000000	99100000	0	0.0	NA
chr8	99100000	99200000	7684	2502.0	0.325611660593
chr8	99200000	99300000	0	0.0	NA
chr8	99300000	99400000	34139	7791.0	0.228214066024
chr8	99400000	99500000	9365	2279.0	0.24335290977
chr8	99500000	99600000	0	0.0	NA
chr8	99600000	99700000	0	0.0	NA
chr8	99700000	99800000	0	0.0	NA
chr8	99800000	99900000	0	0.0	NA
chr8	99900000	100000000	5773	1195.0	0.206998094578
chr8	100000000	100100000	0	0.0	NA
chr8	100100000	100200000	0	0.0	NA
chr8	100200000	100300000	0	0.0	NA
chr8	100300000	100400000	0	0.0	NA
chr8	100400000	100500000	0	0.0	NA
chr8	100500000	100600000	0	0.0	NA
chr8	100600000	100700000	0	0.0	NA
chr8	100700000	100800000	0	0.0	NA
chr8	100800000	100900000	0	0.0	NA
chr8	100900000	101000000	9612	2118.0	0.220349563046
chr8	101000000	101100000	0	0.0	NA
chr8	101100000	101200000	2558	594.0	0.232212666145
chr8	101200000	101300000	0	0.0	NA
chr8	101300000	101400000	4453	999.0	0.224343139457
chr8	101400000	101500000	14648	3751.0	0.256075914801
chr8	101500000	101600000	0	0.0	NA
chr8	101600000	101700000	6027	1573.0	0.260992201759
chr8	101700000	101800000	7420	1841.0	0.248113207547
chr8	101800000	101900000	32846	8589.0	0.26149302807
chr8	101900000	102000000	10912	2880.0	0.263929618768
chr8	102000000	102100000	30688	7509.0	0.244688477581
chr8	102100000	102200000	13950	4009.0	0.287383512545
chr8	102200000	102300000	21640	5252.0	0.2426987061
chr8	102300000	102400000	11752	3124.0	0.265827093261
chr8	102400000	102500000	0	0.0	NA
chr8	102500000	102600000	0	0.0	NA
chr8	102600000	102700000	0	0.0	NA
chr8	102700000	102800000	0	0.0	NA
chr8	102800000	102900000	0	0.0	NA
chr8	102900000	103000000	0	0.0	NA
chr8	103000000	103100000	0	0.0	NA
chr8	103100000	103200000	16118	3957.0	0.245501923316
chr8	103200000	103300000	1228	329.0	0.267915309446
chr8	103300000	103400000	0	0.0	NA
chr8	103400000	103500000	16060	3960.0	0.246575342466
chr8	103500000	103600000	19956	5068.0	0.25395870916
chr8	103600000	103700000	23727	6236.0	0.262822944325
chr8	103700000	103800000	32660	8742.0	0.26766687079
chr8	103800000	103900000	6442	1670.0	0.25923626203
chr8	103900000	104000000	0	0.0	NA
chr8	104000000	104100000	0	0.0	NA
chr8	104100000	104200000	5301	1472.0	0.277683455952
chr8	104200000	104300000	0	0.0	NA
chr8	104300000	104400000	11167	2683.0	0.240261484732
chr8	104400000	104500000	899	207.0	0.230255839822
chr8	104500000	104600000	0	0.0	NA
chr8	104600000	104700000	0	0.0	NA
chr8	104700000	104800000	0	0.0	NA
chr8	104800000	104900000	0	0.0	NA
chr8	104900000	105000000	0	0.0	NA
chr8	105000000	105100000	0	0.0	NA
chr8	105100000	105200000	0	0.0	NA
chr8	105200000	105300000	2989	705.0	0.235864837738
chr8	105300000	105400000	13068	3480.0	0.266299357208
chr8	105400000	105500000	0	0.0	NA
chr8	105500000	105600000	0	0.0	NA
chr8	105600000	105700000	37244	8541.0	0.229325528944
chr8	105700000	105800000	30079	7559.0	0.251304897104
chr8	105800000	105900000	61651	13454.0	0.218228414786
chr8	105900000	106000000	67747	15030.0	0.221854842281
chr8	106000000	106100000	59933	13570.0	0.226419501777
chr8	106100000	106200000	36950	7764.0	0.210121786198
chr8	106200000	106300000	19916	4726.0	0.237296645913
chr8	106300000	106400000	12309	3079.0	0.250142172394
chr8	106400000	106500000	0	0.0	NA
chr8	106500000	106600000	0	0.0	NA
chr8	106600000	106700000	0	0.0	NA
chr8	106700000	106800000	0	0.0	NA
chr8	106800000	106900000	0	0.0	NA
chr8	106900000	107000000	0	0.0	NA
chr8	107000000	107100000	10007	2500.0	0.249825122414
chr8	107100000	107200000	46709	11532.0	0.246890320923
chr8	107200000	107300000	35153	8922.0	0.253804796177
chr8	107300000	107400000	0	0.0	NA
chr8	107400000	107500000	0	0.0	NA
chr8	107500000	107600000	0	0.0	NA
chr8	107600000	107700000	0	0.0	NA
chr8	107700000	107800000	1034	266.0	0.257253384913
chr8	107800000	107900000	52720	13752.0	0.260849772382
chr8	107900000	108000000	53196	13226.0	0.24862771637
chr8	108000000	108100000	37909	9343.0	0.246458624601
chr8	108100000	108200000	56370	13467.0	0.238903672166
chr8	108200000	108300000	31382	7551.0	0.240615639539
chr8	108300000	108400000	0	0.0	NA
chr8	108400000	108500000	0	0.0	NA
chr8	108500000	108600000	30004	7039.0	0.23460205306
chr8	108600000	108700000	39566	9412.0	0.237881008947
chr8	108700000	108800000	53702	12198.0	0.22714237831
chr8	108800000	108900000	44558	10672.0	0.239508056915
chr8	108900000	109000000	0	0.0	NA
chr8	109000000	109100000	0	0.0	NA
chr8	109100000	109200000	38335	9096.0	0.237276640146
chr8	109200000	109300000	23033	5188.0	0.225242044024
chr8	109300000	109400000	45586	10074.0	0.220988900101
chr8	109400000	109500000	32179	7190.0	0.22343764567
chr8	109500000	109600000	36708	8357.0	0.227661545167
chr8	109600000	109700000	0	0.0	NA
chr8	109700000	109800000	0	0.0	NA
chr8	109800000	109900000	35088	8382.0	0.238885088919
chr8	109900000	110000000	0	0.0	NA
chr8	110000000	110100000	2427	586.0	0.241450350227
chr8	110100000	110200000	27742	6791.0	0.244791291183
chr8	110200000	110300000	15323	3649.0	0.238138745676
chr8	110300000	110400000	0	0.0	NA
chr8	110400000	110500000	0	0.0	NA
chr8	110500000	110600000	0	0.0	NA
chr8	110600000	110700000	0	0.0	NA
chr8	110700000	110800000	44156	10655.0	0.241303560105
chr8	110800000	110900000	22552	5368.0	0.238027669386
chr8	110900000	111000000	29681	7321.0	0.246656109969
chr8	111000000	111100000	36903	9068.0	0.245725279788
chr8	111100000	111200000	52165	13152.0	0.252123071025
chr8	111200000	111300000	44003	11208.0	0.254709906143
chr8	111300000	111400000	30267	7710.0	0.254732877391
chr8	111400000	111500000	33591	8557.0	0.254740853205
chr8	111500000	111600000	39833	10234.0	0.256922652072
chr8	111600000	111700000	26251	6926.0	0.263837568093
chr8	111700000	111800000	25407	6897.0	0.271460621089
chr8	111800000	111900000	39391	10408.0	0.264222792008
chr8	111900000	112000000	10170	2597.0	0.255358898722
chr8	112000000	112100000	12945	3479.0	0.268752414059
chr8	112100000	112200000	977	295.0	0.301944728762
chr8	112200000	112300000	17024	4382.0	0.257401315789
chr8	112300000	112400000	32919	9009.0	0.273671739725
chr8	112400000	112500000	0	0.0	NA
chr8	112500000	112600000	0	0.0	NA
chr8	112600000	112700000	0	0.0	NA
chr8	112700000	112800000	6465	1758.0	0.27192575406
chr8	112800000	112900000	32727	8333.0	0.254621566291
chr8	112900000	113000000	50172	13079.0	0.260683249621
chr8	113000000	113100000	41089	10277.0	0.250115602716
chr8	113100000	113200000	30361	7890.0	0.259872863213
chr8	113200000	113300000	4483	1177.0	0.262547401294
chr8	113300000	113400000	0	0.0	NA
chr8	113400000	113500000	0	0.0	NA
chr8	113500000	113600000	0	0.0	NA
chr8	113600000	113700000	0	0.0	NA
chr8	113700000	113800000	0	0.0	NA
chr8	113800000	113900000	0	0.0	NA
chr8	113900000	114000000	0	0.0	NA
chr8	114000000	114100000	0	0.0	NA
chr8	114100000	114200000	0	0.0	NA
chr8	114200000	114300000	0	0.0	NA
chr8	114300000	114400000	0	0.0	NA
chr8	114400000	114500000	11513	2778.0	0.241292452011
chr8	114500000	114600000	33369	8631.0	0.258653241032
chr8	114600000	114700000	23775	6300.0	0.264984227129
chr8	114700000	114800000	40645	11137.0	0.274006642884
chr8	114800000	114900000	26701	7147.0	0.267667877608
chr8	114900000	115000000	30850	8077.0	0.261815235008
chr8	115000000	115100000	37822	10375.0	0.274311247422
chr8	115100000	115200000	36495	9453.0	0.259021783806
chr8	115200000	115300000	29566	7900.0	0.267198809443
chr8	115300000	115400000	19297	5041.0	0.261232315904
chr8	115400000	115500000	30409	8137.0	0.267585254365
chr8	115500000	115600000	17173	4486.0	0.261224014441
chr8	115600000	115700000	48438	12799.0	0.264234691771
chr8	115700000	115800000	37424	9632.0	0.257374946558
chr8	115800000	115900000	45386	11448.0	0.25223637245
chr8	115900000	116000000	36367	9431.0	0.259328512113
chr8	116000000	116100000	37688	8999.0	0.238776268308
chr8	116100000	116200000	57220	13835.0	0.24178608878
chr8	116200000	116300000	55976	13505.0	0.241264113191
chr8	116300000	116400000	50676	11586.0	0.228628936775
chr8	116400000	116500000	5395	1275.0	0.236329935125
chr8	116500000	116600000	0	0.0	NA
chr8	116600000	116700000	6981	1689.0	0.241942415127
chr8	116700000	116800000	69995	15867.0	0.226687620544
chr8	116800000	116900000	56689	13166.0	0.232249642788
chr8	116900000	117000000	42834	9531.0	0.222510155484
chr8	117000000	117100000	0	0.0	NA
chr8	117100000	117200000	0	0.0	NA
chr8	117200000	117300000	0	0.0	NA
chr8	117300000	117400000	35606	7509.0	0.210891422794
chr8	117400000	117500000	54272	11821.0	0.217810288915
chr8	117500000	117600000	67103	15251.0	0.227277468966
chr8	117600000	117700000	27323	6927.0	0.253522673206
chr8	117700000	117800000	0	0.0	NA
chr8	117800000	117900000	857	212.0	0.247374562427
chr8	117900000	118000000	11999	2916.0	0.243020251688
chr8	118000000	118100000	0	0.0	NA
chr8	118100000	118200000	0	0.0	NA
chr8	118200000	118300000	56683	13428.0	0.236896423972
chr8	118300000	118400000	43779	10730.0	0.245094680098
chr8	118400000	118500000	55072	13188.0	0.239468332365
chr8	118500000	118600000	33877	8458.0	0.249667916285
chr8	118600000	118700000	69391	15961.0	0.230015419867
chr8	118700000	118800000	61266	14809.0	0.241716449581
chr8	118800000	118900000	0	0.0	NA
chr8	118900000	119000000	0	0.0	NA
chr8	119000000	119100000	0	0.0	NA
chr8	119100000	119200000	30556	7093.0	0.232131169001
chr8	119200000	119300000	0	0.0	NA
chr8	119300000	119400000	0	0.0	NA
chr8	119400000	119500000	0	0.0	NA
chr8	119500000	119600000	0	0.0	NA
chr8	119600000	119700000	0	0.0	NA
chr8	119700000	119800000	10506	2497.0	0.237673710261
chr8	119800000	119900000	51992	12661.0	0.243518233574
chr8	119900000	120000000	15069	3643.0	0.241754595527
chr8	120000000	120100000	0	0.0	NA
chr8	120100000	120200000	16867	4197.0	0.248829074524
chr8	120200000	120300000	12292	2992.0	0.243410348194
chr8	120300000	120400000	20802	5091.0	0.244736083069
chr8	120400000	120500000	5721	1379.0	0.241041775913
chr8	120500000	120600000	28042	7038.0	0.250980671849
chr8	120600000	120700000	3572	839.0	0.234882418813
chr8	120700000	120800000	8489	2066.0	0.24337377783
chr8	120800000	120900000	0	0.0	NA
chr8	120900000	121000000	0	0.0	NA
chr8	121000000	121100000	10566	2641.0	0.249952678402
chr8	121100000	121200000	2738	672.0	0.245434623813
chr8	121200000	121300000	0	0.0	NA
chr8	121300000	121400000	1010	274.0	0.271287128713
chr8	121400000	121500000	0	0.0	NA
chr8	121500000	121600000	0	0.0	NA
chr8	121600000	121700000	0	0.0	NA
chr8	121700000	121800000	0	0.0	NA
chr8	121800000	121900000	39244	9826.0	0.250382224034
chr8	121900000	122000000	3582	880.0	0.245672808487
chr8	122000000	122100000	0	0.0	NA
chr8	122100000	122200000	26913	6460.0	0.240032697953
chr8	122200000	122300000	60061	14882.0	0.247781422221
chr8	122300000	122400000	60735	15102.0	0.248653988639
chr8	122400000	122500000	48602	11809.0	0.242973540184
chr8	122500000	122600000	34627	8793.0	0.25393479077
chr8	122600000	122700000	4385	1075.0	0.245153933865
chr8	122700000	122800000	37687	9383.0	0.248971793987
chr8	122800000	122900000	50942	12152.0	0.238545797181
chr8	122900000	123000000	14691	3523.0	0.239806684365
chr8	123000000	123100000	0	0.0	NA
chr8	123100000	123200000	33427	8334.0	0.249319412451
chr8	123200000	123300000	8776	2286.0	0.260483135825
chr8	123300000	123400000	42411	10899.0	0.2569852161
chr8	123400000	123500000	8420	2281.0	0.270902612827
chr8	123500000	123600000	6493	1576.0	0.242722932389
chr8	123600000	123700000	41727	10338.0	0.247753253289
chr8	123700000	123800000	30614	7698.0	0.251453583328
chr8	123800000	123900000	0	0.0	NA
chr8	123900000	124000000	0	0.0	NA
chr8	124000000	124100000	2627	635.0	0.241720593833
chr8	124100000	124200000	889	238.0	0.267716535433
chr8	124200000	124300000	1426	358.0	0.251051893408
chr8	124300000	124400000	206	54.0	0.26213592233
chr8	124400000	124500000	12064	3031.0	0.2512433687
chr8	124500000	124600000	1438	363.0	0.252433936022
chr8	124600000	124700000	3635	908.0	0.249793672627
chr8	124700000	124800000	3018	791.0	0.262094102054
chr8	124800000	124900000	0	0.0	NA
chr8	124900000	125000000	0	0.0	NA
chr8	125000000	125100000	0	0.0	NA
chr8	125100000	125200000	773	187.0	0.24191461837
chr8	125200000	125300000	95	25.0	0.263157894737
chr8	125300000	125400000	4225	984.0	0.232899408284
chr8	125400000	125500000	8546	2198.0	0.257196349169
chr8	125500000	125600000	0	0.0	NA
chr8	125600000	125700000	0	0.0	NA
chr8	125700000	125800000	19325	4909.0	0.254023285899
chr8	125800000	125900000	6117	1468.0	0.239986921694
chr8	125900000	126000000	1126	282.0	0.250444049734
chr8	126000000	126100000	0	0.0	NA
chr8	126100000	126200000	0	0.0	NA
chr8	126200000	126300000	0	0.0	NA
chr8	126300000	126400000	2405	608.0	0.252806652807
chr8	126400000	126500000	16000	4398.0	0.274875
chr8	126500000	126600000	10435	2563.0	0.245615716339
chr8	126600000	126700000	58865	16298.0	0.276870806082
chr8	126700000	126800000	45869	12203.0	0.266040245046
chr8	126800000	126900000	55705	14221.0	0.255291266493
chr8	126900000	127000000	15310	3958.0	0.258523840627
chr8	127000000	127100000	29863	7524.0	0.251950574289
chr8	127100000	127200000	45975	11630.0	0.252963567156
chr8	127200000	127300000	41418	10439.0	0.252040175769
chr8	127300000	127400000	41470	10889.0	0.262575355679
chr8	127400000	127500000	28737	7559.0	0.263040679264
chr8	127500000	127600000	1858	527.0	0.283638320775
chr8	127600000	127700000	0	0.0	NA
chr8	127700000	127800000	0	0.0	NA
chr8	127800000	127900000	0	0.0	NA
chr8	127900000	128000000	0	0.0	NA
chr8	128000000	128100000	0	0.0	NA
chr8	128100000	128200000	0	0.0	NA
chr8	128200000	128300000	0	0.0	NA
chr8	128300000	128400000	0	0.0	NA
chr8	128400000	128500000	0	0.0	NA
chr8	128500000	128600000	59806	16337.0	0.273166571916
chr8	128600000	128700000	52068	13872.0	0.266420834294
chr8	128700000	128800000	12178	3338.0	0.274100837576
chr8	128800000	128900000	0	0.0	NA
chr8	128900000	129000000	0	0.0	NA
chr8	129000000	129100000	0	0.0	NA
chr8	129100000	129200000	35198	9316.0	0.264674129212
chr8	129200000	129300000	47761	12801.0	0.268022026339
chr8	129300000	129400000	60358	16220.0	0.268729911528
chr8	129400000	129500000	6366	1583.0	0.248664781653
chr8	129500000	129600000	11025	2778.0	0.251972789116
chr8	129600000	129700000	17301	4450.0	0.257210565863
chr8	129700000	129800000	0	0.0	NA
chr8	129800000	129900000	0	0.0	NA
chr8	129900000	130000000	3869	969.0	0.250452313259
chr8	130000000	130100000	0	0.0	NA
chr8	130100000	130200000	0	0.0	NA
chr8	130200000	130300000	0	0.0	NA
chr8	130300000	130400000	0	0.0	NA
chr8	130400000	130500000	0	0.0	NA
chr8	130500000	130600000	0	0.0	NA
chr8	130600000	130700000	0	0.0	NA
chr8	130700000	130800000	0	0.0	NA
chr8	130800000	130900000	2837	875.0	0.308424391963
chr8	130900000	131000000	0	0.0	NA
chr8	131000000	131100000	3342	995.0	0.297725912627
chr8	131100000	131200000	0	0.0	NA
chr8	131200000	131300000	0	0.0	NA
chr8	131300000	131400000	0	0.0	NA
chr8	131400000	131500000	16333	4425.0	0.270923896406
chr8	131500000	131600000	43555	11690.0	0.268396280565
chr8	131600000	131700000	11063	3046.0	0.275332188376
chr8	131700000	131800000	30901	8555.0	0.276851881816
chr8	131800000	131900000	0	0.0	NA
chr8	131900000	132000000	0	0.0	NA
chr8	132000000	132100000	14799	4077.0	0.275491587269
chr8	132100000	132200000	25304	6957.0	0.27493676889
chr8	132200000	132300000	42869	11653.0	0.271828127551
chr8	132300000	132400000	38694	10326.0	0.266863079547
chr8	132400000	132500000	32836	8809.0	0.268272627604
chr8	132500000	132600000	34862	9431.0	0.270523779473
chr8	132600000	132700000	35112	9211.0	0.262331966279
chr8	132700000	132800000	38896	10520.0	0.270464829288
chr8	132800000	132900000	38272	10298.0	0.269073996656
chr8	132900000	133000000	949	202.0	0.212855637513
chr8	133000000	133100000	0	0.0	NA
chr8	133100000	133200000	0	0.0	NA
chr8	133200000	133300000	0	0.0	NA
chr8	133300000	133400000	0	0.0	NA
chr8	133400000	133500000	0	0.0	NA
chr8	133500000	133600000	31252	8654.0	0.276910277742
chr8	133600000	133700000	0	0.0	NA
chr8	133700000	133800000	4121	1101.0	0.267168163067
chr8	133800000	133900000	0	0.0	NA
chr8	133900000	134000000	0	0.0	NA
chr8	134000000	134100000	0	0.0	NA
chr8	134100000	134200000	23294	7059.0	0.30303940929
chr8	134200000	134300000	0	0.0	NA
chr8	134300000	134400000	31889	10001.0	0.31361911631
chr8	134400000	134500000	25399	7930.0	0.312217016418
chr8	134500000	134600000	938	275.0	0.293176972281
chr8	134600000	134700000	24164	7566.0	0.313110412183
chr8	134700000	134800000	25330	7583.0	0.299368337939
chr8	134800000	134900000	29203	8701.0	0.297948840873
chr8	134900000	135000000	28872	8195.0	0.283839013577
chr8	135000000	135100000	54865	14965.0	0.27276041192
chr8	135100000	135200000	48594	12955.0	0.266596699181
chr8	135200000	135300000	8478	2116.0	0.249587166785
chr8	135300000	135400000	28363	8155.0	0.287522476466
chr8	135400000	135500000	33939	9890.0	0.291405168096
chr8	135500000	135600000	0	0.0	NA
chr8	135600000	135700000	0	0.0	NA
chr8	135700000	135800000	6909	1914.0	0.277029960921
chr8	135800000	135900000	5399	1339.0	0.248008890535
chr8	135900000	136000000	48305	13670.0	0.282993478936
chr8	136000000	136100000	59053	15985.0	0.270689042047
chr8	136100000	136200000	38845	10558.0	0.271798172223
chr8	136200000	136300000	18838	5208.0	0.276462469477
chr8	136300000	136400000	39861	10874.0	0.272797972956
chr8	136400000	136500000	35090	9401.0	0.267911085779
chr8	136500000	136600000	0	0.0	NA
chr8	136600000	136700000	10871	3727.0	0.342838745286
chr8	136700000	136800000	21892	6404.0	0.292526950484
chr8	136800000	136900000	43907	11911.0	0.271277928349
chr8	136900000	137000000	51885	14109.0	0.271928302978
chr8	137000000	137100000	31640	8652.0	0.273451327434
chr8	137100000	137200000	7900	2269.0	0.287215189873
chr8	137200000	137300000	51105	13882.0	0.271636826142
chr8	137300000	137400000	49482	14097.0	0.284891475688
chr8	137400000	137500000	42529	11435.0	0.26887535564
chr8	137500000	137600000	0	0.0	NA
chr8	137600000	137700000	0	0.0	NA
chr8	137700000	137800000	0	0.0	NA
chr8	137800000	137900000	0	0.0	NA
chr8	137900000	138000000	0	0.0	NA
chr8	138000000	138100000	46154	12404.0	0.268752437492
chr8	138100000	138200000	44771	12427.0	0.277568068616
chr8	138200000	138300000	40973	11453.0	0.27952554121
chr8	138300000	138400000	46055	13121.0	0.284898490935
chr8	138400000	138500000	50299	14291.0	0.284120956679
chr8	138500000	138600000	41897	12059.0	0.287824903931
chr8	138600000	138700000	39802	11552.0	0.290236671524
chr8	138700000	138800000	28583	8414.0	0.294370779834
chr8	138800000	138900000	3769	1055.0	0.279915096843
chr8	138900000	139000000	0	0.0	NA
chr8	139000000	139100000	0	0.0	NA
chr8	139100000	139200000	13047	4187.0	0.320916685828
chr8	139200000	139300000	0	0.0	NA
chr8	139300000	139400000	0	0.0	NA
chr8	139400000	139500000	0	0.0	NA
chr8	139500000	139600000	25158	7300.0	0.290166149932
chr8	139600000	139700000	0	0.0	NA
chr8	139700000	139800000	0	0.0	NA
chr8	139800000	139900000	0	0.0	NA
chr8	139900000	140000000	27326	8266.0	0.302495791554
chr8	140000000	140100000	38971	11406.0	0.292679171692
chr8	140100000	140200000	8565	3006.0	0.350963222417
chr8	140200000	140300000	41571	12559.0	0.302109643742
chr8	140300000	140400000	36947	10699.0	0.289576961594
chr8	140400000	140500000	43367	11975.0	0.276131620818
chr8	140500000	140600000	32914	10933.0	0.33216868202
chr8	140600000	140700000	1353	459.0	0.339246119734
chr8	140700000	140800000	2551	875.0	0.343002744022
chr8	140800000	140900000	0	0.0	NA
chr8	140900000	141000000	0	0.0	NA
chr8	141000000	141100000	0	0.0	NA
chr8	141100000	141200000	0	0.0	NA
chr8	141200000	141300000	0	0.0	NA
chr8	141300000	141400000	0	0.0	NA
chr8	141400000	141500000	2274	697.0	0.306508355321
chr8	141500000	141600000	970	296.0	0.305154639175
chr8	141600000	141700000	0	0.0	NA
chr8	141700000	141800000	0	0.0	NA
chr8	141800000	141900000	0	0.0	NA
chr8	141900000	142000000	0	0.0	NA
chr8	142000000	142100000	18380	5894.0	0.320674646355
chr8	142100000	142200000	4559	1542.0	0.338232068436
chr8	142200000	142300000	561	192.0	0.342245989305
chr8	142300000	142400000	7941	2409.0	0.30336229694
chr8	142400000	142500000	0	0.0	NA
chr8	142500000	142600000	23420	7947.0	0.339325362938
chr8	142600000	142700000	47628	16209.0	0.340325018896
chr8	142700000	142800000	17452	6200.0	0.355260142104
chr8	142800000	142900000	17967	6408.0	0.35665386542
chr8	142900000	143000000	33828	10436.0	0.308501832801
chr8	143000000	143100000	33146	11177.0	0.337205092621
chr8	143100000	143200000	18687	7056.0	0.377588698025
chr8	143200000	143300000	15510	5619.0	0.362282398453
chr8	143300000	143400000	0	0.0	NA
chr8	143400000	143500000	918	319.0	0.347494553377
chr8	143500000	143600000	4734	1618.0	0.341782847486
chr8	143600000	143700000	10844	4071.0	0.375414976024
chr8	143700000	143800000	0	0.0	NA
chr8	143800000	143900000	0	0.0	NA
chr8	143900000	144000000	238	87.0	0.365546218487
chr8	144000000	144100000	3045	954.0	0.313300492611
chr8	144100000	144200000	0	0.0	NA
chr8	144200000	144300000	5540	2004.0	0.361732851986
chr8	144300000	144400000	0	0.0	NA
chr8	144400000	144500000	3072	977.0	0.318033854167
chr8	144500000	144600000	0	0.0	NA
chr8	144600000	144700000	0	0.0	NA
chr8	144700000	144800000	0	0.0	NA
chr8	144800000	144900000	0	0.0	NA
chr8	144900000	145000000	3258	1174.0	0.360343769184
chr8	145000000	145100000	0	0.0	NA
chr8	145100000	145200000	0	0.0	NA
chr8	145200000	145300000	0	0.0	NA
chr8	145300000	145400000	0	0.0	NA
chr8	145400000	145500000	0	0.0	NA
chr8	145500000	145600000	0	0.0	NA
chr8	145600000	145700000	0	0.0	NA
chr8	145700000	145800000	0	0.0	NA
chr8	145800000	145900000	0	0.0	NA
chr8	145900000	146000000	0	0.0	NA
chr8	146000000	146100000	0	0.0	NA
chr8	146100000	146200000	0	0.0	NA
chr8	146200000	146300000	0	0.0	NA
chr8	146300000	146364022	0	0.0	NA
