chr8	0	100000	0	0.0	NA
chr8	100000	200000	0	0.0	NA
chr8	200000	300000	14027	1167.0	0.0831966920938
chr8	300000	400000	8913	746.0	0.0836979692584
chr8	400000	500000	0	0.0	NA
chr8	500000	600000	33878	2515.0	0.0742369679438
chr8	600000	700000	0	0.0	NA
chr8	700000	800000	0	0.0	NA
chr8	800000	900000	0	0.0	NA
chr8	900000	1000000	0	0.0	NA
chr8	1000000	1100000	0	0.0	NA
chr8	1100000	1200000	0	0.0	NA
chr8	1200000	1300000	0	0.0	NA
chr8	1300000	1400000	0	0.0	NA
chr8	1400000	1500000	0	0.0	NA
chr8	1500000	1600000	0	0.0	NA
chr8	1600000	1700000	14636	1330.0	0.0908718229024
chr8	1700000	1800000	0	0.0	NA
chr8	1800000	1900000	0	0.0	NA
chr8	1900000	2000000	5757	498.0	0.0865033871808
chr8	2000000	2100000	0	0.0	NA
chr8	2100000	2200000	32864	2854.0	0.0868427458617
chr8	2200000	2300000	8841	666.0	0.075330844927
chr8	2300000	2400000	17150	1355.0	0.0790087463557
chr8	2400000	2500000	0	0.0	NA
chr8	2500000	2600000	0	0.0	NA
chr8	2600000	2700000	8082	605.0	0.074857708488
chr8	2700000	2800000	60607	4682.0	0.0772518025971
chr8	2800000	2900000	0	0.0	NA
chr8	2900000	3000000	0	0.0	NA
chr8	3000000	3100000	0	0.0	NA
chr8	3100000	3200000	0	0.0	NA
chr8	3200000	3300000	0	0.0	NA
chr8	3300000	3400000	0	0.0	NA
chr8	3400000	3500000	0	0.0	NA
chr8	3500000	3600000	0	0.0	NA
chr8	3600000	3700000	0	0.0	NA
chr8	3700000	3800000	0	0.0	NA
chr8	3800000	3900000	0	0.0	NA
chr8	3900000	4000000	0	0.0	NA
chr8	4000000	4100000	0	0.0	NA
chr8	4100000	4200000	0	0.0	NA
chr8	4200000	4300000	0	0.0	NA
chr8	4300000	4400000	0	0.0	NA
chr8	4400000	4500000	0	0.0	NA
chr8	4500000	4600000	0	0.0	NA
chr8	4600000	4700000	0	0.0	NA
chr8	4700000	4800000	0	0.0	NA
chr8	4800000	4900000	31965	2471.0	0.0773033004849
chr8	4900000	5000000	61989	4668.0	0.0753036829115
chr8	5000000	5100000	63460	4800.0	0.0756381972896
chr8	5100000	5200000	79933	5988.0	0.0749127394193
chr8	5200000	5300000	74909	6091.0	0.0813119918835
chr8	5300000	5400000	51060	3965.0	0.0776537406972
chr8	5400000	5500000	79821	5925.0	0.0742285864622
chr8	5500000	5600000	52794	4183.0	0.0792324885404
chr8	5600000	5700000	84376	6669.0	0.0790390632407
chr8	5700000	5800000	48881	3800.0	0.0777398171069
chr8	5800000	5900000	67894	5055.0	0.0744542964032
chr8	5900000	6000000	0	0.0	NA
chr8	6000000	6100000	0	0.0	NA
chr8	6100000	6200000	38432	2779.0	0.0723095337219
chr8	6200000	6300000	17062	1167.0	0.0683976087211
chr8	6300000	6400000	0	0.0	NA
chr8	6400000	6500000	0	0.0	NA
chr8	6500000	6600000	0	0.0	NA
chr8	6600000	6700000	19623	1531.0	0.0780206900066
chr8	6700000	6800000	14364	1109.0	0.0772069061543
chr8	6800000	6900000	591	90.0	0.152284263959
chr8	6900000	7000000	2936	274.0	0.0933242506812
chr8	7000000	7100000	0	0.0	NA
chr8	7100000	7200000	0	0.0	NA
chr8	7200000	7300000	0	0.0	NA
chr8	7300000	7400000	0	0.0	NA
chr8	7400000	7500000	0	0.0	NA
chr8	7500000	7600000	0	0.0	NA
chr8	7600000	7700000	0	0.0	NA
chr8	7700000	7800000	0	0.0	NA
chr8	7800000	7900000	0	0.0	NA
chr8	7900000	8000000	0	0.0	NA
chr8	8000000	8100000	0	0.0	NA
chr8	8100000	8200000	42256	2790.0	0.0660261264672
chr8	8200000	8300000	8903	554.0	0.0622262158823
chr8	8300000	8400000	50535	3463.0	0.0685267636292
chr8	8400000	8500000	28477	1863.0	0.0654212171226
chr8	8500000	8600000	34839	2436.0	0.0699216395419
chr8	8600000	8700000	0	0.0	NA
chr8	8700000	8800000	23804	1673.0	0.0702823054949
chr8	8800000	8900000	20511	1436.0	0.0700112134952
chr8	8900000	9000000	30418	1955.0	0.064271155237
chr8	9000000	9100000	20166	1228.0	0.0608945750273
chr8	9100000	9200000	0	0.0	NA
chr8	9200000	9300000	0	0.0	NA
chr8	9300000	9400000	55461	3582.0	0.0645859252448
chr8	9400000	9500000	2161	144.0	0.0666358167515
chr8	9500000	9600000	0	0.0	NA
chr8	9600000	9700000	21196	1759.0	0.0829873561049
chr8	9700000	9800000	17888	1086.0	0.0607110912343
chr8	9800000	9900000	74424	4518.0	0.0607062237988
chr8	9900000	10000000	0	0.0	NA
chr8	10000000	10100000	0	0.0	NA
chr8	10100000	10200000	0	0.0	NA
chr8	10200000	10300000	0	0.0	NA
chr8	10300000	10400000	12175	766.0	0.0629158110883
chr8	10400000	10500000	21507	1604.0	0.0745803691821
chr8	10500000	10600000	2549	160.0	0.0627697136132
chr8	10600000	10700000	0	0.0	NA
chr8	10700000	10800000	15366	780.0	0.0507614213198
chr8	10800000	10900000	0	0.0	NA
chr8	10900000	11000000	0	0.0	NA
chr8	11000000	11100000	19491	1167.0	0.0598737879021
chr8	11100000	11200000	0	0.0	NA
chr8	11200000	11300000	0	0.0	NA
chr8	11300000	11400000	0	0.0	NA
chr8	11400000	11500000	38797	2615.0	0.0674021187205
chr8	11500000	11600000	20210	1466.0	0.0725383473528
chr8	11600000	11700000	0	0.0	NA
chr8	11700000	11800000	19855	1494.0	0.0752455300932
chr8	11800000	11900000	10133	737.0	0.0727326556795
chr8	11900000	12000000	0	0.0	NA
chr8	12000000	12100000	0	0.0	NA
chr8	12100000	12200000	0	0.0	NA
chr8	12200000	12300000	0	0.0	NA
chr8	12300000	12400000	0	0.0	NA
chr8	12400000	12500000	0	0.0	NA
chr8	12500000	12600000	81	10.0	0.123456790123
chr8	12600000	12700000	11251	742.0	0.0659496933606
chr8	12700000	12800000	52978	3526.0	0.0665559288761
chr8	12800000	12900000	0	0.0	NA
chr8	12900000	13000000	11402	863.0	0.075688475706
chr8	13000000	13100000	0	0.0	NA
chr8	13100000	13200000	0	0.0	NA
chr8	13200000	13300000	0	0.0	NA
chr8	13300000	13400000	0	0.0	NA
chr8	13400000	13500000	3475	222.0	0.0638848920863
chr8	13500000	13600000	75886	5909.0	0.0778668002003
chr8	13600000	13700000	67514	5549.0	0.0821903605178
chr8	13700000	13800000	51611	4027.0	0.0780260022088
chr8	13800000	13900000	78388	5867.0	0.0748456396387
chr8	13900000	14000000	24953	1897.0	0.0760229230954
chr8	14000000	14100000	0	0.0	NA
chr8	14100000	14200000	0	0.0	NA
chr8	14200000	14300000	0	0.0	NA
chr8	14300000	14400000	0	0.0	NA
chr8	14400000	14500000	0	0.0	NA
chr8	14500000	14600000	0	0.0	NA
chr8	14600000	14700000	0	0.0	NA
chr8	14700000	14800000	0	0.0	NA
chr8	14800000	14900000	0	0.0	NA
chr8	14900000	15000000	0	0.0	NA
chr8	15000000	15100000	0	0.0	NA
chr8	15100000	15200000	58730	4326.0	0.0736591179976
chr8	15200000	15300000	74488	5658.0	0.075958543658
chr8	15300000	15400000	50920	4044.0	0.0794186959937
chr8	15400000	15500000	0	0.0	NA
chr8	15500000	15600000	0	0.0	NA
chr8	15600000	15700000	50502	3740.0	0.074056473011
chr8	15700000	15800000	73748	5677.0	0.0769783587352
chr8	15800000	15900000	40813	3133.0	0.0767647563276
chr8	15900000	16000000	45648	3378.0	0.0740010515247
chr8	16000000	16100000	24360	1731.0	0.0710591133005
chr8	16100000	16200000	84193	6046.0	0.0718111957051
chr8	16200000	16300000	84294	6139.0	0.072828433815
chr8	16300000	16400000	84792	6044.0	0.0712803094632
chr8	16400000	16500000	40750	2774.0	0.0680736196319
chr8	16500000	16600000	0	0.0	NA
chr8	16600000	16700000	0	0.0	NA
chr8	16700000	16800000	15282	1111.0	0.072699908389
chr8	16800000	16900000	19031	1418.0	0.0745100099837
chr8	16900000	17000000	0	0.0	NA
chr8	17000000	17100000	0	0.0	NA
chr8	17100000	17200000	0	0.0	NA
chr8	17200000	17300000	13585	1027.0	0.0755980861244
chr8	17300000	17400000	34419	2625.0	0.0762660158633
chr8	17400000	17500000	0	0.0	NA
chr8	17500000	17600000	0	0.0	NA
chr8	17600000	17700000	0	0.0	NA
chr8	17700000	17800000	0	0.0	NA
chr8	17800000	17900000	2086	138.0	0.0661553211889
chr8	17900000	18000000	28396	1956.0	0.0688829412593
chr8	18000000	18100000	19514	1357.0	0.0695398175669
chr8	18100000	18200000	62420	4273.0	0.0684556231977
chr8	18200000	18300000	56388	4069.0	0.0721607434206
chr8	18300000	18400000	52290	3808.0	0.0728246318608
chr8	18400000	18500000	0	0.0	NA
chr8	18500000	18600000	0	0.0	NA
chr8	18600000	18700000	0	0.0	NA
chr8	18700000	18800000	0	0.0	NA
chr8	18800000	18900000	15747	1001.0	0.063567663682
chr8	18900000	19000000	25357	1672.0	0.065938399653
chr8	19000000	19100000	0	0.0	NA
chr8	19100000	19200000	13630	966.0	0.0708730741012
chr8	19200000	19300000	0	0.0	NA
chr8	19300000	19400000	0	0.0	NA
chr8	19400000	19500000	0	0.0	NA
chr8	19500000	19600000	0	0.0	NA
chr8	19600000	19700000	32085	2281.0	0.0710924107839
chr8	19700000	19800000	39214	2729.0	0.0695924924772
chr8	19800000	19900000	46676	3254.0	0.0697146285029
chr8	19900000	20000000	23341	1698.0	0.0727475258129
chr8	20000000	20100000	0	0.0	NA
chr8	20100000	20200000	18663	1290.0	0.0691207201415
chr8	20200000	20300000	50136	3186.0	0.0635471517472
chr8	20300000	20400000	80843	5291.0	0.0654478433507
chr8	20400000	20500000	64446	4711.0	0.0730999596561
chr8	20500000	20600000	31771	2435.0	0.0766422208933
chr8	20600000	20700000	84003	5639.0	0.0671285549326
chr8	20700000	20800000	75668	5218.0	0.0689591372839
chr8	20800000	20900000	10541	701.0	0.06650222939
chr8	20900000	21000000	59237	4067.0	0.0686564140655
chr8	21000000	21100000	65588	4618.0	0.070409221199
chr8	21100000	21200000	58798	3965.0	0.0674342664716
chr8	21200000	21300000	81326	5243.0	0.0644689275263
chr8	21300000	21400000	64392	4049.0	0.0628804820475
chr8	21400000	21500000	71839	4500.0	0.0626400701569
chr8	21500000	21600000	33225	2154.0	0.0648306997743
chr8	21600000	21700000	0	0.0	NA
chr8	21700000	21800000	0	0.0	NA
chr8	21800000	21900000	0	0.0	NA
chr8	21900000	22000000	0	0.0	NA
chr8	22000000	22100000	0	0.0	NA
chr8	22100000	22200000	0	0.0	NA
chr8	22200000	22300000	0	0.0	NA
chr8	22300000	22400000	0	0.0	NA
chr8	22400000	22500000	0	0.0	NA
chr8	22500000	22600000	0	0.0	NA
chr8	22600000	22700000	0	0.0	NA
chr8	22700000	22800000	3584	214.0	0.0597098214286
chr8	22800000	22900000	15988	1102.0	0.0689266950213
chr8	22900000	23000000	0	0.0	NA
chr8	23000000	23100000	3538	255.0	0.0720746184285
chr8	23100000	23200000	2417	170.0	0.0703351261895
chr8	23200000	23300000	0	0.0	NA
chr8	23300000	23400000	10831	703.0	0.0649062875081
chr8	23400000	23500000	28264	1648.0	0.0583073874894
chr8	23500000	23600000	15274	984.0	0.0644232028283
chr8	23600000	23700000	13358	714.0	0.0534511154364
chr8	23700000	23800000	64099	3525.0	0.054993057614
chr8	23800000	23900000	75095	4246.0	0.0565417138291
chr8	23900000	24000000	62316	3750.0	0.0601771615636
chr8	24000000	24100000	58785	3644.0	0.0619886025347
chr8	24100000	24200000	30164	1959.0	0.0649449675109
chr8	24200000	24300000	0	0.0	NA
chr8	24300000	24400000	0	0.0	NA
chr8	24400000	24500000	0	0.0	NA
chr8	24500000	24600000	0	0.0	NA
chr8	24600000	24700000	0	0.0	NA
chr8	24700000	24800000	9461	604.0	0.0638410316034
chr8	24800000	24900000	22238	1436.0	0.0645741523518
chr8	24900000	25000000	72040	4649.0	0.0645335924486
chr8	25000000	25100000	16679	1220.0	0.0731458720547
chr8	25100000	25200000	0	0.0	NA
chr8	25200000	25300000	0	0.0	NA
chr8	25300000	25400000	0	0.0	NA
chr8	25400000	25500000	0	0.0	NA
chr8	25500000	25600000	0	0.0	NA
chr8	25600000	25700000	0	0.0	NA
chr8	25700000	25800000	0	0.0	NA
chr8	25800000	25900000	0	0.0	NA
chr8	25900000	26000000	0	0.0	NA
chr8	26000000	26100000	0	0.0	NA
chr8	26100000	26200000	0	0.0	NA
chr8	26200000	26300000	0	0.0	NA
chr8	26300000	26400000	29799	1889.0	0.0633913889728
chr8	26400000	26500000	0	0.0	NA
chr8	26500000	26600000	50431	3139.0	0.0622434613631
chr8	26600000	26700000	0	0.0	NA
chr8	26700000	26800000	51277	3099.0	0.0604364529906
chr8	26800000	26900000	68662	3977.0	0.0579214121348
chr8	26900000	27000000	37742	2307.0	0.0611255365375
chr8	27000000	27100000	17319	1073.0	0.0619550782378
chr8	27100000	27200000	4788	269.0	0.0561821219716
chr8	27200000	27300000	0	0.0	NA
chr8	27300000	27400000	0	0.0	NA
chr8	27400000	27500000	24847	1599.0	0.0643538455347
chr8	27500000	27600000	8169	537.0	0.065736320235
chr8	27600000	27700000	0	0.0	NA
chr8	27700000	27800000	8071	440.0	0.0545161690001
chr8	27800000	27900000	7755	515.0	0.0664087685364
chr8	27900000	28000000	0	0.0	NA
chr8	28000000	28100000	29261	1694.0	0.0578927582789
chr8	28100000	28200000	0	0.0	NA
chr8	28200000	28300000	0	0.0	NA
chr8	28300000	28400000	0	0.0	NA
chr8	28400000	28500000	15613	988.0	0.0632805995004
chr8	28500000	28600000	0	0.0	NA
chr8	28600000	28700000	0	0.0	NA
chr8	28700000	28800000	0	0.0	NA
chr8	28800000	28900000	0	0.0	NA
chr8	28900000	29000000	0	0.0	NA
chr8	29000000	29100000	0	0.0	NA
chr8	29100000	29200000	8020	547.0	0.0682044887781
chr8	29200000	29300000	58827	3363.0	0.05716762711
chr8	29300000	29400000	51498	3218.0	0.0624878636064
chr8	29400000	29500000	29500	1873.0	0.0634915254237
chr8	29500000	29600000	16520	1020.0	0.0617433414044
chr8	29600000	29700000	3029	170.0	0.0561241333774
chr8	29700000	29800000	23133	1314.0	0.05680197121
chr8	29800000	29900000	42801	2438.0	0.0569612859513
chr8	29900000	30000000	0	0.0	NA
chr8	30000000	30100000	0	0.0	NA
chr8	30100000	30200000	51124	3183.0	0.0622603865112
chr8	30200000	30300000	13032	804.0	0.0616942909761
chr8	30300000	30400000	0	0.0	NA
chr8	30400000	30500000	0	0.0	NA
chr8	30500000	30600000	0	0.0	NA
chr8	30600000	30700000	0	0.0	NA
chr8	30700000	30800000	15150	875.0	0.0577557755776
chr8	30800000	30900000	27503	1591.0	0.057848234738
chr8	30900000	31000000	0	0.0	NA
chr8	31000000	31100000	33016	2105.0	0.0637569663194
chr8	31100000	31200000	15318	1062.0	0.069330199765
chr8	31200000	31300000	32647	1945.0	0.059576683922
chr8	31300000	31400000	54157	3205.0	0.059179792086
chr8	31400000	31500000	44016	2471.0	0.0561386768448
chr8	31500000	31600000	0	0.0	NA
chr8	31600000	31700000	0	0.0	NA
chr8	31700000	31800000	0	0.0	NA
chr8	31800000	31900000	0	0.0	NA
chr8	31900000	32000000	0	0.0	NA
chr8	32000000	32100000	0	0.0	NA
chr8	32100000	32200000	0	0.0	NA
chr8	32200000	32300000	0	0.0	NA
chr8	32300000	32400000	0	0.0	NA
chr8	32400000	32500000	0	0.0	NA
chr8	32500000	32600000	0	0.0	NA
chr8	32600000	32700000	35353	2305.0	0.0651995587362
chr8	32700000	32800000	50932	2919.0	0.0573117097306
chr8	32800000	32900000	0	0.0	NA
chr8	32900000	33000000	68596	3943.0	0.0574814858009
chr8	33000000	33100000	64327	3571.0	0.0555132370544
chr8	33100000	33200000	66912	3835.0	0.0573140841703
chr8	33200000	33300000	1573	93.0	0.0591226954863
chr8	33300000	33400000	1716	96.0	0.0559440559441
chr8	33400000	33500000	0	0.0	NA
chr8	33500000	33600000	0	0.0	NA
chr8	33600000	33700000	0	0.0	NA
chr8	33700000	33800000	0	0.0	NA
chr8	33800000	33900000	0	0.0	NA
chr8	33900000	34000000	69082	3800.0	0.0550070930199
chr8	34000000	34100000	34987	2088.0	0.0596793094578
chr8	34100000	34200000	0	0.0	NA
chr8	34200000	34300000	59210	3465.0	0.0585205201824
chr8	34300000	34400000	73501	4523.0	0.0615365777336
chr8	34400000	34500000	68410	4387.0	0.0641280514545
chr8	34500000	34600000	77187	4873.0	0.0631323927604
chr8	34600000	34700000	26931	1682.0	0.0624559058334
chr8	34700000	34800000	51892	3389.0	0.0653087181068
chr8	34800000	34900000	69632	4368.0	0.0627297794118
chr8	34900000	35000000	67197	4290.0	0.0638421358096
chr8	35000000	35100000	63186	3952.0	0.0625455005856
chr8	35100000	35200000	0	0.0	NA
chr8	35200000	35300000	0	0.0	NA
chr8	35300000	35400000	0	0.0	NA
chr8	35400000	35500000	0	0.0	NA
chr8	35500000	35600000	0	0.0	NA
chr8	35600000	35700000	19465	1145.0	0.0588235294118
chr8	35700000	35800000	8637	500.0	0.0578904712284
chr8	35800000	35900000	3059	185.0	0.0604772801569
chr8	35900000	36000000	22921	1501.0	0.0654857990489
chr8	36000000	36100000	69464	4385.0	0.0631262236554
chr8	36100000	36200000	43817	2746.0	0.0626697400552
chr8	36200000	36300000	64766	3972.0	0.061328474817
chr8	36300000	36400000	44632	2722.0	0.0609876321921
chr8	36400000	36500000	0	0.0	NA
chr8	36500000	36600000	0	0.0	NA
chr8	36600000	36700000	0	0.0	NA
chr8	36700000	36800000	0	0.0	NA
chr8	36800000	36900000	86379	5040.0	0.058347515021
chr8	36900000	37000000	68510	3942.0	0.0575390453948
chr8	37000000	37100000	84575	4863.0	0.0574992610109
chr8	37100000	37200000	60284	3320.0	0.0550726560945
chr8	37200000	37300000	45879	2496.0	0.0544039756751
chr8	37300000	37400000	0	0.0	NA
chr8	37400000	37500000	9797	662.0	0.0675717056242
chr8	37500000	37600000	1079	55.0	0.0509731232623
chr8	37600000	37700000	0	0.0	NA
chr8	37700000	37800000	1770	87.0	0.0491525423729
chr8	37800000	37900000	13308	920.0	0.0691313495642
chr8	37900000	38000000	2201	116.0	0.0527033166742
chr8	38000000	38100000	0	0.0	NA
chr8	38100000	38200000	0	0.0	NA
chr8	38200000	38300000	0	0.0	NA
chr8	38300000	38400000	6395	347.0	0.0542611415168
chr8	38400000	38500000	39687	2137.0	0.0538463476705
chr8	38500000	38600000	42719	2241.0	0.0524590931436
chr8	38600000	38700000	0	0.0	NA
chr8	38700000	38800000	16859	1046.0	0.0620440121004
chr8	38800000	38900000	0	0.0	NA
chr8	38900000	39000000	0	0.0	NA
chr8	39000000	39100000	0	0.0	NA
chr8	39100000	39200000	8591	501.0	0.058316843208
chr8	39200000	39300000	2182	137.0	0.0627864344638
chr8	39300000	39400000	1888	102.0	0.0540254237288
chr8	39400000	39500000	448	29.0	0.0647321428571
chr8	39500000	39600000	0	0.0	NA
chr8	39600000	39700000	0	0.0	NA
chr8	39700000	39800000	19275	1318.0	0.0683787289235
chr8	39800000	39900000	10492	689.0	0.0656690812047
chr8	39900000	40000000	27057	1720.0	0.0635695014229
chr8	40000000	40100000	48182	2845.0	0.0590469469927
chr8	40100000	40200000	29971	1800.0	0.0600580561209
chr8	40200000	40300000	23929	1510.0	0.0631033474027
chr8	40300000	40400000	51461	3429.0	0.0666329842016
chr8	40400000	40500000	0	0.0	NA
chr8	40500000	40600000	0	0.0	NA
chr8	40600000	40700000	0	0.0	NA
chr8	40700000	40800000	22044	1430.0	0.064870259481
chr8	40800000	40900000	62301	4134.0	0.0663552751962
chr8	40900000	41000000	52103	3521.0	0.067577682667
chr8	41000000	41100000	74916	4847.0	0.0646991296919
chr8	41100000	41200000	26102	1690.0	0.0647459964754
chr8	41200000	41300000	49413	2675.0	0.0541355513731
chr8	41300000	41400000	22132	1251.0	0.0565244894271
chr8	41400000	41500000	57	8.0	0.140350877193
chr8	41500000	41600000	0	0.0	NA
chr8	41600000	41700000	0	0.0	NA
chr8	41700000	41800000	9650	649.0	0.0672538860104
chr8	41800000	41900000	0	0.0	NA
chr8	41900000	42000000	9282	547.0	0.0589312648136
chr8	42000000	42100000	0	0.0	NA
chr8	42100000	42200000	0	0.0	NA
chr8	42200000	42300000	0	0.0	NA
chr8	42300000	42400000	0	0.0	NA
chr8	42400000	42500000	38182	2277.0	0.0596354303075
chr8	42500000	42600000	26343	1576.0	0.0598261397715
chr8	42600000	42700000	18179	1060.0	0.0583090379009
chr8	42700000	42800000	0	0.0	NA
chr8	42800000	42900000	0	0.0	NA
chr8	42900000	43000000	0	0.0	NA
chr8	43000000	43100000	8558	512.0	0.0598270623978
chr8	43100000	43200000	8537	582.0	0.0681738315568
chr8	43200000	43300000	9193	1049.0	0.114108560862
chr8	43300000	43400000	22700	3227.0	0.142158590308
chr8	43400000	43500000	0	0.0	NA
chr8	43500000	43600000	0	0.0	NA
chr8	43600000	43700000	0	0.0	NA
chr8	43700000	43800000	0	0.0	NA
chr8	43800000	43900000	0	0.0	NA
chr8	43900000	44000000	0	0.0	NA
chr8	44000000	44100000	0	0.0	NA
chr8	44100000	44200000	0	0.0	NA
chr8	44200000	44300000	0	0.0	NA
chr8	44300000	44400000	0	0.0	NA
chr8	44400000	44500000	0	0.0	NA
chr8	44500000	44600000	0	0.0	NA
chr8	44600000	44700000	0	0.0	NA
chr8	44700000	44800000	0	0.0	NA
chr8	44800000	44900000	0	0.0	NA
chr8	44900000	45000000	0	0.0	NA
chr8	45000000	45100000	0	0.0	NA
chr8	45100000	45200000	0	0.0	NA
chr8	45200000	45300000	0	0.0	NA
chr8	45300000	45400000	0	0.0	NA
chr8	45400000	45500000	0	0.0	NA
chr8	45500000	45600000	0	0.0	NA
chr8	45600000	45700000	0	0.0	NA
chr8	45700000	45800000	0	0.0	NA
chr8	45800000	45900000	0	0.0	NA
chr8	45900000	46000000	0	0.0	NA
chr8	46000000	46100000	0	0.0	NA
chr8	46100000	46200000	0	0.0	NA
chr8	46200000	46300000	0	0.0	NA
chr8	46300000	46400000	0	0.0	NA
chr8	46400000	46500000	0	0.0	NA
chr8	46500000	46600000	0	0.0	NA
chr8	46600000	46700000	0	0.0	NA
chr8	46700000	46800000	0	0.0	NA
chr8	46800000	46900000	0	0.0	NA
chr8	46900000	47000000	0	0.0	NA
chr8	47000000	47100000	0	0.0	NA
chr8	47100000	47200000	0	0.0	NA
chr8	47200000	47300000	0	0.0	NA
chr8	47300000	47400000	0	0.0	NA
chr8	47400000	47500000	12951	1229.0	0.0948961470157
chr8	47500000	47600000	27436	3127.0	0.113974340283
chr8	47600000	47700000	29118	2232.0	0.0766536163198
chr8	47700000	47800000	35576	2445.0	0.0687261074882
chr8	47800000	47900000	38702	2477.0	0.064001860369
chr8	47900000	48000000	43990	2442.0	0.0555126165038
chr8	48000000	48100000	8345	443.0	0.0530856800479
chr8	48100000	48200000	17332	919.0	0.0530233094853
chr8	48200000	48300000	0	0.0	NA
chr8	48300000	48400000	0	0.0	NA
chr8	48400000	48500000	0	0.0	NA
chr8	48500000	48600000	0	0.0	NA
chr8	48600000	48700000	0	0.0	NA
chr8	48700000	48800000	0	0.0	NA
chr8	48800000	48900000	0	0.0	NA
chr8	48900000	49000000	8051	418.0	0.0519190162713
chr8	49000000	49100000	63952	3855.0	0.0602795846885
chr8	49100000	49200000	57678	3511.0	0.0608724296959
chr8	49200000	49300000	42496	2460.0	0.0578878012048
chr8	49300000	49400000	50492	2947.0	0.0583656816921
chr8	49400000	49500000	19704	1108.0	0.0562322371092
chr8	49500000	49600000	0	0.0	NA
chr8	49600000	49700000	32049	1859.0	0.058004929951
chr8	49700000	49800000	83720	5155.0	0.0615742952699
chr8	49800000	49900000	50924	3174.0	0.0623281753201
chr8	49900000	50000000	36101	2443.0	0.0676712556439
chr8	50000000	50100000	42290	2718.0	0.0642705131237
chr8	50100000	50200000	35914	2320.0	0.0645987637133
chr8	50200000	50300000	66138	4199.0	0.0634884635157
chr8	50300000	50400000	34323	2282.0	0.066486029776
chr8	50400000	50500000	18559	1252.0	0.0674605312786
chr8	50500000	50600000	74496	5043.0	0.0676949097938
chr8	50600000	50700000	73878	5166.0	0.0699260943718
chr8	50700000	50800000	52205	3558.0	0.0681543913418
chr8	50800000	50900000	1735	109.0	0.0628242074928
chr8	50900000	51000000	0	0.0	NA
chr8	51000000	51100000	0	0.0	NA
chr8	51100000	51200000	0	0.0	NA
chr8	51200000	51300000	0	0.0	NA
chr8	51300000	51400000	0	0.0	NA
chr8	51400000	51500000	0	0.0	NA
chr8	51500000	51600000	0	0.0	NA
chr8	51600000	51700000	0	0.0	NA
chr8	51700000	51800000	64060	4354.0	0.0679675304402
chr8	51800000	51900000	75159	5233.0	0.0696257267925
chr8	51900000	52000000	57157	3957.0	0.0692303654845
chr8	52000000	52100000	75395	5186.0	0.0687844021487
chr8	52100000	52200000	42380	2821.0	0.0665644171779
chr8	52200000	52300000	0	0.0	NA
chr8	52300000	52400000	0	0.0	NA
chr8	52400000	52500000	0	0.0	NA
chr8	52500000	52600000	0	0.0	NA
chr8	52600000	52700000	0	0.0	NA
chr8	52700000	52800000	0	0.0	NA
chr8	52800000	52900000	0	0.0	NA
chr8	52900000	53000000	33746	1975.0	0.0585254548687
chr8	53000000	53100000	8048	558.0	0.0693339960239
chr8	53100000	53200000	0	0.0	NA
chr8	53200000	53300000	0	0.0	NA
chr8	53300000	53400000	50441	3255.0	0.0645308380088
chr8	53400000	53500000	33283	2026.0	0.0608719165941
chr8	53500000	53600000	20032	1101.0	0.0549620607029
chr8	53600000	53700000	40983	2438.0	0.0594880804236
chr8	53700000	53800000	57282	3597.0	0.0627945951608
chr8	53800000	53900000	51318	3128.0	0.0609532717565
chr8	53900000	54000000	33055	2177.0	0.065859930419
chr8	54000000	54100000	55435	3517.0	0.0634436727699
chr8	54100000	54200000	21380	1285.0	0.0601028999065
chr8	54200000	54300000	59306	3496.0	0.0589485043672
chr8	54300000	54400000	46350	2807.0	0.0605609492988
chr8	54400000	54500000	50703	3156.0	0.0622448375836
chr8	54500000	54600000	58002	3574.0	0.0616185648771
chr8	54600000	54700000	8941	566.0	0.0633038809977
chr8	54700000	54800000	0	0.0	NA
chr8	54800000	54900000	0	0.0	NA
chr8	54900000	55000000	0	0.0	NA
chr8	55000000	55100000	19777	1055.0	0.0533447944582
chr8	55100000	55200000	69462	3848.0	0.055397195589
chr8	55200000	55300000	61984	3591.0	0.0579343056273
chr8	55300000	55400000	42113	2356.0	0.0559447201577
chr8	55400000	55500000	43798	2496.0	0.0569889036029
chr8	55500000	55600000	0	0.0	NA
chr8	55600000	55700000	0	0.0	NA
chr8	55700000	55800000	3433	202.0	0.0588406641421
chr8	55800000	55900000	71790	4364.0	0.0607884106422
chr8	55900000	56000000	69978	4233.0	0.0604904398525
chr8	56000000	56100000	4392	242.0	0.0551001821494
chr8	56100000	56200000	0	0.0	NA
chr8	56200000	56300000	0	0.0	NA
chr8	56300000	56400000	0	0.0	NA
chr8	56400000	56500000	23689	1467.0	0.061927476888
chr8	56500000	56600000	51655	3296.0	0.0638079566354
chr8	56600000	56700000	13887	852.0	0.0613523439188
chr8	56700000	56800000	18827	1083.0	0.0575237690551
chr8	56800000	56900000	0	0.0	NA
chr8	56900000	57000000	15383	974.0	0.0633166482481
chr8	57000000	57100000	14391	781.0	0.0542700298798
chr8	57100000	57200000	32830	1786.0	0.0544014620774
chr8	57200000	57300000	9333	607.0	0.0650380370728
chr8	57300000	57400000	13105	824.0	0.0628767645937
chr8	57400000	57500000	15450	892.0	0.0577346278317
chr8	57500000	57600000	51591	3067.0	0.059448353395
chr8	57600000	57700000	86914	5046.0	0.0580573900637
chr8	57700000	57800000	66890	4010.0	0.0599491702796
chr8	57800000	57900000	34935	2058.0	0.0589094031773
chr8	57900000	58000000	60820	3554.0	0.0584347254193
chr8	58000000	58100000	21006	1247.0	0.0593639912406
chr8	58100000	58200000	0	0.0	NA
chr8	58200000	58300000	27056	1861.0	0.0687832643406
chr8	58300000	58400000	77645	5118.0	0.06591538412
chr8	58400000	58500000	13235	808.0	0.061050245561
chr8	58500000	58600000	0	0.0	NA
chr8	58600000	58700000	0	0.0	NA
chr8	58700000	58800000	54922	3485.0	0.0634536251411
chr8	58800000	58900000	54213	3269.0	0.0602991902311
chr8	58900000	59000000	0	0.0	NA
chr8	59000000	59100000	21728	1256.0	0.0578055964654
chr8	59100000	59200000	51675	3106.0	0.0601064344461
chr8	59200000	59300000	65799	3840.0	0.0583595495372
chr8	59300000	59400000	25356	1478.0	0.0582899510964
chr8	59400000	59500000	21881	1240.0	0.0566701704675
chr8	59500000	59600000	8463	487.0	0.0575446059317
chr8	59600000	59700000	69697	4151.0	0.0595578001923
chr8	59700000	59800000	7008	423.0	0.0603595890411
chr8	59800000	59900000	0	0.0	NA
chr8	59900000	60000000	0	0.0	NA
chr8	60000000	60100000	30642	1829.0	0.0596893153188
chr8	60100000	60200000	87411	5205.0	0.0595462813605
chr8	60200000	60300000	80515	4677.0	0.0580885549277
chr8	60300000	60400000	54685	3352.0	0.0612965164122
chr8	60400000	60500000	36156	2168.0	0.0599623852196
chr8	60500000	60600000	56121	3059.0	0.0545072254593
chr8	60600000	60700000	78151	5076.0	0.0649511842459
chr8	60700000	60800000	68687	4393.0	0.0639567894944
chr8	60800000	60900000	71601	4070.0	0.0568427815254
chr8	60900000	61000000	38818	2252.0	0.0580143232521
chr8	61000000	61100000	61655	3611.0	0.0585678371584
chr8	61100000	61200000	0	0.0	NA
chr8	61200000	61300000	54256	3164.0	0.0583161309348
chr8	61300000	61400000	0	0.0	NA
chr8	61400000	61500000	0	0.0	NA
chr8	61500000	61600000	0	0.0	NA
chr8	61600000	61700000	0	0.0	NA
chr8	61700000	61800000	2622	116.0	0.044241037376
chr8	61800000	61900000	18176	987.0	0.0543023767606
chr8	61900000	62000000	79978	4381.0	0.0547775638301
chr8	62000000	62100000	74077	4295.0	0.0579802097817
chr8	62100000	62200000	39736	2637.0	0.0663629957721
chr8	62200000	62300000	0	0.0	NA
chr8	62300000	62400000	0	0.0	NA
chr8	62400000	62500000	0	0.0	NA
chr8	62500000	62600000	0	0.0	NA
chr8	62600000	62700000	20777	1279.0	0.0615584540598
chr8	62700000	62800000	0	0.0	NA
chr8	62800000	62900000	70071	4601.0	0.065661971429
chr8	62900000	63000000	69951	4510.0	0.0644737030207
chr8	63000000	63100000	73780	4625.0	0.0626863648685
chr8	63100000	63200000	38251	2702.0	0.070638676113
chr8	63200000	63300000	0	0.0	NA
chr8	63300000	63400000	0	0.0	NA
chr8	63400000	63500000	0	0.0	NA
chr8	63500000	63600000	0	0.0	NA
chr8	63600000	63700000	0	0.0	NA
chr8	63700000	63800000	0	0.0	NA
chr8	63800000	63900000	0	0.0	NA
chr8	63900000	64000000	0	0.0	NA
chr8	64000000	64100000	26154	1576.0	0.0602584690678
chr8	64100000	64200000	33587	1963.0	0.0584452317861
chr8	64200000	64300000	66397	3905.0	0.0588128981731
chr8	64300000	64400000	0	0.0	NA
chr8	64400000	64500000	57592	3289.0	0.0571086261981
chr8	64500000	64600000	51480	2847.0	0.055303030303
chr8	64600000	64700000	0	0.0	NA
chr8	64700000	64800000	0	0.0	NA
chr8	64800000	64900000	0	0.0	NA
chr8	64900000	65000000	0	0.0	NA
chr8	65000000	65100000	0	0.0	NA
chr8	65100000	65200000	0	0.0	NA
chr8	65200000	65300000	0	0.0	NA
chr8	65300000	65400000	73019	4451.0	0.0609567372876
chr8	65400000	65500000	55611	3306.0	0.0594486702271
chr8	65500000	65600000	0	0.0	NA
chr8	65600000	65700000	0	0.0	NA
chr8	65700000	65800000	51319	2945.0	0.0573861532766
chr8	65800000	65900000	65714	3860.0	0.0587393858234
chr8	65900000	66000000	82907	4476.0	0.0539882036499
chr8	66000000	66100000	37690	2140.0	0.0567789864686
chr8	66100000	66200000	85032	4477.0	0.0526507667702
chr8	66200000	66300000	77455	4298.0	0.0554902846814
chr8	66300000	66400000	70162	3631.0	0.051751660443
chr8	66400000	66500000	26716	1499.0	0.056108698907
chr8	66500000	66600000	0	0.0	NA
chr8	66600000	66700000	0	0.0	NA
chr8	66700000	66800000	22282	1325.0	0.059465039045
chr8	66800000	66900000	71241	4245.0	0.0595864740809
chr8	66900000	67000000	12623	721.0	0.0571179592807
chr8	67000000	67100000	0	0.0	NA
chr8	67100000	67200000	58456	3349.0	0.0572909538798
chr8	67200000	67300000	80486	4249.0	0.0527917898765
chr8	67300000	67400000	20326	1095.0	0.053871888222
chr8	67400000	67500000	15220	935.0	0.061432325887
chr8	67500000	67600000	0	0.0	NA
chr8	67600000	67700000	0	0.0	NA
chr8	67700000	67800000	0	0.0	NA
chr8	67800000	67900000	0	0.0	NA
chr8	67900000	68000000	0	0.0	NA
chr8	68000000	68100000	0	0.0	NA
chr8	68100000	68200000	0	0.0	NA
chr8	68200000	68300000	0	0.0	NA
chr8	68300000	68400000	0	0.0	NA
chr8	68400000	68500000	0	0.0	NA
chr8	68500000	68600000	0	0.0	NA
chr8	68600000	68700000	25684	1487.0	0.0578959663604
chr8	68700000	68800000	81045	4648.0	0.0573508544636
chr8	68800000	68900000	34616	1868.0	0.0539634850936
chr8	68900000	69000000	0	0.0	NA
chr8	69000000	69100000	0	0.0	NA
chr8	69100000	69200000	25363	1435.0	0.0565784804637
chr8	69200000	69300000	3259	210.0	0.0644369438478
chr8	69300000	69400000	0	0.0	NA
chr8	69400000	69500000	0	0.0	NA
chr8	69500000	69600000	0	0.0	NA
chr8	69600000	69700000	0	0.0	NA
chr8	69700000	69800000	31735	1991.0	0.0627383015598
chr8	69800000	69900000	9773	758.0	0.0775606262151
chr8	69900000	70000000	0	0.0	NA
chr8	70000000	70100000	14501	886.0	0.0610992345355
chr8	70100000	70200000	74047	4264.0	0.0575850473348
chr8	70200000	70300000	71406	4368.0	0.0611713301403
chr8	70300000	70400000	22728	1164.0	0.0512143611404
chr8	70400000	70500000	0	0.0	NA
chr8	70500000	70600000	0	0.0	NA
chr8	70600000	70700000	0	0.0	NA
chr8	70700000	70800000	13882	849.0	0.0611583345339
chr8	70800000	70900000	24314	1508.0	0.0620218803981
chr8	70900000	71000000	12276	723.0	0.0588954056696
chr8	71000000	71100000	3652	244.0	0.0668127053669
chr8	71100000	71200000	0	0.0	NA
chr8	71200000	71300000	0	0.0	NA
chr8	71300000	71400000	36274	1887.0	0.0520207311022
chr8	71400000	71500000	43536	2489.0	0.05717107681
chr8	71500000	71600000	0	0.0	NA
chr8	71600000	71700000	13621	871.0	0.0639453784597
chr8	71700000	71800000	58839	3364.0	0.0571729635106
chr8	71800000	71900000	64476	3592.0	0.0557106520256
chr8	71900000	72000000	83361	4453.0	0.053418265136
chr8	72000000	72100000	49879	2628.0	0.0526875037591
chr8	72100000	72200000	0	0.0	NA
chr8	72200000	72300000	0	0.0	NA
chr8	72300000	72400000	0	0.0	NA
chr8	72400000	72500000	20721	1056.0	0.0509627913711
chr8	72500000	72600000	68281	3892.0	0.0569997510288
chr8	72600000	72700000	11953	654.0	0.0547142976659
chr8	72700000	72800000	2546	131.0	0.0514532600157
chr8	72800000	72900000	0	0.0	NA
chr8	72900000	73000000	0	0.0	NA
chr8	73000000	73100000	39595	2827.0	0.0713979037757
chr8	73100000	73200000	10383	816.0	0.0785900028893
chr8	73200000	73300000	43852	2799.0	0.063828331661
chr8	73300000	73400000	49251	3016.0	0.0612373352825
chr8	73400000	73500000	29761	1814.0	0.0609522529485
chr8	73500000	73600000	0	0.0	NA
chr8	73600000	73700000	0	0.0	NA
chr8	73700000	73800000	0	0.0	NA
chr8	73800000	73900000	21168	1182.0	0.0558390022676
chr8	73900000	74000000	6448	373.0	0.0578473945409
chr8	74000000	74100000	68584	3949.0	0.0575790271784
chr8	74100000	74200000	40653	2314.0	0.056920768455
chr8	74200000	74300000	7579	421.0	0.0555482253595
chr8	74300000	74400000	15798	888.0	0.0562096467907
chr8	74400000	74500000	0	0.0	NA
chr8	74500000	74600000	0	0.0	NA
chr8	74600000	74700000	0	0.0	NA
chr8	74700000	74800000	0	0.0	NA
chr8	74800000	74900000	12607	675.0	0.0535416831919
chr8	74900000	75000000	0	0.0	NA
chr8	75000000	75100000	46500	2776.0	0.0596989247312
chr8	75100000	75200000	5664	332.0	0.058615819209
chr8	75200000	75300000	5986	358.0	0.0598062145005
chr8	75300000	75400000	66211	3532.0	0.0533446104122
chr8	75400000	75500000	52806	2951.0	0.0558838010832
chr8	75500000	75600000	1406	76.0	0.0540540540541
chr8	75600000	75700000	0	0.0	NA
chr8	75700000	75800000	4074	274.0	0.0672557682867
chr8	75800000	75900000	52161	3298.0	0.0632273154272
chr8	75900000	76000000	30524	1997.0	0.0654239287118
chr8	76000000	76100000	57146	3463.0	0.0605991670458
chr8	76100000	76200000	18053	1231.0	0.068188112779
chr8	76200000	76300000	61734	3868.0	0.0626559108433
chr8	76300000	76400000	7725	496.0	0.0642071197411
chr8	76400000	76500000	8682	556.0	0.0640405436535
chr8	76500000	76600000	51734	3201.0	0.061874202652
chr8	76600000	76700000	70993	4279.0	0.0602735480963
chr8	76700000	76800000	66781	4057.0	0.0607508123568
chr8	76800000	76900000	60229	3573.0	0.0593235816633
chr8	76900000	77000000	76697	4714.0	0.0614626386951
chr8	77000000	77100000	74030	4601.0	0.0621504795353
chr8	77100000	77200000	68590	4108.0	0.0598921125529
chr8	77200000	77300000	69930	4425.0	0.0632775632776
chr8	77300000	77400000	5472	399.0	0.0729166666667
chr8	77400000	77500000	22990	1422.0	0.0618529795563
chr8	77500000	77600000	9258	580.0	0.0626485201987
chr8	77600000	77700000	0	0.0	NA
chr8	77700000	77800000	10061	594.0	0.0590398568731
chr8	77800000	77900000	31093	1785.0	0.0574084199016
chr8	77900000	78000000	52421	3193.0	0.0609107037256
chr8	78000000	78100000	79362	4723.0	0.0595121090698
chr8	78100000	78200000	73333	4680.0	0.0638184719021
chr8	78200000	78300000	66891	4651.0	0.0695310280905
chr8	78300000	78400000	910	59.0	0.0648351648352
chr8	78400000	78500000	20843	1486.0	0.0712949191575
chr8	78500000	78600000	85132	5502.0	0.064629046657
chr8	78600000	78700000	61277	3995.0	0.0651957504447
chr8	78700000	78800000	62100	4155.0	0.0669082125604
chr8	78800000	78900000	74844	4627.0	0.061821922933
chr8	78900000	79000000	77323	4426.0	0.0572404071234
chr8	79000000	79100000	53083	3177.0	0.0598496693857
chr8	79100000	79200000	82814	4958.0	0.0598691042577
chr8	79200000	79300000	77290	4674.0	0.0604735412084
chr8	79300000	79400000	7324	444.0	0.0606226105953
chr8	79400000	79500000	0	0.0	NA
chr8	79500000	79600000	23083	1442.0	0.0624702161764
chr8	79600000	79700000	0	0.0	NA
chr8	79700000	79800000	33308	1914.0	0.057463672391
chr8	79800000	79900000	67707	4396.0	0.0649268170204
chr8	79900000	80000000	80730	5060.0	0.0626780626781
chr8	80000000	80100000	57001	3672.0	0.0644199224575
chr8	80100000	80200000	69640	4171.0	0.0598937392303
chr8	80200000	80300000	48337	2895.0	0.0598920081925
chr8	80300000	80400000	83835	5086.0	0.0606667859486
chr8	80400000	80500000	72051	4493.0	0.0623586070978
chr8	80500000	80600000	17819	985.0	0.055278073966
chr8	80600000	80700000	51646	2805.0	0.0543120473996
chr8	80700000	80800000	4734	246.0	0.0519645120406
chr8	80800000	80900000	17548	874.0	0.049806245726
chr8	80900000	81000000	0	0.0	NA
chr8	81000000	81100000	4700	282.0	0.06
chr8	81100000	81200000	13824	808.0	0.0584490740741
chr8	81200000	81300000	0	0.0	NA
chr8	81300000	81400000	0	0.0	NA
chr8	81400000	81500000	13502	668.0	0.0494741519775
chr8	81500000	81600000	4932	260.0	0.0527169505272
chr8	81600000	81700000	0	0.0	NA
chr8	81700000	81800000	564	20.0	0.0354609929078
chr8	81800000	81900000	51199	2774.0	0.0541807457177
chr8	81900000	82000000	0	0.0	NA
chr8	82000000	82100000	30583	1754.0	0.0573521237289
chr8	82100000	82200000	52776	2846.0	0.053926026982
chr8	82200000	82300000	73257	4188.0	0.0571685982227
chr8	82300000	82400000	32476	1897.0	0.0584123660549
chr8	82400000	82500000	28428	1639.0	0.0576544252146
chr8	82500000	82600000	41522	2584.0	0.0622320697462
chr8	82600000	82700000	4830	297.0	0.0614906832298
chr8	82700000	82800000	15626	776.0	0.0496608217074
chr8	82800000	82900000	42873	2386.0	0.0556527418189
chr8	82900000	83000000	79829	4603.0	0.0576607498528
chr8	83000000	83100000	14369	845.0	0.0588071542905
chr8	83100000	83200000	71462	4210.0	0.0589124289832
chr8	83200000	83300000	64584	3957.0	0.0612690449647
chr8	83300000	83400000	63880	4053.0	0.0634470882905
chr8	83400000	83500000	14056	935.0	0.0665196357427
chr8	83500000	83600000	579	45.0	0.0777202072539
chr8	83600000	83700000	83327	5637.0	0.0676491413347
chr8	83700000	83800000	54999	3621.0	0.0658375606829
chr8	83800000	83900000	14073	885.0	0.062886378171
chr8	83900000	84000000	73436	4773.0	0.0649953701182
chr8	84000000	84100000	81798	5501.0	0.0672510330326
chr8	84100000	84200000	61412	4119.0	0.0670715821012
chr8	84200000	84300000	73702	5228.0	0.070934303004
chr8	84300000	84400000	56382	3560.0	0.0631407186691
chr8	84400000	84500000	71972	4833.0	0.0671511143222
chr8	84500000	84600000	73065	5249.0	0.071840142339
chr8	84600000	84700000	68486	4692.0	0.0685103524808
chr8	84700000	84800000	70343	4705.0	0.0668865416602
chr8	84800000	84900000	6806	509.0	0.0747869526888
chr8	84900000	85000000	0	0.0	NA
chr8	85000000	85100000	18134	1096.0	0.0604389544502
chr8	85100000	85200000	0	0.0	NA
chr8	85200000	85300000	0	0.0	NA
chr8	85300000	85400000	0	0.0	NA
chr8	85400000	85500000	0	0.0	NA
chr8	85500000	85600000	0	0.0	NA
chr8	85600000	85700000	0	0.0	NA
chr8	85700000	85800000	0	0.0	NA
chr8	85800000	85900000	39679	2412.0	0.0607878222737
chr8	85900000	86000000	66744	3876.0	0.0580726357425
chr8	86000000	86100000	10161	567.0	0.0558015943313
chr8	86100000	86200000	0	0.0	NA
chr8	86200000	86300000	0	0.0	NA
chr8	86300000	86400000	0	0.0	NA
chr8	86400000	86500000	41139	2527.0	0.0614258975668
chr8	86500000	86600000	41667	2903.0	0.0696714426285
chr8	86600000	86700000	0	0.0	NA
chr8	86700000	86800000	0	0.0	NA
chr8	86800000	86900000	0	0.0	NA
chr8	86900000	87000000	23351	1488.0	0.0637231810201
chr8	87000000	87100000	49891	3031.0	0.0607524403199
chr8	87100000	87200000	4406	305.0	0.0692237857467
chr8	87200000	87300000	39191	2433.0	0.0620805797249
chr8	87300000	87400000	24291	1507.0	0.0620394384752
chr8	87400000	87500000	0	0.0	NA
chr8	87500000	87600000	0	0.0	NA
chr8	87600000	87700000	0	0.0	NA
chr8	87700000	87800000	0	0.0	NA
chr8	87800000	87900000	24001	1401.0	0.0583725678097
chr8	87900000	88000000	0	0.0	NA
chr8	88000000	88100000	0	0.0	NA
chr8	88100000	88200000	0	0.0	NA
chr8	88200000	88300000	0	0.0	NA
chr8	88300000	88400000	0	0.0	NA
chr8	88400000	88500000	64530	4006.0	0.0620796528746
chr8	88500000	88600000	39688	2502.0	0.0630417254586
chr8	88600000	88700000	0	0.0	NA
chr8	88700000	88800000	16197	933.0	0.0576032598629
chr8	88800000	88900000	44439	2411.0	0.0542541461329
chr8	88900000	89000000	62998	3585.0	0.0569065684625
chr8	89000000	89100000	0	0.0	NA
chr8	89100000	89200000	0	0.0	NA
chr8	89200000	89300000	0	0.0	NA
chr8	89300000	89400000	0	0.0	NA
chr8	89400000	89500000	0	0.0	NA
chr8	89500000	89600000	0	0.0	NA
chr8	89600000	89700000	0	0.0	NA
chr8	89700000	89800000	20007	1221.0	0.061028639976
chr8	89800000	89900000	57284	3532.0	0.0616577054675
chr8	89900000	90000000	75392	4542.0	0.0602451188455
chr8	90000000	90100000	74880	4667.0	0.0623263888889
chr8	90100000	90200000	66452	4331.0	0.0651748630591
chr8	90200000	90300000	72447	4373.0	0.0603613676205
chr8	90300000	90400000	73943	4154.0	0.0561784076924
chr8	90400000	90500000	72762	4260.0	0.0585470437866
chr8	90500000	90600000	64160	3744.0	0.0583541147132
chr8	90600000	90700000	7731	416.0	0.0538093390247
chr8	90700000	90800000	0	0.0	NA
chr8	90800000	90900000	62098	3422.0	0.055106444652
chr8	90900000	91000000	2351	115.0	0.048915355168
chr8	91000000	91100000	0	0.0	NA
chr8	91100000	91200000	73170	4041.0	0.0552275522755
chr8	91200000	91300000	15205	898.0	0.0590595198948
chr8	91300000	91400000	0	0.0	NA
chr8	91400000	91500000	45932	2715.0	0.0591091178264
chr8	91500000	91600000	7896	506.0	0.0640830800405
chr8	91600000	91700000	0	0.0	NA
chr8	91700000	91800000	0	0.0	NA
chr8	91800000	91900000	0	0.0	NA
chr8	91900000	92000000	0	0.0	NA
chr8	92000000	92100000	0	0.0	NA
chr8	92100000	92200000	0	0.0	NA
chr8	92200000	92300000	0	0.0	NA
chr8	92300000	92400000	0	0.0	NA
chr8	92400000	92500000	51999	2915.0	0.056058770361
chr8	92500000	92600000	22693	1268.0	0.0558762614022
chr8	92600000	92700000	0	0.0	NA
chr8	92700000	92800000	0	0.0	NA
chr8	92800000	92900000	0	0.0	NA
chr8	92900000	93000000	20677	1155.0	0.0558591671906
chr8	93000000	93100000	0	0.0	NA
chr8	93100000	93200000	40992	2257.0	0.0550595238095
chr8	93200000	93300000	65901	3806.0	0.0577532966116
chr8	93300000	93400000	63480	3788.0	0.0596723377442
chr8	93400000	93500000	53646	2727.0	0.0508332401297
chr8	93500000	93600000	33218	1890.0	0.0568968631465
chr8	93600000	93700000	0	0.0	NA
chr8	93700000	93800000	147	4.0	0.0272108843537
chr8	93800000	93900000	0	0.0	NA
chr8	93900000	94000000	0	0.0	NA
chr8	94000000	94100000	35683	2230.0	0.062494745397
chr8	94100000	94200000	42917	2347.0	0.0546869538877
chr8	94200000	94300000	10109	539.0	0.0533188248096
chr8	94300000	94400000	0	0.0	NA
chr8	94400000	94500000	0	0.0	NA
chr8	94500000	94600000	0	0.0	NA
chr8	94600000	94700000	0	0.0	NA
chr8	94700000	94800000	0	0.0	NA
chr8	94800000	94900000	22230	1275.0	0.057354925776
chr8	94900000	95000000	28515	1530.0	0.0536559705418
chr8	95000000	95100000	73351	4232.0	0.0576951916129
chr8	95100000	95200000	2512	143.0	0.0569267515924
chr8	95200000	95300000	22417	1243.0	0.0554489896061
chr8	95300000	95400000	50865	2696.0	0.053003047282
chr8	95400000	95500000	0	0.0	NA
chr8	95500000	95600000	4194	234.0	0.0557939914163
chr8	95600000	95700000	15577	924.0	0.059318225589
chr8	95700000	95800000	0	0.0	NA
chr8	95800000	95900000	5463	304.0	0.0556470803588
chr8	95900000	96000000	0	0.0	NA
chr8	96000000	96100000	0	0.0	NA
chr8	96100000	96200000	33863	1812.0	0.0535097303842
chr8	96200000	96300000	4925	288.0	0.0584771573604
chr8	96300000	96400000	0	0.0	NA
chr8	96400000	96500000	0	0.0	NA
chr8	96500000	96600000	0	0.0	NA
chr8	96600000	96700000	0	0.0	NA
chr8	96700000	96800000	0	0.0	NA
chr8	96800000	96900000	53665	2813.0	0.0524177769496
chr8	96900000	97000000	50349	2612.0	0.0518778923117
chr8	97000000	97100000	50285	2731.0	0.0543104305459
chr8	97100000	97200000	43778	2328.0	0.0531773950386
chr8	97200000	97300000	17199	959.0	0.0557590557591
chr8	97300000	97400000	13263	747.0	0.0563220990726
chr8	97400000	97500000	49201	2644.0	0.0537387451475
chr8	97500000	97600000	0	0.0	NA
chr8	97600000	97700000	10542	622.0	0.0590020868905
chr8	97700000	97800000	0	0.0	NA
chr8	97800000	97900000	0	0.0	NA
chr8	97900000	98000000	0	0.0	NA
chr8	98000000	98100000	0	0.0	NA
chr8	98100000	98200000	0	0.0	NA
chr8	98200000	98300000	0	0.0	NA
chr8	98300000	98400000	0	0.0	NA
chr8	98400000	98500000	17673	1069.0	0.0604877496746
chr8	98500000	98600000	59337	3241.0	0.0546202200988
chr8	98600000	98700000	23906	1341.0	0.0560947042583
chr8	98700000	98800000	7357	462.0	0.0627973358706
chr8	98800000	98900000	0	0.0	NA
chr8	98900000	99000000	0	0.0	NA
chr8	99000000	99100000	0	0.0	NA
chr8	99100000	99200000	7098	414.0	0.0583262890955
chr8	99200000	99300000	0	0.0	NA
chr8	99300000	99400000	43392	2364.0	0.0544800884956
chr8	99400000	99500000	13393	808.0	0.0603300231464
chr8	99500000	99600000	0	0.0	NA
chr8	99600000	99700000	0	0.0	NA
chr8	99700000	99800000	0	0.0	NA
chr8	99800000	99900000	0	0.0	NA
chr8	99900000	100000000	7892	373.0	0.0472630511911
chr8	100000000	100100000	0	0.0	NA
chr8	100100000	100200000	0	0.0	NA
chr8	100200000	100300000	0	0.0	NA
chr8	100300000	100400000	0	0.0	NA
chr8	100400000	100500000	0	0.0	NA
chr8	100500000	100600000	0	0.0	NA
chr8	100600000	100700000	0	0.0	NA
chr8	100700000	100800000	0	0.0	NA
chr8	100800000	100900000	0	0.0	NA
chr8	100900000	101000000	24952	1304.0	0.0522603398525
chr8	101000000	101100000	0	0.0	NA
chr8	101100000	101200000	4205	206.0	0.0489892984542
chr8	101200000	101300000	0	0.0	NA
chr8	101300000	101400000	9207	465.0	0.0505050505051
chr8	101400000	101500000	18581	1096.0	0.0589849846618
chr8	101500000	101600000	0	0.0	NA
chr8	101600000	101700000	9759	571.0	0.0585100932473
chr8	101700000	101800000	11621	644.0	0.0554169176491
chr8	101800000	101900000	55055	3364.0	0.0611025338298
chr8	101900000	102000000	19692	1121.0	0.0569266707292
chr8	102000000	102100000	37907	2131.0	0.0562165299285
chr8	102100000	102200000	16450	978.0	0.059452887538
chr8	102200000	102300000	27995	1507.0	0.0538310412574
chr8	102300000	102400000	29505	1768.0	0.0599220471107
chr8	102400000	102500000	0	0.0	NA
chr8	102500000	102600000	0	0.0	NA
chr8	102600000	102700000	0	0.0	NA
chr8	102700000	102800000	0	0.0	NA
chr8	102800000	102900000	0	0.0	NA
chr8	102900000	103000000	0	0.0	NA
chr8	103000000	103100000	0	0.0	NA
chr8	103100000	103200000	41430	2325.0	0.0561187545257
chr8	103200000	103300000	2385	155.0	0.0649895178197
chr8	103300000	103400000	0	0.0	NA
chr8	103400000	103500000	26325	1484.0	0.0563722697056
chr8	103500000	103600000	33704	1997.0	0.0592511274626
chr8	103600000	103700000	35729	2224.0	0.0622463545019
chr8	103700000	103800000	51164	3001.0	0.0586545227113
chr8	103800000	103900000	7140	395.0	0.0553221288515
chr8	103900000	104000000	0	0.0	NA
chr8	104000000	104100000	0	0.0	NA
chr8	104100000	104200000	7462	448.0	0.0600375234522
chr8	104200000	104300000	0	0.0	NA
chr8	104300000	104400000	16360	910.0	0.0556234718826
chr8	104400000	104500000	932	43.0	0.0461373390558
chr8	104500000	104600000	0	0.0	NA
chr8	104600000	104700000	0	0.0	NA
chr8	104700000	104800000	0	0.0	NA
chr8	104800000	104900000	0	0.0	NA
chr8	104900000	105000000	0	0.0	NA
chr8	105000000	105100000	0	0.0	NA
chr8	105100000	105200000	0	0.0	NA
chr8	105200000	105300000	15540	944.0	0.0607464607465
chr8	105300000	105400000	29859	1761.0	0.0589771928062
chr8	105400000	105500000	0	0.0	NA
chr8	105500000	105600000	0	0.0	NA
chr8	105600000	105700000	52819	2885.0	0.0546204964123
chr8	105700000	105800000	40520	2291.0	0.0565399802567
chr8	105800000	105900000	85634	4591.0	0.0536118831305
chr8	105900000	106000000	82002	4413.0	0.0538157605912
chr8	106000000	106100000	81888	4582.0	0.0559544744041
chr8	106100000	106200000	33390	1772.0	0.0530697813717
chr8	106200000	106300000	62574	3730.0	0.0596094224438
chr8	106300000	106400000	15623	907.0	0.0580554310952
chr8	106400000	106500000	0	0.0	NA
chr8	106500000	106600000	0	0.0	NA
chr8	106600000	106700000	0	0.0	NA
chr8	106700000	106800000	0	0.0	NA
chr8	106800000	106900000	0	0.0	NA
chr8	106900000	107000000	0	0.0	NA
chr8	107000000	107100000	14412	823.0	0.0571051901193
chr8	107100000	107200000	75316	4476.0	0.0594296032715
chr8	107200000	107300000	55237	3413.0	0.0617882940782
chr8	107300000	107400000	0	0.0	NA
chr8	107400000	107500000	0	0.0	NA
chr8	107500000	107600000	0	0.0	NA
chr8	107600000	107700000	0	0.0	NA
chr8	107700000	107800000	6018	355.0	0.0589896975739
chr8	107800000	107900000	71667	4340.0	0.0605578578704
chr8	107900000	108000000	84718	5240.0	0.0618522628013
chr8	108000000	108100000	65637	3800.0	0.0578941755412
chr8	108100000	108200000	85585	5056.0	0.0590757726237
chr8	108200000	108300000	47612	2704.0	0.056792405276
chr8	108300000	108400000	0	0.0	NA
chr8	108400000	108500000	0	0.0	NA
chr8	108500000	108600000	40830	2411.0	0.0590497183444
chr8	108600000	108700000	57127	3481.0	0.0609344092986
chr8	108700000	108800000	78909	4347.0	0.0550887731437
chr8	108800000	108900000	69816	4081.0	0.0584536495932
chr8	108900000	109000000	0	0.0	NA
chr8	109000000	109100000	0	0.0	NA
chr8	109100000	109200000	58839	3435.0	0.0583796461531
chr8	109200000	109300000	28262	1421.0	0.0502795272804
chr8	109300000	109400000	71073	3915.0	0.0550842091934
chr8	109400000	109500000	35160	1799.0	0.0511660978385
chr8	109500000	109600000	49721	2741.0	0.0551276120754
chr8	109600000	109700000	0	0.0	NA
chr8	109700000	109800000	0	0.0	NA
chr8	109800000	109900000	50623	2851.0	0.0563182743022
chr8	109900000	110000000	0	0.0	NA
chr8	110000000	110100000	2100	122.0	0.0580952380952
chr8	110100000	110200000	46494	2670.0	0.0574267647438
chr8	110200000	110300000	26360	1419.0	0.0538315629742
chr8	110300000	110400000	0	0.0	NA
chr8	110400000	110500000	0	0.0	NA
chr8	110500000	110600000	0	0.0	NA
chr8	110600000	110700000	0	0.0	NA
chr8	110700000	110800000	63546	3931.0	0.0618606993359
chr8	110800000	110900000	55035	3126.0	0.0568002180431
chr8	110900000	111000000	45687	2768.0	0.0605861623657
chr8	111000000	111100000	69976	4509.0	0.0644363781868
chr8	111100000	111200000	81061	5129.0	0.0632733373632
chr8	111200000	111300000	69259	4402.0	0.0635585266897
chr8	111300000	111400000	51433	3210.0	0.0624112923609
chr8	111400000	111500000	63622	4015.0	0.0631071013172
chr8	111500000	111600000	80322	5217.0	0.0649510719355
chr8	111600000	111700000	43310	2809.0	0.0648580004618
chr8	111700000	111800000	59916	4094.0	0.0683289939248
chr8	111800000	111900000	76858	5314.0	0.069140492857
chr8	111900000	112000000	27283	1761.0	0.0645456877909
chr8	112000000	112100000	33509	2227.0	0.0664597570802
chr8	112100000	112200000	1066	84.0	0.078799249531
chr8	112200000	112300000	26733	1901.0	0.0711106123518
chr8	112300000	112400000	58035	3879.0	0.0668389764797
chr8	112400000	112500000	0	0.0	NA
chr8	112500000	112600000	0	0.0	NA
chr8	112600000	112700000	0	0.0	NA
chr8	112700000	112800000	18345	1156.0	0.063014445353
chr8	112800000	112900000	61679	3852.0	0.06245237439
chr8	112900000	113000000	70773	4563.0	0.0644737399856
chr8	113000000	113100000	71426	4617.0	0.0646403270518
chr8	113100000	113200000	57395	3673.0	0.0639951215263
chr8	113200000	113300000	14314	896.0	0.0625960598016
chr8	113300000	113400000	0	0.0	NA
chr8	113400000	113500000	0	0.0	NA
chr8	113500000	113600000	0	0.0	NA
chr8	113600000	113700000	0	0.0	NA
chr8	113700000	113800000	0	0.0	NA
chr8	113800000	113900000	0	0.0	NA
chr8	113900000	114000000	0	0.0	NA
chr8	114000000	114100000	0	0.0	NA
chr8	114100000	114200000	0	0.0	NA
chr8	114200000	114300000	0	0.0	NA
chr8	114300000	114400000	0	0.0	NA
chr8	114400000	114500000	33052	2245.0	0.0679232724192
chr8	114500000	114600000	71773	4755.0	0.0662505398966
chr8	114600000	114700000	48212	3175.0	0.0658549738654
chr8	114700000	114800000	77862	4973.0	0.0638694099818
chr8	114800000	114900000	73436	4998.0	0.0680592624871
chr8	114900000	115000000	60683	3966.0	0.0653560305193
chr8	115000000	115100000	63601	4201.0	0.0660524205594
chr8	115100000	115200000	71985	4715.0	0.0654997568938
chr8	115200000	115300000	59983	4037.0	0.0673024023473
chr8	115300000	115400000	50727	3427.0	0.0675577108838
chr8	115400000	115500000	75745	5141.0	0.0678724668295
chr8	115500000	115600000	71328	4608.0	0.064602960969
chr8	115600000	115700000	73074	4714.0	0.064509948819
chr8	115700000	115800000	77132	4869.0	0.0631255510035
chr8	115800000	115900000	85592	5382.0	0.062879708384
chr8	115900000	116000000	65731	4279.0	0.0650986596887
chr8	116000000	116100000	66617	4009.0	0.0601798339763
chr8	116100000	116200000	77911	4554.0	0.0584513098279
chr8	116200000	116300000	75490	4454.0	0.0590011922109
chr8	116300000	116400000	70552	4035.0	0.0571918584874
chr8	116400000	116500000	9034	477.0	0.0528005313261
chr8	116500000	116600000	0	0.0	NA
chr8	116600000	116700000	7516	442.0	0.0588078765301
chr8	116700000	116800000	81968	4890.0	0.0596574272887
chr8	116800000	116900000	80853	4608.0	0.0569923193945
chr8	116900000	117000000	47624	2695.0	0.0565891147321
chr8	117000000	117100000	0	0.0	NA
chr8	117100000	117200000	0	0.0	NA
chr8	117200000	117300000	0	0.0	NA
chr8	117300000	117400000	40181	2152.0	0.0535576516264
chr8	117400000	117500000	64232	3360.0	0.052310374891
chr8	117500000	117600000	82266	4433.0	0.0538861741181
chr8	117600000	117700000	35036	2113.0	0.0603093960498
chr8	117700000	117800000	0	0.0	NA
chr8	117800000	117900000	888	57.0	0.0641891891892
chr8	117900000	118000000	23781	1435.0	0.0603422900635
chr8	118000000	118100000	0	0.0	NA
chr8	118100000	118200000	932	52.0	0.0557939914163
chr8	118200000	118300000	83398	4624.0	0.0554449746996
chr8	118300000	118400000	69490	4090.0	0.0588573895525
chr8	118400000	118500000	72037	3963.0	0.0550133958938
chr8	118500000	118600000	45982	2693.0	0.0585663955461
chr8	118600000	118700000	86085	4798.0	0.0557356101528
chr8	118700000	118800000	78287	4403.0	0.0562417770511
chr8	118800000	118900000	0	0.0	NA
chr8	118900000	119000000	0	0.0	NA
chr8	119000000	119100000	0	0.0	NA
chr8	119100000	119200000	42308	2430.0	0.0574359459204
chr8	119200000	119300000	0	0.0	NA
chr8	119300000	119400000	0	0.0	NA
chr8	119400000	119500000	0	0.0	NA
chr8	119500000	119600000	0	0.0	NA
chr8	119600000	119700000	0	0.0	NA
chr8	119700000	119800000	11640	633.0	0.054381443299
chr8	119800000	119900000	73785	4227.0	0.0572880666802
chr8	119900000	120000000	15252	852.0	0.0558615263572
chr8	120000000	120100000	0	0.0	NA
chr8	120100000	120200000	26092	1532.0	0.0587153150391
chr8	120200000	120300000	23581	1483.0	0.0628896145202
chr8	120300000	120400000	38335	2222.0	0.057962697274
chr8	120400000	120500000	6055	385.0	0.0635838150289
chr8	120500000	120600000	42961	2477.0	0.0576569446707
chr8	120600000	120700000	3907	221.0	0.0565651394932
chr8	120700000	120800000	10266	627.0	0.0610753945061
chr8	120800000	120900000	0	0.0	NA
chr8	120900000	121000000	0	0.0	NA
chr8	121000000	121100000	15122	938.0	0.0620288321651
chr8	121100000	121200000	7008	420.0	0.0599315068493
chr8	121200000	121300000	0	0.0	NA
chr8	121300000	121400000	2116	126.0	0.0595463137996
chr8	121400000	121500000	0	0.0	NA
chr8	121500000	121600000	0	0.0	NA
chr8	121600000	121700000	0	0.0	NA
chr8	121700000	121800000	0	0.0	NA
chr8	121800000	121900000	49208	2978.0	0.0605186148594
chr8	121900000	122000000	8925	560.0	0.0627450980392
chr8	122000000	122100000	0	0.0	NA
chr8	122100000	122200000	38965	2327.0	0.0597202617734
chr8	122200000	122300000	74961	4389.0	0.058550446232
chr8	122300000	122400000	75565	4232.0	0.0560047641104
chr8	122400000	122500000	73717	4099.0	0.0556045416932
chr8	122500000	122600000	54528	3241.0	0.0594373532864
chr8	122600000	122700000	8835	521.0	0.0589700056593
chr8	122700000	122800000	55731	3023.0	0.0542427015485
chr8	122800000	122900000	64987	3444.0	0.0529952144275
chr8	122900000	123000000	23429	1242.0	0.0530112254044
chr8	123000000	123100000	0	0.0	NA
chr8	123100000	123200000	38128	2087.0	0.0547366764582
chr8	123200000	123300000	54785	3382.0	0.0617322259743
chr8	123300000	123400000	75945	4376.0	0.0576206465205
chr8	123400000	123500000	15252	887.0	0.0581563073695
chr8	123500000	123600000	7001	393.0	0.0561348378803
chr8	123600000	123700000	53939	3195.0	0.0592335786722
chr8	123700000	123800000	49492	2870.0	0.0579891699669
chr8	123800000	123900000	0	0.0	NA
chr8	123900000	124000000	0	0.0	NA
chr8	124000000	124100000	3919	236.0	0.0602194437356
chr8	124100000	124200000	1041	67.0	0.0643611911623
chr8	124200000	124300000	1822	106.0	0.0581778265642
chr8	124300000	124400000	12260	689.0	0.0561990212072
chr8	124400000	124500000	17288	1028.0	0.0594632114762
chr8	124500000	124600000	1558	96.0	0.0616174582798
chr8	124600000	124700000	4420	258.0	0.058371040724
chr8	124700000	124800000	7108	451.0	0.063449634215
chr8	124800000	124900000	15452	925.0	0.0598628009319
chr8	124900000	125000000	0	0.0	NA
chr8	125000000	125100000	0	0.0	NA
chr8	125100000	125200000	1122	47.0	0.041889483066
chr8	125200000	125300000	96	3.0	0.03125
chr8	125300000	125400000	8905	578.0	0.0649073554183
chr8	125400000	125500000	28919	1775.0	0.0613783325841
chr8	125500000	125600000	0	0.0	NA
chr8	125600000	125700000	0	0.0	NA
chr8	125700000	125800000	33823	1975.0	0.058392218313
chr8	125800000	125900000	3463	187.0	0.0539994224661
chr8	125900000	126000000	1665	78.0	0.0468468468468
chr8	126000000	126100000	0	0.0	NA
chr8	126100000	126200000	0	0.0	NA
chr8	126200000	126300000	0	0.0	NA
chr8	126300000	126400000	5940	373.0	0.0627946127946
chr8	126400000	126500000	21686	1348.0	0.0621599188416
chr8	126500000	126600000	13646	742.0	0.0543749083981
chr8	126600000	126700000	81194	4857.0	0.0598196911102
chr8	126700000	126800000	65867	3919.0	0.0594986867475
chr8	126800000	126900000	82395	4939.0	0.0599429577037
chr8	126900000	127000000	24098	1642.0	0.0681384347249
chr8	127000000	127100000	53843	3260.0	0.0605464034322
chr8	127100000	127200000	66433	4019.0	0.0604970421327
chr8	127200000	127300000	66640	4129.0	0.0619597839136
chr8	127300000	127400000	47700	2965.0	0.0621593291405
chr8	127400000	127500000	50693	3279.0	0.064683486872
chr8	127500000	127600000	7780	509.0	0.0654241645244
chr8	127600000	127700000	0	0.0	NA
chr8	127700000	127800000	0	0.0	NA
chr8	127800000	127900000	0	0.0	NA
chr8	127900000	128000000	0	0.0	NA
chr8	128000000	128100000	0	0.0	NA
chr8	128100000	128200000	0	0.0	NA
chr8	128200000	128300000	0	0.0	NA
chr8	128300000	128400000	0	0.0	NA
chr8	128400000	128500000	0	0.0	NA
chr8	128500000	128600000	81050	4925.0	0.0607649599013
chr8	128600000	128700000	66527	4172.0	0.0627113803418
chr8	128700000	128800000	15603	1040.0	0.0666538486189
chr8	128800000	128900000	0	0.0	NA
chr8	128900000	129000000	0	0.0	NA
chr8	129000000	129100000	0	0.0	NA
chr8	129100000	129200000	46954	2897.0	0.0616986838182
chr8	129200000	129300000	68559	4308.0	0.0628363890955
chr8	129300000	129400000	78747	5105.0	0.0648278664584
chr8	129400000	129500000	5529	301.0	0.054440224272
chr8	129500000	129600000	12278	669.0	0.0544877015801
chr8	129600000	129700000	27970	1697.0	0.0606721487308
chr8	129700000	129800000	0	0.0	NA
chr8	129800000	129900000	0	0.0	NA
chr8	129900000	130000000	4760	274.0	0.0575630252101
chr8	130000000	130100000	0	0.0	NA
chr8	130100000	130200000	0	0.0	NA
chr8	130200000	130300000	0	0.0	NA
chr8	130300000	130400000	0	0.0	NA
chr8	130400000	130500000	0	0.0	NA
chr8	130500000	130600000	0	0.0	NA
chr8	130600000	130700000	0	0.0	NA
chr8	130700000	130800000	0	0.0	NA
chr8	130800000	130900000	2816	191.0	0.0678267045455
chr8	130900000	131000000	0	0.0	NA
chr8	131000000	131100000	7860	555.0	0.0706106870229
chr8	131100000	131200000	0	0.0	NA
chr8	131200000	131300000	0	0.0	NA
chr8	131300000	131400000	0	0.0	NA
chr8	131400000	131500000	23036	1518.0	0.0658968570932
chr8	131500000	131600000	73161	4490.0	0.0613714957423
chr8	131600000	131700000	17251	1005.0	0.0582574923193
chr8	131700000	131800000	60395	3866.0	0.0640119215167
chr8	131800000	131900000	0	0.0	NA
chr8	131900000	132000000	0	0.0	NA
chr8	132000000	132100000	25406	1645.0	0.0647484846099
chr8	132100000	132200000	53994	3518.0	0.0651553876357
chr8	132200000	132300000	61680	3864.0	0.0626459143969
chr8	132300000	132400000	55706	3260.0	0.0585215237138
chr8	132400000	132500000	67633	4200.0	0.0620998624932
chr8	132500000	132600000	77859	4935.0	0.0633838091935
chr8	132600000	132700000	77339	4806.0	0.0621419982156
chr8	132700000	132800000	70815	4500.0	0.0635458589282
chr8	132800000	132900000	56468	3369.0	0.0596621095134
chr8	132900000	133000000	5720	374.0	0.0653846153846
chr8	133000000	133100000	0	0.0	NA
chr8	133100000	133200000	0	0.0	NA
chr8	133200000	133300000	0	0.0	NA
chr8	133300000	133400000	0	0.0	NA
chr8	133400000	133500000	0	0.0	NA
chr8	133500000	133600000	39793	2418.0	0.0607644560601
chr8	133600000	133700000	0	0.0	NA
chr8	133700000	133800000	7720	461.0	0.0597150259067
chr8	133800000	133900000	0	0.0	NA
chr8	133900000	134000000	0	0.0	NA
chr8	134000000	134100000	0	0.0	NA
chr8	134100000	134200000	28528	1847.0	0.0647434099832
chr8	134200000	134300000	0	0.0	NA
chr8	134300000	134400000	57579	3859.0	0.0670209625037
chr8	134400000	134500000	36709	2499.0	0.0680759486774
chr8	134500000	134600000	1807	138.0	0.076369673492
chr8	134600000	134700000	31637	2231.0	0.070518696463
chr8	134700000	134800000	49409	3247.0	0.065716772248
chr8	134800000	134900000	35194	2319.0	0.0658919133943
chr8	134900000	135000000	63195	3856.0	0.0610174855606
chr8	135000000	135100000	78504	5001.0	0.0637037603179
chr8	135100000	135200000	84825	5214.0	0.0614677276746
chr8	135200000	135300000	10746	607.0	0.0564861343756
chr8	135300000	135400000	47578	2873.0	0.0603850519148
chr8	135400000	135500000	60521	3821.0	0.0631351101271
chr8	135500000	135600000	0	0.0	NA
chr8	135600000	135700000	0	0.0	NA
chr8	135700000	135800000	17615	978.0	0.0555208629009
chr8	135800000	135900000	6865	370.0	0.053896576839
chr8	135900000	136000000	77343	4905.0	0.0634187967883
chr8	136000000	136100000	89763	5510.0	0.0613838664038
chr8	136100000	136200000	63088	3877.0	0.0614538422521
chr8	136200000	136300000	28803	1846.0	0.0640905461237
chr8	136300000	136400000	58920	3827.0	0.0649524779362
chr8	136400000	136500000	45265	2862.0	0.0632276593394
chr8	136500000	136600000	0	0.0	NA
chr8	136600000	136700000	26700	1938.0	0.0725842696629
chr8	136700000	136800000	55829	3679.0	0.065897651758
chr8	136800000	136900000	70798	4598.0	0.0649453374389
chr8	136900000	137000000	82609	5205.0	0.0630076626033
chr8	137000000	137100000	42182	2556.0	0.0605945664027
chr8	137100000	137200000	7832	549.0	0.0700970377937
chr8	137200000	137300000	75708	5127.0	0.0677207164368
chr8	137300000	137400000	84348	5644.0	0.0669132640964
chr8	137400000	137500000	72112	4648.0	0.0644552917684
chr8	137500000	137600000	0	0.0	NA
chr8	137600000	137700000	0	0.0	NA
chr8	137700000	137800000	0	0.0	NA
chr8	137800000	137900000	0	0.0	NA
chr8	137900000	138000000	0	0.0	NA
chr8	138000000	138100000	66986	4564.0	0.068133639865
chr8	138100000	138200000	66172	4375.0	0.0661155775857
chr8	138200000	138300000	70117	4622.0	0.0659183935422
chr8	138300000	138400000	78502	5402.0	0.0688135334132
chr8	138400000	138500000	62916	4136.0	0.0657384449107
chr8	138500000	138600000	79592	5429.0	0.0682103729018
chr8	138600000	138700000	76450	4903.0	0.0641334205363
chr8	138700000	138800000	67459	4451.0	0.0659808179783
chr8	138800000	138900000	9833	629.0	0.0639682701109
chr8	138900000	139000000	0	0.0	NA
chr8	139000000	139100000	0	0.0	NA
chr8	139100000	139200000	17844	1121.0	0.0628222371666
chr8	139200000	139300000	0	0.0	NA
chr8	139300000	139400000	0	0.0	NA
chr8	139400000	139500000	0	0.0	NA
chr8	139500000	139600000	60897	3835.0	0.0629751876119
chr8	139600000	139700000	0	0.0	NA
chr8	139700000	139800000	0	0.0	NA
chr8	139800000	139900000	0	0.0	NA
chr8	139900000	140000000	46389	2959.0	0.0637866735649
chr8	140000000	140100000	76724	5115.0	0.0666675355821
chr8	140100000	140200000	30414	1925.0	0.0632932202275
chr8	140200000	140300000	82537	5390.0	0.0653040454584
chr8	140300000	140400000	86601	5676.0	0.0655419683375
chr8	140400000	140500000	64870	3941.0	0.0607522737783
chr8	140500000	140600000	83426	6196.0	0.0742694124134
chr8	140600000	140700000	2252	195.0	0.0865896980462
chr8	140700000	140800000	4040	236.0	0.0584158415842
chr8	140800000	140900000	0	0.0	NA
chr8	140900000	141000000	0	0.0	NA
chr8	141000000	141100000	0	0.0	NA
chr8	141100000	141200000	0	0.0	NA
chr8	141200000	141300000	0	0.0	NA
chr8	141300000	141400000	0	0.0	NA
chr8	141400000	141500000	6039	425.0	0.070375890048
chr8	141500000	141600000	2414	178.0	0.0737365368683
chr8	141600000	141700000	0	0.0	NA
chr8	141700000	141800000	0	0.0	NA
chr8	141800000	141900000	0	0.0	NA
chr8	141900000	142000000	0	0.0	NA
chr8	142000000	142100000	35768	2364.0	0.0660925967345
chr8	142100000	142200000	16566	1267.0	0.0764819509839
chr8	142200000	142300000	1405	116.0	0.0825622775801
chr8	142300000	142400000	12237	789.0	0.0644765873989
chr8	142400000	142500000	0	0.0	NA
chr8	142500000	142600000	46618	3676.0	0.0788536616757
chr8	142600000	142700000	84170	6563.0	0.0779731495782
chr8	142700000	142800000	30786	2407.0	0.0781848892354
chr8	142800000	142900000	46960	3570.0	0.0760221465077
chr8	142900000	143000000	58977	4283.0	0.0726215304271
chr8	143000000	143100000	65597	5260.0	0.0801865938991
chr8	143100000	143200000	52602	4191.0	0.0796737766625
chr8	143200000	143300000	34286	2989.0	0.0871784401797
chr8	143300000	143400000	0	0.0	NA
chr8	143400000	143500000	1602	146.0	0.0911360799001
chr8	143500000	143600000	9966	739.0	0.0741521171985
chr8	143600000	143700000	30863	2702.0	0.08754819687
chr8	143700000	143800000	0	0.0	NA
chr8	143800000	143900000	0	0.0	NA
chr8	143900000	144000000	12716	837.0	0.0658225857188
chr8	144000000	144100000	13509	1017.0	0.0752831445703
chr8	144100000	144200000	9633	684.0	0.0710059171598
chr8	144200000	144300000	35563	2773.0	0.0779742991311
chr8	144300000	144400000	4911	412.0	0.0838933007534
chr8	144400000	144500000	5428	429.0	0.0790346352248
chr8	144500000	144600000	0	0.0	NA
chr8	144600000	144700000	0	0.0	NA
chr8	144700000	144800000	0	0.0	NA
chr8	144800000	144900000	0	0.0	NA
chr8	144900000	145000000	10569	927.0	0.0877093386318
chr8	145000000	145100000	0	0.0	NA
chr8	145100000	145200000	0	0.0	NA
chr8	145200000	145300000	0	0.0	NA
chr8	145300000	145400000	0	0.0	NA
chr8	145400000	145500000	0	0.0	NA
chr8	145500000	145600000	0	0.0	NA
chr8	145600000	145700000	0	0.0	NA
chr8	145700000	145800000	0	0.0	NA
chr8	145800000	145900000	0	0.0	NA
chr8	145900000	146000000	0	0.0	NA
chr8	146000000	146100000	0	0.0	NA
chr8	146100000	146200000	1657	101.0	0.0609535304768
chr8	146200000	146300000	2034	136.0	0.0668633235005
chr8	146300000	146364022	0	0.0	NA
