chr8	0	100000	0	0.0	NA
chr8	100000	200000	0	0.0	NA
chr8	200000	300000	2630	888.0	0.337642585551
chr8	300000	400000	903	292.0	0.323366555925
chr8	400000	500000	9119	2955.0	0.324048689549
chr8	500000	600000	2019	746.0	0.369489846459
chr8	600000	700000	6691	2368.0	0.353908234942
chr8	700000	800000	690	275.0	0.398550724638
chr8	800000	900000	0	0.0	NA
chr8	900000	1000000	0	0.0	NA
chr8	1000000	1100000	0	0.0	NA
chr8	1100000	1200000	0	0.0	NA
chr8	1200000	1300000	0	0.0	NA
chr8	1300000	1400000	0	0.0	NA
chr8	1400000	1500000	0	0.0	NA
chr8	1500000	1600000	0	0.0	NA
chr8	1600000	1700000	1597	646.0	0.40450845335
chr8	1700000	1800000	3586	1093.0	0.304796430563
chr8	1800000	1900000	0	0.0	NA
chr8	1900000	2000000	6367	2316.0	0.363750588974
chr8	2000000	2100000	1218	458.0	0.376026272578
chr8	2100000	2200000	3179	1010.0	0.317709971689
chr8	2200000	2300000	0	0.0	NA
chr8	2300000	2400000	16392	5735.0	0.349865788189
chr8	2400000	2500000	3148	1050.0	0.333545108005
chr8	2500000	2600000	0	0.0	NA
chr8	2600000	2700000	3982	1328.0	0.33350075339
chr8	2700000	2800000	218	83.0	0.380733944954
chr8	2800000	2900000	0	0.0	NA
chr8	2900000	3000000	0	0.0	NA
chr8	3000000	3100000	0	0.0	NA
chr8	3100000	3200000	0	0.0	NA
chr8	3200000	3300000	0	0.0	NA
chr8	3300000	3400000	0	0.0	NA
chr8	3400000	3500000	0	0.0	NA
chr8	3500000	3600000	0	0.0	NA
chr8	3600000	3700000	0	0.0	NA
chr8	3700000	3800000	0	0.0	NA
chr8	3800000	3900000	0	0.0	NA
chr8	3900000	4000000	0	0.0	NA
chr8	4000000	4100000	0	0.0	NA
chr8	4100000	4200000	0	0.0	NA
chr8	4200000	4300000	0	0.0	NA
chr8	4300000	4400000	0	0.0	NA
chr8	4400000	4500000	0	0.0	NA
chr8	4500000	4600000	0	0.0	NA
chr8	4600000	4700000	0	0.0	NA
chr8	4700000	4800000	0	0.0	NA
chr8	4800000	4900000	5904	1995.0	0.337906504065
chr8	4900000	5000000	13441	4138.0	0.307863998214
chr8	5000000	5100000	9029	2757.0	0.305349429616
chr8	5100000	5200000	0	0.0	NA
chr8	5200000	5300000	0	0.0	NA
chr8	5300000	5400000	11060	3546.0	0.32061482821
chr8	5400000	5500000	1206	387.0	0.320895522388
chr8	5500000	5600000	11645	3323.0	0.285358522971
chr8	5600000	5700000	0	0.0	NA
chr8	5700000	5800000	2917	927.0	0.317792252314
chr8	5800000	5900000	9872	2757.0	0.27927471637
chr8	5900000	6000000	3288	1170.0	0.355839416058
chr8	6000000	6100000	0	0.0	NA
chr8	6100000	6200000	1965	609.0	0.309923664122
chr8	6200000	6300000	1881	562.0	0.298777246146
chr8	6300000	6400000	0	0.0	NA
chr8	6400000	6500000	0	0.0	NA
chr8	6500000	6600000	7139	1971.0	0.276089088108
chr8	6600000	6700000	8866	3011.0	0.339612000902
chr8	6700000	6800000	9253	3144.0	0.339781692424
chr8	6800000	6900000	0	0.0	NA
chr8	6900000	7000000	115	48.0	0.417391304348
chr8	7000000	7100000	0	0.0	NA
chr8	7100000	7200000	0	0.0	NA
chr8	7200000	7300000	0	0.0	NA
chr8	7300000	7400000	0	0.0	NA
chr8	7400000	7500000	0	0.0	NA
chr8	7500000	7600000	0	0.0	NA
chr8	7600000	7700000	0	0.0	NA
chr8	7700000	7800000	0	0.0	NA
chr8	7800000	7900000	0	0.0	NA
chr8	7900000	8000000	0	0.0	NA
chr8	8000000	8100000	351	115.0	0.327635327635
chr8	8100000	8200000	10787	2945.0	0.273013812923
chr8	8200000	8300000	10775	2659.0	0.246774941995
chr8	8300000	8400000	8737	2349.0	0.268856586929
chr8	8400000	8500000	25499	6511.0	0.255343346798
chr8	8500000	8600000	18969	5376.0	0.283409773842
chr8	8600000	8700000	8646	2224.0	0.257228776313
chr8	8700000	8800000	11486	3094.0	0.269371408671
chr8	8800000	8900000	19103	4779.0	0.250170130346
chr8	8900000	9000000	36093	9386.0	0.26005042529
chr8	9000000	9100000	31313	8016.0	0.255995912241
chr8	9100000	9200000	0	0.0	NA
chr8	9200000	9300000	0	0.0	NA
chr8	9300000	9400000	4913	1419.0	0.288825564828
chr8	9400000	9500000	0	0.0	NA
chr8	9500000	9600000	0	0.0	NA
chr8	9600000	9700000	0	0.0	NA
chr8	9700000	9800000	23356	5693.0	0.243748929611
chr8	9800000	9900000	10203	2397.0	0.234930902676
chr8	9900000	10000000	6287	1550.0	0.246540480356
chr8	10000000	10100000	0	0.0	NA
chr8	10100000	10200000	0	0.0	NA
chr8	10200000	10300000	9290	2733.0	0.29418729817
chr8	10300000	10400000	12372	3295.0	0.26632719043
chr8	10400000	10500000	12999	3870.0	0.297715208862
chr8	10500000	10600000	30347	9044.0	0.298019573599
chr8	10600000	10700000	12239	3354.0	0.274041996895
chr8	10700000	10800000	30707	7480.0	0.243592666167
chr8	10800000	10900000	0	0.0	NA
chr8	10900000	11000000	0	0.0	NA
chr8	11000000	11100000	21075	5492.0	0.26059311981
chr8	11100000	11200000	20352	4953.0	0.243366745283
chr8	11200000	11300000	4733	1373.0	0.290090851468
chr8	11300000	11400000	25732	7537.0	0.292903777398
chr8	11400000	11500000	20465	6010.0	0.293672123137
chr8	11500000	11600000	6599	1889.0	0.286255493257
chr8	11600000	11700000	26006	7232.0	0.278089671614
chr8	11700000	11800000	9770	3081.0	0.315353121801
chr8	11800000	11900000	19653	5422.0	0.275886633084
chr8	11900000	12000000	0	0.0	NA
chr8	12000000	12100000	0	0.0	NA
chr8	12100000	12200000	0	0.0	NA
chr8	12200000	12300000	0	0.0	NA
chr8	12300000	12400000	0	0.0	NA
chr8	12400000	12500000	0	0.0	NA
chr8	12500000	12600000	8209	1931.0	0.23522962602
chr8	12600000	12700000	17282	4484.0	0.259460710566
chr8	12700000	12800000	14969	3918.0	0.261740931258
chr8	12800000	12900000	7756	2127.0	0.274239298608
chr8	12900000	13000000	11247	3327.0	0.295812216591
chr8	13000000	13100000	0	0.0	NA
chr8	13100000	13200000	0	0.0	NA
chr8	13200000	13300000	0	0.0	NA
chr8	13300000	13400000	0	0.0	NA
chr8	13400000	13500000	6081	1638.0	0.269363591515
chr8	13500000	13600000	2338	600.0	0.256629597947
chr8	13600000	13700000	5809	1560.0	0.268548803581
chr8	13700000	13800000	3909	984.0	0.251726784344
chr8	13800000	13900000	0	0.0	NA
chr8	13900000	14000000	3418	910.0	0.266237565828
chr8	14000000	14100000	0	0.0	NA
chr8	14100000	14200000	0	0.0	NA
chr8	14200000	14300000	0	0.0	NA
chr8	14300000	14400000	0	0.0	NA
chr8	14400000	14500000	0	0.0	NA
chr8	14500000	14600000	0	0.0	NA
chr8	14600000	14700000	0	0.0	NA
chr8	14700000	14800000	0	0.0	NA
chr8	14800000	14900000	0	0.0	NA
chr8	14900000	15000000	0	0.0	NA
chr8	15000000	15100000	0	0.0	NA
chr8	15100000	15200000	17113	4458.0	0.260503710629
chr8	15200000	15300000	2577	620.0	0.240589833139
chr8	15300000	15400000	9989	2525.0	0.252778055861
chr8	15400000	15500000	0	0.0	NA
chr8	15500000	15600000	0	0.0	NA
chr8	15600000	15700000	2816	770.0	0.2734375
chr8	15700000	15800000	0	0.0	NA
chr8	15800000	15900000	10057	2496.0	0.248185343542
chr8	15900000	16000000	5762	1502.0	0.2606733773
chr8	16000000	16100000	4161	973.0	0.233838019707
chr8	16100000	16200000	0	0.0	NA
chr8	16200000	16300000	0	0.0	NA
chr8	16300000	16400000	0	0.0	NA
chr8	16400000	16500000	1943	523.0	0.269171384457
chr8	16500000	16600000	11193	2706.0	0.241758241758
chr8	16600000	16700000	0	0.0	NA
chr8	16700000	16800000	1598	327.0	0.204630788486
chr8	16800000	16900000	9880	2367.0	0.239574898785
chr8	16900000	17000000	9939	2235.0	0.224871717477
chr8	17000000	17100000	23342	5588.0	0.239396795476
chr8	17100000	17200000	1684	390.0	0.231591448931
chr8	17200000	17300000	5228	1280.0	0.244835501148
chr8	17300000	17400000	2729	735.0	0.269329424698
chr8	17400000	17500000	15855	4416.0	0.278524124882
chr8	17500000	17600000	5426	1466.0	0.270180611869
chr8	17600000	17700000	7228	1848.0	0.255672385169
chr8	17700000	17800000	22545	5568.0	0.246972721224
chr8	17800000	17900000	0	0.0	NA
chr8	17900000	18000000	0	0.0	NA
chr8	18000000	18100000	0	0.0	NA
chr8	18100000	18200000	0	0.0	NA
chr8	18200000	18300000	0	0.0	NA
chr8	18300000	18400000	1267	362.0	0.285714285714
chr8	18400000	18500000	0	0.0	NA
chr8	18500000	18600000	0	0.0	NA
chr8	18600000	18700000	0	0.0	NA
chr8	18700000	18800000	0	0.0	NA
chr8	18800000	18900000	3585	879.0	0.245188284519
chr8	18900000	19000000	4560	1169.0	0.256359649123
chr8	19000000	19100000	0	0.0	NA
chr8	19100000	19200000	14002	3823.0	0.273032423939
chr8	19200000	19300000	12685	3683.0	0.290342924714
chr8	19300000	19400000	0	0.0	NA
chr8	19400000	19500000	0	0.0	NA
chr8	19500000	19600000	0	0.0	NA
chr8	19600000	19700000	7329	1873.0	0.255560103698
chr8	19700000	19800000	3861	1000.0	0.259000259
chr8	19800000	19900000	0	0.0	NA
chr8	19900000	20000000	3612	943.0	0.261074197121
chr8	20000000	20100000	31963	7926.0	0.247974220192
chr8	20100000	20200000	13160	3469.0	0.263601823708
chr8	20200000	20300000	6009	1542.0	0.256615077384
chr8	20300000	20400000	0	0.0	NA
chr8	20400000	20500000	20800	5361.0	0.257740384615
chr8	20500000	20600000	10345	2904.0	0.280715321411
chr8	20600000	20700000	0	0.0	NA
chr8	20700000	20800000	13158	3812.0	0.289709682323
chr8	20800000	20900000	19981	5336.0	0.267053701016
chr8	20900000	21000000	13605	3775.0	0.277471517824
chr8	21000000	21100000	11064	3373.0	0.304862617498
chr8	21100000	21200000	11559	3105.0	0.268621853101
chr8	21200000	21300000	0	0.0	NA
chr8	21300000	21400000	20670	5399.0	0.261199806483
chr8	21400000	21500000	6677	1620.0	0.242623932904
chr8	21500000	21600000	7076	2006.0	0.283493499152
chr8	21600000	21700000	0	0.0	NA
chr8	21700000	21800000	12813	3245.0	0.253258409428
chr8	21800000	21900000	10377	2674.0	0.257685265491
chr8	21900000	22000000	47284	11785.0	0.249238643093
chr8	22000000	22100000	42191	10496.0	0.248773435093
chr8	22100000	22200000	13108	3090.0	0.23573390296
chr8	22200000	22300000	16027	3843.0	0.239782866413
chr8	22300000	22400000	10670	2283.0	0.213964386129
chr8	22400000	22500000	23075	6410.0	0.277789815818
chr8	22500000	22600000	31359	7551.0	0.240792117096
chr8	22600000	22700000	0	0.0	NA
chr8	22700000	22800000	2350	572.0	0.243404255319
chr8	22800000	22900000	14137	3972.0	0.280964844026
chr8	22900000	23000000	2149	720.0	0.335039553281
chr8	23000000	23100000	2384	721.0	0.302432885906
chr8	23100000	23200000	16333	4318.0	0.264372742301
chr8	23200000	23300000	3586	813.0	0.226715002789
chr8	23300000	23400000	27311	7565.0	0.276994617553
chr8	23400000	23500000	13078	3258.0	0.249120660651
chr8	23500000	23600000	25882	7023.0	0.271346882003
chr8	23600000	23700000	22515	5780.0	0.256717743726
chr8	23700000	23800000	5033	1309.0	0.260083449235
chr8	23800000	23900000	0	0.0	NA
chr8	23900000	24000000	8169	2049.0	0.250826294528
chr8	24000000	24100000	11983	2930.0	0.244513060169
chr8	24100000	24200000	4282	1144.0	0.267164876226
chr8	24200000	24300000	0	0.0	NA
chr8	24300000	24400000	0	0.0	NA
chr8	24400000	24500000	0	0.0	NA
chr8	24500000	24600000	0	0.0	NA
chr8	24600000	24700000	0	0.0	NA
chr8	24700000	24800000	17193	4458.0	0.259291572151
chr8	24800000	24900000	10321	2812.0	0.272454219552
chr8	24900000	25000000	0	0.0	NA
chr8	25000000	25100000	7893	2002.0	0.25364246801
chr8	25100000	25200000	0	0.0	NA
chr8	25200000	25300000	0	0.0	NA
chr8	25300000	25400000	0	0.0	NA
chr8	25400000	25500000	0	0.0	NA
chr8	25500000	25600000	0	0.0	NA
chr8	25600000	25700000	0	0.0	NA
chr8	25700000	25800000	0	0.0	NA
chr8	25800000	25900000	0	0.0	NA
chr8	25900000	26000000	0	0.0	NA
chr8	26000000	26100000	0	0.0	NA
chr8	26100000	26200000	0	0.0	NA
chr8	26200000	26300000	25316	5875.0	0.2320666772
chr8	26300000	26400000	7099	2056.0	0.289618256092
chr8	26400000	26500000	0	0.0	NA
chr8	26500000	26600000	10276	2747.0	0.267321915142
chr8	26600000	26700000	0	0.0	NA
chr8	26700000	26800000	6094	1585.0	0.260091893666
chr8	26800000	26900000	5209	1390.0	0.266845843732
chr8	26900000	27000000	12819	3260.0	0.254310008581
chr8	27000000	27100000	14083	3860.0	0.274089327558
chr8	27100000	27200000	18027	5238.0	0.290564153769
chr8	27200000	27300000	2531	725.0	0.286448044251
chr8	27300000	27400000	17024	4668.0	0.27420112782
chr8	27400000	27500000	20184	5937.0	0.294143876338
chr8	27500000	27600000	17478	4562.0	0.261013845978
chr8	27600000	27700000	12877	3134.0	0.243379669178
chr8	27700000	27800000	3278	735.0	0.224222086638
chr8	27800000	27900000	5557	1616.0	0.290804390858
chr8	27900000	28000000	12679	3073.0	0.242369272025
chr8	28000000	28100000	6779	1712.0	0.252544623101
chr8	28100000	28200000	5606	1487.0	0.265251516233
chr8	28200000	28300000	7630	1966.0	0.257667103539
chr8	28300000	28400000	12455	2692.0	0.21613809715
chr8	28400000	28500000	5143	1344.0	0.261326074276
chr8	28500000	28600000	0	0.0	NA
chr8	28600000	28700000	10953	3036.0	0.277184333059
chr8	28700000	28800000	11572	2767.0	0.239111648807
chr8	28800000	28900000	6707	1465.0	0.218428507529
chr8	28900000	29000000	26151	6272.0	0.239837864709
chr8	29000000	29100000	0	0.0	NA
chr8	29100000	29200000	22000	5650.0	0.256818181818
chr8	29200000	29300000	7324	2203.0	0.300791916985
chr8	29300000	29400000	9946	2780.0	0.279509350493
chr8	29400000	29500000	17953	4769.0	0.265638054921
chr8	29500000	29600000	11676	2917.0	0.249828708462
chr8	29600000	29700000	24328	6236.0	0.256330154554
chr8	29700000	29800000	29500	7120.0	0.241355932203
chr8	29800000	29900000	11191	2706.0	0.241801447592
chr8	29900000	30000000	3950	987.0	0.249873417722
chr8	30000000	30100000	0	0.0	NA
chr8	30100000	30200000	2996	771.0	0.257343124166
chr8	30200000	30300000	3759	911.0	0.242351689279
chr8	30300000	30400000	0	0.0	NA
chr8	30400000	30500000	6325	2039.0	0.322371541502
chr8	30500000	30600000	4782	1290.0	0.269761606023
chr8	30600000	30700000	8471	2138.0	0.252390508795
chr8	30700000	30800000	2045	461.0	0.225427872861
chr8	30800000	30900000	3278	732.0	0.223306894448
chr8	30900000	31000000	0	0.0	NA
chr8	31000000	31100000	1828	494.0	0.270240700219
chr8	31100000	31200000	5349	1349.0	0.252196672275
chr8	31200000	31300000	7738	1974.0	0.255104678211
chr8	31300000	31400000	3212	784.0	0.244084682441
chr8	31400000	31500000	12464	2926.0	0.234756097561
chr8	31500000	31600000	0	0.0	NA
chr8	31600000	31700000	0	0.0	NA
chr8	31700000	31800000	0	0.0	NA
chr8	31800000	31900000	0	0.0	NA
chr8	31900000	32000000	0	0.0	NA
chr8	32000000	32100000	0	0.0	NA
chr8	32100000	32200000	0	0.0	NA
chr8	32200000	32300000	0	0.0	NA
chr8	32300000	32400000	0	0.0	NA
chr8	32400000	32500000	0	0.0	NA
chr8	32500000	32600000	0	0.0	NA
chr8	32600000	32700000	4843	1133.0	0.233945901301
chr8	32700000	32800000	18777	4521.0	0.240773286467
chr8	32800000	32900000	0	0.0	NA
chr8	32900000	33000000	4614	971.0	0.210446467274
chr8	33000000	33100000	11231	2612.0	0.232570563619
chr8	33100000	33200000	7510	1782.0	0.237283621838
chr8	33200000	33300000	12741	3043.0	0.238835256259
chr8	33300000	33400000	2327	661.0	0.284056725398
chr8	33400000	33500000	17938	4594.0	0.25610435946
chr8	33500000	33600000	0	0.0	NA
chr8	33600000	33700000	0	0.0	NA
chr8	33700000	33800000	0	0.0	NA
chr8	33800000	33900000	0	0.0	NA
chr8	33900000	34000000	1029	261.0	0.253644314869
chr8	34000000	34100000	16166	3610.0	0.223308177657
chr8	34100000	34200000	0	0.0	NA
chr8	34200000	34300000	0	0.0	NA
chr8	34300000	34400000	0	0.0	NA
chr8	34400000	34500000	0	0.0	NA
chr8	34500000	34600000	0	0.0	NA
chr8	34600000	34700000	8470	2154.0	0.254309327037
chr8	34700000	34800000	5643	1534.0	0.27184121921
chr8	34800000	34900000	13027	3174.0	0.243647808398
chr8	34900000	35000000	0	0.0	NA
chr8	35000000	35100000	6919	1784.0	0.257840728429
chr8	35100000	35200000	0	0.0	NA
chr8	35200000	35300000	0	0.0	NA
chr8	35300000	35400000	0	0.0	NA
chr8	35400000	35500000	0	0.0	NA
chr8	35500000	35600000	0	0.0	NA
chr8	35600000	35700000	1144	258.0	0.225524475524
chr8	35700000	35800000	195	44.0	0.225641025641
chr8	35800000	35900000	2473	569.0	0.230084917105
chr8	35900000	36000000	0	0.0	NA
chr8	36000000	36100000	0	0.0	NA
chr8	36100000	36200000	17318	4235.0	0.244543249798
chr8	36200000	36300000	0	0.0	NA
chr8	36300000	36400000	7356	1882.0	0.255845568244
chr8	36400000	36500000	0	0.0	NA
chr8	36500000	36600000	0	0.0	NA
chr8	36600000	36700000	10948	2998.0	0.273839970771
chr8	36700000	36800000	0	0.0	NA
chr8	36800000	36900000	3891	959.0	0.246466204061
chr8	36900000	37000000	15106	3830.0	0.253541639084
chr8	37000000	37100000	0	0.0	NA
chr8	37100000	37200000	6277	1532.0	0.244065636451
chr8	37200000	37300000	14233	3207.0	0.225321436099
chr8	37300000	37400000	1537	379.0	0.246584255042
chr8	37400000	37500000	32995	8593.0	0.260433399
chr8	37500000	37600000	28156	6831.0	0.242612587015
chr8	37600000	37700000	24157	6182.0	0.255909260256
chr8	37700000	37800000	24842	5963.0	0.240037034055
chr8	37800000	37900000	12082	2985.0	0.247061744744
chr8	37900000	38000000	12528	2891.0	0.230763090677
chr8	38000000	38100000	7871	2030.0	0.257908779062
chr8	38100000	38200000	17125	3796.0	0.221664233577
chr8	38200000	38300000	20088	4391.0	0.218588211868
chr8	38300000	38400000	13370	3171.0	0.237172774869
chr8	38400000	38500000	20414	5123.0	0.250955226805
chr8	38500000	38600000	14283	3629.0	0.254078274872
chr8	38600000	38700000	0	0.0	NA
chr8	38700000	38800000	7855	2022.0	0.257415658816
chr8	38800000	38900000	29500	7004.0	0.237423728814
chr8	38900000	39000000	4159	1082.0	0.260158691993
chr8	39000000	39100000	0	0.0	NA
chr8	39100000	39200000	0	0.0	NA
chr8	39200000	39300000	776	213.0	0.274484536082
chr8	39300000	39400000	3308	829.0	0.250604594921
chr8	39400000	39500000	6122	1730.0	0.282587389742
chr8	39500000	39600000	3903	1153.0	0.295413784269
chr8	39600000	39700000	4078	1113.0	0.272927905836
chr8	39700000	39800000	0	0.0	NA
chr8	39800000	39900000	2461	603.0	0.245022348639
chr8	39900000	40000000	18930	5005.0	0.264395139989
chr8	40000000	40100000	18721	5032.0	0.268789060413
chr8	40100000	40200000	15041	3545.0	0.235689116415
chr8	40200000	40300000	15370	3900.0	0.253741054001
chr8	40300000	40400000	16195	4148.0	0.256128434702
chr8	40400000	40500000	0	0.0	NA
chr8	40500000	40600000	0	0.0	NA
chr8	40600000	40700000	0	0.0	NA
chr8	40700000	40800000	15299	4283.0	0.279952938101
chr8	40800000	40900000	3590	936.0	0.260724233983
chr8	40900000	41000000	2138	581.0	0.27174929841
chr8	41000000	41100000	0	0.0	NA
chr8	41100000	41200000	10727	2883.0	0.268761070197
chr8	41200000	41300000	10900	2630.0	0.24128440367
chr8	41300000	41400000	20612	5106.0	0.247719774888
chr8	41400000	41500000	6317	1831.0	0.289852778218
chr8	41500000	41600000	1579	479.0	0.303356554782
chr8	41600000	41700000	0	0.0	NA
chr8	41700000	41800000	5381	1709.0	0.317598959301
chr8	41800000	41900000	0	0.0	NA
chr8	41900000	42000000	9388	2637.0	0.280890498509
chr8	42000000	42100000	29843	7719.0	0.258653620615
chr8	42100000	42200000	15212	4552.0	0.299237444123
chr8	42200000	42300000	33854	7841.0	0.231612217168
chr8	42300000	42400000	0	0.0	NA
chr8	42400000	42500000	3294	811.0	0.246205221615
chr8	42500000	42600000	4680	1268.0	0.27094017094
chr8	42600000	42700000	10141	2158.0	0.212799526674
chr8	42700000	42800000	10680	2487.0	0.232865168539
chr8	42800000	42900000	0	0.0	NA
chr8	42900000	43000000	12081	3422.0	0.283254697459
chr8	43000000	43100000	0	0.0	NA
chr8	43100000	43200000	0	0.0	NA
chr8	43200000	43300000	2226	628.0	0.282120395328
chr8	43300000	43400000	0	0.0	NA
chr8	43400000	43500000	0	0.0	NA
chr8	43500000	43600000	0	0.0	NA
chr8	43600000	43700000	0	0.0	NA
chr8	43700000	43800000	0	0.0	NA
chr8	43800000	43900000	0	0.0	NA
chr8	43900000	44000000	0	0.0	NA
chr8	44000000	44100000	0	0.0	NA
chr8	44100000	44200000	0	0.0	NA
chr8	44200000	44300000	0	0.0	NA
chr8	44300000	44400000	0	0.0	NA
chr8	44400000	44500000	0	0.0	NA
chr8	44500000	44600000	0	0.0	NA
chr8	44600000	44700000	0	0.0	NA
chr8	44700000	44800000	0	0.0	NA
chr8	44800000	44900000	0	0.0	NA
chr8	44900000	45000000	0	0.0	NA
chr8	45000000	45100000	0	0.0	NA
chr8	45100000	45200000	0	0.0	NA
chr8	45200000	45300000	0	0.0	NA
chr8	45300000	45400000	0	0.0	NA
chr8	45400000	45500000	0	0.0	NA
chr8	45500000	45600000	0	0.0	NA
chr8	45600000	45700000	0	0.0	NA
chr8	45700000	45800000	0	0.0	NA
chr8	45800000	45900000	0	0.0	NA
chr8	45900000	46000000	0	0.0	NA
chr8	46000000	46100000	0	0.0	NA
chr8	46100000	46200000	0	0.0	NA
chr8	46200000	46300000	0	0.0	NA
chr8	46300000	46400000	0	0.0	NA
chr8	46400000	46500000	0	0.0	NA
chr8	46500000	46600000	0	0.0	NA
chr8	46600000	46700000	0	0.0	NA
chr8	46700000	46800000	0	0.0	NA
chr8	46800000	46900000	0	0.0	NA
chr8	46900000	47000000	0	0.0	NA
chr8	47000000	47100000	0	0.0	NA
chr8	47100000	47200000	0	0.0	NA
chr8	47200000	47300000	0	0.0	NA
chr8	47300000	47400000	0	0.0	NA
chr8	47400000	47500000	0	0.0	NA
chr8	47500000	47600000	0	0.0	NA
chr8	47600000	47700000	0	0.0	NA
chr8	47700000	47800000	0	0.0	NA
chr8	47800000	47900000	0	0.0	NA
chr8	47900000	48000000	0	0.0	NA
chr8	48000000	48100000	2681	763.0	0.284595300261
chr8	48100000	48200000	0	0.0	NA
chr8	48200000	48300000	0	0.0	NA
chr8	48300000	48400000	0	0.0	NA
chr8	48400000	48500000	0	0.0	NA
chr8	48500000	48600000	0	0.0	NA
chr8	48600000	48700000	6170	1535.0	0.248784440843
chr8	48700000	48800000	0	0.0	NA
chr8	48800000	48900000	13994	3617.0	0.258467914821
chr8	48900000	49000000	458	119.0	0.259825327511
chr8	49000000	49100000	0	0.0	NA
chr8	49100000	49200000	0	0.0	NA
chr8	49200000	49300000	12211	3351.0	0.274424699042
chr8	49300000	49400000	13484	3955.0	0.293310590329
chr8	49400000	49500000	14304	3819.0	0.266988255034
chr8	49500000	49600000	0	0.0	NA
chr8	49600000	49700000	18161	4979.0	0.274158911954
chr8	49700000	49800000	0	0.0	NA
chr8	49800000	49900000	10930	2946.0	0.269533394328
chr8	49900000	50000000	5117	1485.0	0.290209106899
chr8	50000000	50100000	8225	2235.0	0.271732522796
chr8	50100000	50200000	1643	470.0	0.286062081558
chr8	50200000	50300000	9193	2624.0	0.285434569781
chr8	50300000	50400000	3632	949.0	0.261288546256
chr8	50400000	50500000	5379	1464.0	0.272169548243
chr8	50500000	50600000	0	0.0	NA
chr8	50600000	50700000	0	0.0	NA
chr8	50700000	50800000	6542	1796.0	0.274533781718
chr8	50800000	50900000	12048	3207.0	0.266185258964
chr8	50900000	51000000	0	0.0	NA
chr8	51000000	51100000	0	0.0	NA
chr8	51100000	51200000	0	0.0	NA
chr8	51200000	51300000	0	0.0	NA
chr8	51300000	51400000	0	0.0	NA
chr8	51400000	51500000	0	0.0	NA
chr8	51500000	51600000	0	0.0	NA
chr8	51600000	51700000	0	0.0	NA
chr8	51700000	51800000	0	0.0	NA
chr8	51800000	51900000	0	0.0	NA
chr8	51900000	52000000	4973	1329.0	0.267243112809
chr8	52000000	52100000	0	0.0	NA
chr8	52100000	52200000	8026	2100.0	0.261649638674
chr8	52200000	52300000	0	0.0	NA
chr8	52300000	52400000	0	0.0	NA
chr8	52400000	52500000	0	0.0	NA
chr8	52500000	52600000	0	0.0	NA
chr8	52600000	52700000	0	0.0	NA
chr8	52700000	52800000	15713	4077.0	0.259466683638
chr8	52800000	52900000	18174	4776.0	0.26279300099
chr8	52900000	53000000	5972	1523.0	0.255023442733
chr8	53000000	53100000	5780	1464.0	0.253287197232
chr8	53100000	53200000	0	0.0	NA
chr8	53200000	53300000	0	0.0	NA
chr8	53300000	53400000	5696	1431.0	0.251228932584
chr8	53400000	53500000	11491	2896.0	0.2520233226
chr8	53500000	53600000	2310	528.0	0.228571428571
chr8	53600000	53700000	15244	4026.0	0.264103909735
chr8	53700000	53800000	0	0.0	NA
chr8	53800000	53900000	6476	1580.0	0.243977764052
chr8	53900000	54000000	2104	529.0	0.251425855513
chr8	54000000	54100000	2558	623.0	0.243549648163
chr8	54100000	54200000	2105	539.0	0.256057007126
chr8	54200000	54300000	0	0.0	NA
chr8	54300000	54400000	7106	2012.0	0.283141007599
chr8	54400000	54500000	8544	2538.0	0.297050561798
chr8	54500000	54600000	0	0.0	NA
chr8	54600000	54700000	1572	552.0	0.351145038168
chr8	54700000	54800000	10743	2567.0	0.238946290608
chr8	54800000	54900000	5959	1427.0	0.239469709683
chr8	54900000	55000000	2634	622.0	0.236142748671
chr8	55000000	55100000	8318	2100.0	0.252464534744
chr8	55100000	55200000	0	0.0	NA
chr8	55200000	55300000	10519	2881.0	0.273885350318
chr8	55300000	55400000	18694	4530.0	0.242323740238
chr8	55400000	55500000	107	33.0	0.308411214953
chr8	55500000	55600000	0	0.0	NA
chr8	55600000	55700000	0	0.0	NA
chr8	55700000	55800000	2913	792.0	0.271884654995
chr8	55800000	55900000	2952	757.0	0.256436314363
chr8	55900000	56000000	4001	1019.0	0.254686328418
chr8	56000000	56100000	2211	530.0	0.239710538218
chr8	56100000	56200000	0	0.0	NA
chr8	56200000	56300000	0	0.0	NA
chr8	56300000	56400000	0	0.0	NA
chr8	56400000	56500000	3128	823.0	0.26310741688
chr8	56500000	56600000	2299	570.0	0.247933884298
chr8	56600000	56700000	439	119.0	0.271070615034
chr8	56700000	56800000	9403	2607.0	0.27725194087
chr8	56800000	56900000	0	0.0	NA
chr8	56900000	57000000	16352	4187.0	0.256054305284
chr8	57000000	57100000	12023	2868.0	0.23854279298
chr8	57100000	57200000	30021	7151.0	0.238199926718
chr8	57200000	57300000	1480	412.0	0.278378378378
chr8	57300000	57400000	5396	1444.0	0.267605633803
chr8	57400000	57500000	4478	1177.0	0.262840553819
chr8	57500000	57600000	13582	3503.0	0.257914887351
chr8	57600000	57700000	0	0.0	NA
chr8	57700000	57800000	0	0.0	NA
chr8	57800000	57900000	12242	3152.0	0.25747426891
chr8	57900000	58000000	1607	476.0	0.296204107032
chr8	58000000	58100000	16447	4358.0	0.26497233538
chr8	58100000	58200000	11344	3384.0	0.298307475317
chr8	58200000	58300000	7776	2408.0	0.309670781893
chr8	58300000	58400000	1324	354.0	0.267371601208
chr8	58400000	58500000	22632	6111.0	0.270015906681
chr8	58500000	58600000	0	0.0	NA
chr8	58600000	58700000	0	0.0	NA
chr8	58700000	58800000	8454	2191.0	0.259167258103
chr8	58800000	58900000	19315	4911.0	0.254258348434
chr8	58900000	59000000	6269	1613.0	0.257297814643
chr8	59000000	59100000	5442	1445.0	0.26552737964
chr8	59100000	59200000	10706	2769.0	0.258640014945
chr8	59200000	59300000	920	233.0	0.253260869565
chr8	59300000	59400000	12937	3490.0	0.269768879957
chr8	59400000	59500000	16323	3990.0	0.244440360228
chr8	59500000	59600000	13180	3493.0	0.26502276176
chr8	59600000	59700000	1993	555.0	0.278474661315
chr8	59700000	59800000	4905	1218.0	0.248318042813
chr8	59800000	59900000	0	0.0	NA
chr8	59900000	60000000	0	0.0	NA
chr8	60000000	60100000	30140	6506.0	0.215859323159
chr8	60100000	60200000	0	0.0	NA
chr8	60200000	60300000	0	0.0	NA
chr8	60300000	60400000	6647	1614.0	0.242816308109
chr8	60400000	60500000	9817	2583.0	0.263115004584
chr8	60500000	60600000	17018	3762.0	0.22106005406
chr8	60600000	60700000	0	0.0	NA
chr8	60700000	60800000	0	0.0	NA
chr8	60800000	60900000	0	0.0	NA
chr8	60900000	61000000	5021	1245.0	0.247958573989
chr8	61000000	61100000	11226	2711.0	0.241492962765
chr8	61100000	61200000	0	0.0	NA
chr8	61200000	61300000	7041	1812.0	0.257349808266
chr8	61300000	61400000	0	0.0	NA
chr8	61400000	61500000	9790	2284.0	0.233299284985
chr8	61500000	61600000	36458	8846.0	0.242635361238
chr8	61600000	61700000	0	0.0	NA
chr8	61700000	61800000	5242	1277.0	0.243609309424
chr8	61800000	61900000	13767	3453.0	0.250817171497
chr8	61900000	62000000	318	88.0	0.276729559748
chr8	62000000	62100000	0	0.0	NA
chr8	62100000	62200000	146	44.0	0.301369863014
chr8	62200000	62300000	0	0.0	NA
chr8	62300000	62400000	0	0.0	NA
chr8	62400000	62500000	0	0.0	NA
chr8	62500000	62600000	0	0.0	NA
chr8	62600000	62700000	25809	6822.0	0.264326397768
chr8	62700000	62800000	0	0.0	NA
chr8	62800000	62900000	6122	1633.0	0.266742894479
chr8	62900000	63000000	0	0.0	NA
chr8	63000000	63100000	0	0.0	NA
chr8	63100000	63200000	5943	1597.0	0.268719501935
chr8	63200000	63300000	0	0.0	NA
chr8	63300000	63400000	0	0.0	NA
chr8	63400000	63500000	0	0.0	NA
chr8	63500000	63600000	0	0.0	NA
chr8	63600000	63700000	0	0.0	NA
chr8	63700000	63800000	0	0.0	NA
chr8	63800000	63900000	0	0.0	NA
chr8	63900000	64000000	23894	6031.0	0.252406461873
chr8	64000000	64100000	5709	1137.0	0.199159222281
chr8	64100000	64200000	19931	4869.0	0.244292810195
chr8	64200000	64300000	6239	1387.0	0.222311267831
chr8	64300000	64400000	0	0.0	NA
chr8	64400000	64500000	9415	2286.0	0.242804036113
chr8	64500000	64600000	26411	5167.0	0.195638181061
chr8	64600000	64700000	0	0.0	NA
chr8	64700000	64800000	0	0.0	NA
chr8	64800000	64900000	0	0.0	NA
chr8	64900000	65000000	0	0.0	NA
chr8	65000000	65100000	0	0.0	NA
chr8	65100000	65200000	0	0.0	NA
chr8	65200000	65300000	15293	3284.0	0.214738769372
chr8	65300000	65400000	3230	758.0	0.234674922601
chr8	65400000	65500000	12423	2647.0	0.213072526765
chr8	65500000	65600000	8025	1881.0	0.234392523364
chr8	65600000	65700000	1859	468.0	0.251748251748
chr8	65700000	65800000	6049	1389.0	0.229624731361
chr8	65800000	65900000	0	0.0	NA
chr8	65900000	66000000	0	0.0	NA
chr8	66000000	66100000	8522	1673.0	0.196315418916
chr8	66100000	66200000	6354	1451.0	0.228360088133
chr8	66200000	66300000	0	0.0	NA
chr8	66300000	66400000	0	0.0	NA
chr8	66400000	66500000	9711	2040.0	0.210071053445
chr8	66500000	66600000	13089	2791.0	0.213232485293
chr8	66600000	66700000	10198	2391.0	0.234457736811
chr8	66700000	66800000	10604	2475.0	0.233402489627
chr8	66800000	66900000	0	0.0	NA
chr8	66900000	67000000	5938	1387.0	0.233580330077
chr8	67000000	67100000	41079	9116.0	0.221913873269
chr8	67100000	67200000	15159	3698.0	0.24394748994
chr8	67200000	67300000	0	0.0	NA
chr8	67300000	67400000	21150	4798.0	0.226855791962
chr8	67400000	67500000	8625	2308.0	0.267594202899
chr8	67500000	67600000	20508	4072.0	0.198556660815
chr8	67600000	67700000	0	0.0	NA
chr8	67700000	67800000	9319	1815.0	0.194763386629
chr8	67800000	67900000	9929	2135.0	0.215026689495
chr8	67900000	68000000	9292	2026.0	0.218037021093
chr8	68000000	68100000	0	0.0	NA
chr8	68100000	68200000	0	0.0	NA
chr8	68200000	68300000	7514	1799.0	0.2394197498
chr8	68300000	68400000	0	0.0	NA
chr8	68400000	68500000	0	0.0	NA
chr8	68500000	68600000	0	0.0	NA
chr8	68600000	68700000	4118	928.0	0.225352112676
chr8	68700000	68800000	0	0.0	NA
chr8	68800000	68900000	3839	945.0	0.246157853608
chr8	68900000	69000000	0	0.0	NA
chr8	69000000	69100000	0	0.0	NA
chr8	69100000	69200000	6985	1865.0	0.26700071582
chr8	69200000	69300000	1975	430.0	0.217721518987
chr8	69300000	69400000	0	0.0	NA
chr8	69400000	69500000	0	0.0	NA
chr8	69500000	69600000	0	0.0	NA
chr8	69600000	69700000	0	0.0	NA
chr8	69700000	69800000	12965	3185.0	0.245661396066
chr8	69800000	69900000	5151	1247.0	0.242088914774
chr8	69900000	70000000	0	0.0	NA
chr8	70000000	70100000	29008	7200.0	0.248207391065
chr8	70100000	70200000	7407	1880.0	0.253813959768
chr8	70200000	70300000	0	0.0	NA
chr8	70300000	70400000	18806	3992.0	0.212272678932
chr8	70400000	70500000	0	0.0	NA
chr8	70500000	70600000	8999	2060.0	0.228914323814
chr8	70600000	70700000	0	0.0	NA
chr8	70700000	70800000	3335	707.0	0.211994002999
chr8	70800000	70900000	12144	2923.0	0.240694993412
chr8	70900000	71000000	9339	2239.0	0.239747296284
chr8	71000000	71100000	2060	574.0	0.278640776699
chr8	71100000	71200000	0	0.0	NA
chr8	71200000	71300000	0	0.0	NA
chr8	71300000	71400000	11684	2617.0	0.22398151318
chr8	71400000	71500000	7003	1685.0	0.240611166643
chr8	71500000	71600000	19433	4211.0	0.216693253744
chr8	71600000	71700000	3640	919.0	0.252472527473
chr8	71700000	71800000	879	228.0	0.259385665529
chr8	71800000	71900000	0	0.0	NA
chr8	71900000	72000000	0	0.0	NA
chr8	72000000	72100000	7374	1635.0	0.221724979658
chr8	72100000	72200000	0	0.0	NA
chr8	72200000	72300000	0	0.0	NA
chr8	72300000	72400000	0	0.0	NA
chr8	72400000	72500000	8871	1697.0	0.191297486191
chr8	72500000	72600000	4066	914.0	0.224790949336
chr8	72600000	72700000	13410	3324.0	0.247874720358
chr8	72700000	72800000	35889	9043.0	0.251971356126
chr8	72800000	72900000	0	0.0	NA
chr8	72900000	73000000	0	0.0	NA
chr8	73000000	73100000	8923	2335.0	0.261683290373
chr8	73100000	73200000	7367	1871.0	0.253970408579
chr8	73200000	73300000	7030	1829.0	0.260170697013
chr8	73300000	73400000	6766	1599.0	0.236328702335
chr8	73400000	73500000	6374	1521.0	0.238625666771
chr8	73500000	73600000	0	0.0	NA
chr8	73600000	73700000	0	0.0	NA
chr8	73700000	73800000	0	0.0	NA
chr8	73800000	73900000	14946	3200.0	0.214104108123
chr8	73900000	74000000	21517	5704.0	0.265092717386
chr8	74000000	74100000	4941	1186.0	0.240032382109
chr8	74100000	74200000	7443	1800.0	0.241837968561
chr8	74200000	74300000	22809	5913.0	0.259239773774
chr8	74300000	74400000	7562	1998.0	0.264215815922
chr8	74400000	74500000	0	0.0	NA
chr8	74500000	74600000	0	0.0	NA
chr8	74600000	74700000	0	0.0	NA
chr8	74700000	74800000	0	0.0	NA
chr8	74800000	74900000	14428	3533.0	0.244871084003
chr8	74900000	75000000	11495	2763.0	0.240365376251
chr8	75000000	75100000	18952	4531.0	0.239077669903
chr8	75100000	75200000	7843	2084.0	0.265714650006
chr8	75200000	75300000	25624	5830.0	0.227521073993
chr8	75300000	75400000	2893	730.0	0.252333218113
chr8	75400000	75500000	9932	2395.0	0.241139750302
chr8	75500000	75600000	1250	297.0	0.2376
chr8	75600000	75700000	0	0.0	NA
chr8	75700000	75800000	9957	2441.0	0.2451541629
chr8	75800000	75900000	15594	3731.0	0.239258689239
chr8	75900000	76000000	838	211.0	0.251789976134
chr8	76000000	76100000	6434	1512.0	0.235001554243
chr8	76100000	76200000	8603	2085.0	0.242357317215
chr8	76200000	76300000	7088	1633.0	0.230389390519
chr8	76300000	76400000	4345	1030.0	0.237054085155
chr8	76400000	76500000	0	0.0	NA
chr8	76500000	76600000	0	0.0	NA
chr8	76600000	76700000	3246	815.0	0.251078250154
chr8	76700000	76800000	10608	2741.0	0.258389894419
chr8	76800000	76900000	2841	581.0	0.204505455825
chr8	76900000	77000000	0	0.0	NA
chr8	77000000	77100000	0	0.0	NA
chr8	77100000	77200000	10515	2752.0	0.261721350452
chr8	77200000	77300000	2425	592.0	0.24412371134
chr8	77300000	77400000	4756	1276.0	0.268292682927
chr8	77400000	77500000	14759	3198.0	0.216681346975
chr8	77500000	77600000	7608	1818.0	0.238958990536
chr8	77600000	77700000	0	0.0	NA
chr8	77700000	77800000	7919	1824.0	0.23033211264
chr8	77800000	77900000	29542	6678.0	0.226051045968
chr8	77900000	78000000	2525	551.0	0.218217821782
chr8	78000000	78100000	0	0.0	NA
chr8	78100000	78200000	3957	994.0	0.251200404347
chr8	78200000	78300000	10646	2754.0	0.258688709374
chr8	78300000	78400000	591	153.0	0.258883248731
chr8	78400000	78500000	209	61.0	0.291866028708
chr8	78500000	78600000	0	0.0	NA
chr8	78600000	78700000	0	0.0	NA
chr8	78700000	78800000	0	0.0	NA
chr8	78800000	78900000	0	0.0	NA
chr8	78900000	79000000	0	0.0	NA
chr8	79000000	79100000	12684	3183.0	0.250946073794
chr8	79100000	79200000	0	0.0	NA
chr8	79200000	79300000	2651	702.0	0.264805733685
chr8	79300000	79400000	11605	2678.0	0.230762602327
chr8	79400000	79500000	1605	360.0	0.224299065421
chr8	79500000	79600000	10412	2418.0	0.232232039954
chr8	79600000	79700000	21089	4781.0	0.226705865617
chr8	79700000	79800000	11080	2720.0	0.245487364621
chr8	79800000	79900000	0	0.0	NA
chr8	79900000	80000000	7235	1852.0	0.25597788528
chr8	80000000	80100000	4675	1158.0	0.247700534759
chr8	80100000	80200000	4416	1189.0	0.269248188406
chr8	80200000	80300000	6659	1735.0	0.260549632077
chr8	80300000	80400000	0	0.0	NA
chr8	80400000	80500000	0	0.0	NA
chr8	80500000	80600000	4543	1039.0	0.22870349989
chr8	80600000	80700000	10406	2626.0	0.252354410917
chr8	80700000	80800000	2636	633.0	0.240136570561
chr8	80800000	80900000	8839	1980.0	0.224007240638
chr8	80900000	81000000	0	0.0	NA
chr8	81000000	81100000	0	0.0	NA
chr8	81100000	81200000	11707	3086.0	0.263602972581
chr8	81200000	81300000	0	0.0	NA
chr8	81300000	81400000	3363	767.0	0.228070175439
chr8	81400000	81500000	38457	8387.0	0.218087734353
chr8	81500000	81600000	19953	4794.0	0.240264621861
chr8	81600000	81700000	0	0.0	NA
chr8	81700000	81800000	1991	532.0	0.267202410849
chr8	81800000	81900000	7502	2006.0	0.267395361237
chr8	81900000	82000000	0	0.0	NA
chr8	82000000	82100000	21252	5084.0	0.239224543572
chr8	82100000	82200000	8941	2251.0	0.251761547925
chr8	82200000	82300000	11144	2684.0	0.240847092606
chr8	82300000	82400000	4131	994.0	0.240619704672
chr8	82400000	82500000	5644	1434.0	0.254075124026
chr8	82500000	82600000	9345	2363.0	0.252862493312
chr8	82600000	82700000	21138	5345.0	0.252862144006
chr8	82700000	82800000	8207	1959.0	0.238698671865
chr8	82800000	82900000	5053	1141.0	0.225806451613
chr8	82900000	83000000	2913	680.0	0.233436319945
chr8	83000000	83100000	5516	1337.0	0.242385786802
chr8	83100000	83200000	0	0.0	NA
chr8	83200000	83300000	0	0.0	NA
chr8	83300000	83400000	0	0.0	NA
chr8	83400000	83500000	4514	1112.0	0.246344705361
chr8	83500000	83600000	0	0.0	NA
chr8	83600000	83700000	1188	250.0	0.210437710438
chr8	83700000	83800000	3393	841.0	0.247863247863
chr8	83800000	83900000	222	72.0	0.324324324324
chr8	83900000	84000000	0	0.0	NA
chr8	84000000	84100000	0	0.0	NA
chr8	84100000	84200000	0	0.0	NA
chr8	84200000	84300000	0	0.0	NA
chr8	84300000	84400000	4158	1060.0	0.25493025493
chr8	84400000	84500000	0	0.0	NA
chr8	84500000	84600000	0	0.0	NA
chr8	84600000	84700000	0	0.0	NA
chr8	84700000	84800000	0	0.0	NA
chr8	84800000	84900000	3937	1055.0	0.267970535941
chr8	84900000	85000000	0	0.0	NA
chr8	85000000	85100000	10190	2470.0	0.242394504416
chr8	85100000	85200000	0	0.0	NA
chr8	85200000	85300000	0	0.0	NA
chr8	85300000	85400000	0	0.0	NA
chr8	85400000	85500000	0	0.0	NA
chr8	85500000	85600000	0	0.0	NA
chr8	85600000	85700000	0	0.0	NA
chr8	85700000	85800000	0	0.0	NA
chr8	85800000	85900000	3018	661.0	0.219019218025
chr8	85900000	86000000	442	106.0	0.239819004525
chr8	86000000	86100000	2273	514.0	0.226132864056
chr8	86100000	86200000	14365	3502.0	0.243786982249
chr8	86200000	86300000	0	0.0	NA
chr8	86300000	86400000	0	0.0	NA
chr8	86400000	86500000	11596	2919.0	0.251724732666
chr8	86500000	86600000	3510	925.0	0.263532763533
chr8	86600000	86700000	0	0.0	NA
chr8	86700000	86800000	0	0.0	NA
chr8	86800000	86900000	5537	1436.0	0.259346216363
chr8	86900000	87000000	5864	1456.0	0.2482946794
chr8	87000000	87100000	9628	2516.0	0.261321146656
chr8	87100000	87200000	4815	1181.0	0.245275181724
chr8	87200000	87300000	11501	2693.0	0.234153551865
chr8	87300000	87400000	3539	807.0	0.228030517095
chr8	87400000	87500000	12974	2939.0	0.226529983043
chr8	87500000	87600000	23455	5253.0	0.223960775954
chr8	87600000	87700000	0	0.0	NA
chr8	87700000	87800000	9554	2334.0	0.244295583002
chr8	87800000	87900000	11630	2825.0	0.24290627687
chr8	87900000	88000000	0	0.0	NA
chr8	88000000	88100000	0	0.0	NA
chr8	88100000	88200000	0	0.0	NA
chr8	88200000	88300000	0	0.0	NA
chr8	88300000	88400000	0	0.0	NA
chr8	88400000	88500000	6859	1784.0	0.260096223939
chr8	88500000	88600000	7887	1932.0	0.24496006086
chr8	88600000	88700000	0	0.0	NA
chr8	88700000	88800000	7247	1907.0	0.26314336967
chr8	88800000	88900000	6797	1716.0	0.252464322495
chr8	88900000	89000000	9508	2219.0	0.233382414809
chr8	89000000	89100000	14494	2942.0	0.202980543673
chr8	89100000	89200000	0	0.0	NA
chr8	89200000	89300000	0	0.0	NA
chr8	89300000	89400000	0	0.0	NA
chr8	89400000	89500000	0	0.0	NA
chr8	89500000	89600000	0	0.0	NA
chr8	89600000	89700000	0	0.0	NA
chr8	89700000	89800000	5463	1384.0	0.253340655318
chr8	89800000	89900000	2421	611.0	0.252375051632
chr8	89900000	90000000	0	0.0	NA
chr8	90000000	90100000	0	0.0	NA
chr8	90100000	90200000	0	0.0	NA
chr8	90200000	90300000	0	0.0	NA
chr8	90300000	90400000	0	0.0	NA
chr8	90400000	90500000	0	0.0	NA
chr8	90500000	90600000	0	0.0	NA
chr8	90600000	90700000	5351	1210.0	0.226125957765
chr8	90700000	90800000	6237	1525.0	0.244508577842
chr8	90800000	90900000	5801	1596.0	0.275124978452
chr8	90900000	91000000	21553	5532.0	0.256669605159
chr8	91000000	91100000	19377	4840.0	0.249780667802
chr8	91100000	91200000	3870	941.0	0.24315245478
chr8	91200000	91300000	957	180.0	0.188087774295
chr8	91300000	91400000	0	0.0	NA
chr8	91400000	91500000	13543	3320.0	0.245145093406
chr8	91500000	91600000	10401	2685.0	0.258148254975
chr8	91600000	91700000	5366	1342.0	0.250093179277
chr8	91700000	91800000	0	0.0	NA
chr8	91800000	91900000	0	0.0	NA
chr8	91900000	92000000	8467	1919.0	0.226644620291
chr8	92000000	92100000	36167	8746.0	0.241822656012
chr8	92100000	92200000	8996	2220.0	0.246776345042
chr8	92200000	92300000	0	0.0	NA
chr8	92300000	92400000	0	0.0	NA
chr8	92400000	92500000	17797	4259.0	0.239309996067
chr8	92500000	92600000	3434	804.0	0.234129295282
chr8	92600000	92700000	0	0.0	NA
chr8	92700000	92800000	0	0.0	NA
chr8	92800000	92900000	0	0.0	NA
chr8	92900000	93000000	10329	2487.0	0.240778390938
chr8	93000000	93100000	0	0.0	NA
chr8	93100000	93200000	14713	3786.0	0.257323455448
chr8	93200000	93300000	0	0.0	NA
chr8	93300000	93400000	801	171.0	0.213483146067
chr8	93400000	93500000	29466	6571.0	0.223002782868
chr8	93500000	93600000	14132	3582.0	0.253467308237
chr8	93600000	93700000	19276	4445.0	0.230597634364
chr8	93700000	93800000	3768	812.0	0.215498938429
chr8	93800000	93900000	9219	2220.0	0.240807028962
chr8	93900000	94000000	6646	1225.0	0.184321396329
chr8	94000000	94100000	18825	4238.0	0.225126162019
chr8	94100000	94200000	15006	3431.0	0.228641876583
chr8	94200000	94300000	4327	1009.0	0.233186965565
chr8	94300000	94400000	0	0.0	NA
chr8	94400000	94500000	0	0.0	NA
chr8	94500000	94600000	0	0.0	NA
chr8	94600000	94700000	2710	612.0	0.225830258303
chr8	94700000	94800000	25706	5734.0	0.223060764024
chr8	94800000	94900000	11965	3283.0	0.274383618888
chr8	94900000	95000000	17772	4647.0	0.261478730587
chr8	95000000	95100000	10793	3026.0	0.280366904475
chr8	95100000	95200000	7164	2088.0	0.291457286432
chr8	95200000	95300000	12690	3655.0	0.288022064618
chr8	95300000	95400000	4904	1284.0	0.261827079935
chr8	95400000	95500000	1346	325.0	0.241456166419
chr8	95500000	95600000	13693	2943.0	0.214927335135
chr8	95600000	95700000	7179	2023.0	0.281794121744
chr8	95700000	95800000	11157	2662.0	0.238594604284
chr8	95800000	95900000	1261	405.0	0.321173671689
chr8	95900000	96000000	0	0.0	NA
chr8	96000000	96100000	0	0.0	NA
chr8	96100000	96200000	12654	3731.0	0.294847479058
chr8	96200000	96300000	2938	957.0	0.325731790334
chr8	96300000	96400000	0	0.0	NA
chr8	96400000	96500000	0	0.0	NA
chr8	96500000	96600000	0	0.0	NA
chr8	96600000	96700000	0	0.0	NA
chr8	96700000	96800000	0	0.0	NA
chr8	96800000	96900000	4750	1144.0	0.240842105263
chr8	96900000	97000000	13041	2958.0	0.226823096388
chr8	97000000	97100000	9290	2515.0	0.270721205597
chr8	97100000	97200000	14682	4624.0	0.314943468192
chr8	97200000	97300000	24344	7114.0	0.29222806441
chr8	97300000	97400000	9170	2277.0	0.248309705562
chr8	97400000	97500000	15251	4456.0	0.292177562127
chr8	97500000	97600000	0	0.0	NA
chr8	97600000	97700000	7362	2132.0	0.289595218691
chr8	97700000	97800000	0	0.0	NA
chr8	97800000	97900000	0	0.0	NA
chr8	97900000	98000000	0	0.0	NA
chr8	98000000	98100000	0	0.0	NA
chr8	98100000	98200000	0	0.0	NA
chr8	98200000	98300000	0	0.0	NA
chr8	98300000	98400000	0	0.0	NA
chr8	98400000	98500000	4433	1393.0	0.314234152944
chr8	98500000	98600000	0	0.0	NA
chr8	98600000	98700000	4448	1139.0	0.256070143885
chr8	98700000	98800000	1985	449.0	0.226196473552
chr8	98800000	98900000	12155	3078.0	0.253229123817
chr8	98900000	99000000	0	0.0	NA
chr8	99000000	99100000	16989	4072.0	0.239684501736
chr8	99100000	99200000	25367	6483.0	0.255568257973
chr8	99200000	99300000	0	0.0	NA
chr8	99300000	99400000	17083	4116.0	0.240941286659
chr8	99400000	99500000	36581	8935.0	0.244252480796
chr8	99500000	99600000	0	0.0	NA
chr8	99600000	99700000	0	0.0	NA
chr8	99700000	99800000	0	0.0	NA
chr8	99800000	99900000	0	0.0	NA
chr8	99900000	100000000	39828	7796.0	0.195741689264
chr8	100000000	100100000	5662	1136.0	0.200635817732
chr8	100100000	100200000	0	0.0	NA
chr8	100200000	100300000	0	0.0	NA
chr8	100300000	100400000	0	0.0	NA
chr8	100400000	100500000	0	0.0	NA
chr8	100500000	100600000	0	0.0	NA
chr8	100600000	100700000	0	0.0	NA
chr8	100700000	100800000	0	0.0	NA
chr8	100800000	100900000	8479	2231.0	0.26312065102
chr8	100900000	101000000	6541	1711.0	0.261580798043
chr8	101000000	101100000	0	0.0	NA
chr8	101100000	101200000	22303	4923.0	0.220732636865
chr8	101200000	101300000	12670	2509.0	0.198026835043
chr8	101300000	101400000	15215	3423.0	0.22497535327
chr8	101400000	101500000	25060	6693.0	0.267079010375
chr8	101500000	101600000	26694	6630.0	0.248370420319
chr8	101600000	101700000	6234	1621.0	0.260025665704
chr8	101700000	101800000	19566	4928.0	0.251865480936
chr8	101800000	101900000	7473	1966.0	0.263080422856
chr8	101900000	102000000	21987	5670.0	0.25787965616
chr8	102000000	102100000	7337	1992.0	0.27150061333
chr8	102100000	102200000	44028	12281.0	0.278936131553
chr8	102200000	102300000	24063	5808.0	0.241366413165
chr8	102300000	102400000	23684	6208.0	0.262117885492
chr8	102400000	102500000	28707	7363.0	0.256487964608
chr8	102500000	102600000	0	0.0	NA
chr8	102600000	102700000	4982	1279.0	0.256724207146
chr8	102700000	102800000	1682	306.0	0.18192627824
chr8	102800000	102900000	0	0.0	NA
chr8	102900000	103000000	0	0.0	NA
chr8	103000000	103100000	0	0.0	NA
chr8	103100000	103200000	10354	2518.0	0.24319103728
chr8	103200000	103300000	12872	2630.0	0.204319453076
chr8	103300000	103400000	0	0.0	NA
chr8	103400000	103500000	14414	3366.0	0.233522963785
chr8	103500000	103600000	21328	5252.0	0.246249062266
chr8	103600000	103700000	16024	4078.0	0.25449326011
chr8	103700000	103800000	11213	2985.0	0.266208864711
chr8	103800000	103900000	14847	3488.0	0.234929615411
chr8	103900000	104000000	6416	1471.0	0.229270573566
chr8	104000000	104100000	16088	4058.0	0.25223769269
chr8	104100000	104200000	6660	1908.0	0.286486486486
chr8	104200000	104300000	0	0.0	NA
chr8	104300000	104400000	19524	4508.0	0.230895308338
chr8	104400000	104500000	31008	6609.0	0.213138544892
chr8	104500000	104600000	6304	1249.0	0.198128172589
chr8	104600000	104700000	0	0.0	NA
chr8	104700000	104800000	0	0.0	NA
chr8	104800000	104900000	0	0.0	NA
chr8	104900000	105000000	0	0.0	NA
chr8	105000000	105100000	0	0.0	NA
chr8	105100000	105200000	0	0.0	NA
chr8	105200000	105300000	2520	606.0	0.240476190476
chr8	105300000	105400000	17251	4531.0	0.262651440496
chr8	105400000	105500000	15446	3901.0	0.252557296387
chr8	105500000	105600000	10261	2074.0	0.202124549264
chr8	105600000	105700000	19496	4413.0	0.226354123923
chr8	105700000	105800000	14303	3667.0	0.256379780466
chr8	105800000	105900000	0	0.0	NA
chr8	105900000	106000000	0	0.0	NA
chr8	106000000	106100000	0	0.0	NA
chr8	106100000	106200000	8699	2076.0	0.238648120474
chr8	106200000	106300000	0	0.0	NA
chr8	106300000	106400000	5964	1423.0	0.238598256204
chr8	106400000	106500000	0	0.0	NA
chr8	106500000	106600000	0	0.0	NA
chr8	106600000	106700000	0	0.0	NA
chr8	106700000	106800000	0	0.0	NA
chr8	106800000	106900000	0	0.0	NA
chr8	106900000	107000000	0	0.0	NA
chr8	107000000	107100000	6211	1499.0	0.241345999034
chr8	107100000	107200000	0	0.0	NA
chr8	107200000	107300000	8202	1944.0	0.237015362107
chr8	107300000	107400000	680	154.0	0.226470588235
chr8	107400000	107500000	0	0.0	NA
chr8	107500000	107600000	0	0.0	NA
chr8	107600000	107700000	0	0.0	NA
chr8	107700000	107800000	12977	3088.0	0.237959466749
chr8	107800000	107900000	0	0.0	NA
chr8	107900000	108000000	0	0.0	NA
chr8	108000000	108100000	0	0.0	NA
chr8	108100000	108200000	0	0.0	NA
chr8	108200000	108300000	2692	665.0	0.247028231798
chr8	108300000	108400000	0	0.0	NA
chr8	108400000	108500000	0	0.0	NA
chr8	108500000	108600000	2926	796.0	0.272043745728
chr8	108600000	108700000	0	0.0	NA
chr8	108700000	108800000	0	0.0	NA
chr8	108800000	108900000	11448	2551.0	0.222833682739
chr8	108900000	109000000	8306	1907.0	0.229593065254
chr8	109000000	109100000	0	0.0	NA
chr8	109100000	109200000	7806	1837.0	0.235331796054
chr8	109200000	109300000	10080	2284.0	0.226587301587
chr8	109300000	109400000	0	0.0	NA
chr8	109400000	109500000	6236	1371.0	0.219852469532
chr8	109500000	109600000	8240	1960.0	0.23786407767
chr8	109600000	109700000	0	0.0	NA
chr8	109700000	109800000	0	0.0	NA
chr8	109800000	109900000	25208	6019.0	0.238773405268
chr8	109900000	110000000	0	0.0	NA
chr8	110000000	110100000	8135	2070.0	0.254456054087
chr8	110100000	110200000	6091	1466.0	0.240682974881
chr8	110200000	110300000	5528	1302.0	0.235528219971
chr8	110300000	110400000	10506	2389.0	0.227393870169
chr8	110400000	110500000	0	0.0	NA
chr8	110500000	110600000	27428	6689.0	0.243874872393
chr8	110600000	110700000	0	0.0	NA
chr8	110700000	110800000	8871	2005.0	0.226017359937
chr8	110800000	110900000	3879	909.0	0.2343387471
chr8	110900000	111000000	6941	1614.0	0.232531335542
chr8	111000000	111100000	4226	1023.0	0.242072882158
chr8	111100000	111200000	0	0.0	NA
chr8	111200000	111300000	0	0.0	NA
chr8	111300000	111400000	12998	3465.0	0.266579473765
chr8	111400000	111500000	0	0.0	NA
chr8	111500000	111600000	0	0.0	NA
chr8	111600000	111700000	9518	2502.0	0.262870350914
chr8	111700000	111800000	5936	1704.0	0.287061994609
chr8	111800000	111900000	0	0.0	NA
chr8	111900000	112000000	1659	397.0	0.239300783605
chr8	112000000	112100000	7596	2059.0	0.271063717746
chr8	112100000	112200000	977	295.0	0.301944728762
chr8	112200000	112300000	5106	1341.0	0.262632197415
chr8	112300000	112400000	1970	499.0	0.253299492386
chr8	112400000	112500000	0	0.0	NA
chr8	112500000	112600000	0	0.0	NA
chr8	112600000	112700000	0	0.0	NA
chr8	112700000	112800000	1730	479.0	0.276878612717
chr8	112800000	112900000	0	0.0	NA
chr8	112900000	113000000	0	0.0	NA
chr8	113000000	113100000	0	0.0	NA
chr8	113100000	113200000	9661	2441.0	0.252665355553
chr8	113200000	113300000	1515	377.0	0.248844884488
chr8	113300000	113400000	0	0.0	NA
chr8	113400000	113500000	0	0.0	NA
chr8	113500000	113600000	0	0.0	NA
chr8	113600000	113700000	0	0.0	NA
chr8	113700000	113800000	0	0.0	NA
chr8	113800000	113900000	0	0.0	NA
chr8	113900000	114000000	0	0.0	NA
chr8	114000000	114100000	0	0.0	NA
chr8	114100000	114200000	0	0.0	NA
chr8	114200000	114300000	0	0.0	NA
chr8	114300000	114400000	0	0.0	NA
chr8	114400000	114500000	5697	1339.0	0.235035983851
chr8	114500000	114600000	2800	743.0	0.265357142857
chr8	114600000	114700000	3362	863.0	0.256692444973
chr8	114700000	114800000	0	0.0	NA
chr8	114800000	114900000	0	0.0	NA
chr8	114900000	115000000	7355	1981.0	0.269340584636
chr8	115000000	115100000	0	0.0	NA
chr8	115100000	115200000	0	0.0	NA
chr8	115200000	115300000	1756	481.0	0.273917995444
chr8	115300000	115400000	1879	532.0	0.283129324109
chr8	115400000	115500000	0	0.0	NA
chr8	115500000	115600000	0	0.0	NA
chr8	115600000	115700000	0	0.0	NA
chr8	115700000	115800000	0	0.0	NA
chr8	115800000	115900000	0	0.0	NA
chr8	115900000	116000000	0	0.0	NA
chr8	116000000	116100000	0	0.0	NA
chr8	116100000	116200000	0	0.0	NA
chr8	116200000	116300000	0	0.0	NA
chr8	116300000	116400000	0	0.0	NA
chr8	116400000	116500000	5395	1275.0	0.236329935125
chr8	116500000	116600000	0	0.0	NA
chr8	116600000	116700000	7037	1704.0	0.242148642888
chr8	116700000	116800000	1211	261.0	0.215524360033
chr8	116800000	116900000	0	0.0	NA
chr8	116900000	117000000	8840	2142.0	0.242307692308
chr8	117000000	117100000	0	0.0	NA
chr8	117100000	117200000	0	0.0	NA
chr8	117200000	117300000	0	0.0	NA
chr8	117300000	117400000	12481	2634.0	0.211040781989
chr8	117400000	117500000	4186	978.0	0.233635929288
chr8	117500000	117600000	0	0.0	NA
chr8	117600000	117700000	7577	1934.0	0.255246139633
chr8	117700000	117800000	8665	2178.0	0.251356030006
chr8	117800000	117900000	857	212.0	0.247374562427
chr8	117900000	118000000	16699	3998.0	0.239415533864
chr8	118000000	118100000	0	0.0	NA
chr8	118100000	118200000	0	0.0	NA
chr8	118200000	118300000	0	0.0	NA
chr8	118300000	118400000	13164	3217.0	0.244378608326
chr8	118400000	118500000	0	0.0	NA
chr8	118500000	118600000	13608	3569.0	0.262272192828
chr8	118600000	118700000	0	0.0	NA
chr8	118700000	118800000	2137	493.0	0.23069723912
chr8	118800000	118900000	0	0.0	NA
chr8	118900000	119000000	0	0.0	NA
chr8	119000000	119100000	0	0.0	NA
chr8	119100000	119200000	9964	2340.0	0.234845443597
chr8	119200000	119300000	0	0.0	NA
chr8	119300000	119400000	0	0.0	NA
chr8	119400000	119500000	0	0.0	NA
chr8	119500000	119600000	0	0.0	NA
chr8	119600000	119700000	0	0.0	NA
chr8	119700000	119800000	8664	2074.0	0.239381348107
chr8	119800000	119900000	0	0.0	NA
chr8	119900000	120000000	8434	1990.0	0.235949727294
chr8	120000000	120100000	0	0.0	NA
chr8	120100000	120200000	9251	2283.0	0.246784131445
chr8	120200000	120300000	3292	817.0	0.248177399757
chr8	120300000	120400000	8057	2046.0	0.253940672707
chr8	120400000	120500000	4695	1059.0	0.225559105431
chr8	120500000	120600000	2497	654.0	0.261914297157
chr8	120600000	120700000	3572	839.0	0.234882418813
chr8	120700000	120800000	17041	4051.0	0.237720791033
chr8	120800000	120900000	20686	5054.0	0.244319829837
chr8	120900000	121000000	0	0.0	NA
chr8	121000000	121100000	11878	2914.0	0.245327496211
chr8	121100000	121200000	2738	672.0	0.245434623813
chr8	121200000	121300000	0	0.0	NA
chr8	121300000	121400000	7261	1765.0	0.243079465638
chr8	121400000	121500000	384	107.0	0.278645833333
chr8	121500000	121600000	12385	2848.0	0.229955591441
chr8	121600000	121700000	0	0.0	NA
chr8	121700000	121800000	0	0.0	NA
chr8	121800000	121900000	6733	1786.0	0.265260656468
chr8	121900000	122000000	893	218.0	0.244120940649
chr8	122000000	122100000	0	0.0	NA
chr8	122100000	122200000	13184	3143.0	0.238395024272
chr8	122200000	122300000	3830	1046.0	0.273107049608
chr8	122300000	122400000	0	0.0	NA
chr8	122400000	122500000	0	0.0	NA
chr8	122500000	122600000	14625	3720.0	0.254358974359
chr8	122600000	122700000	7657	1930.0	0.252056941361
chr8	122700000	122800000	5656	1521.0	0.268917963225
chr8	122800000	122900000	7126	1872.0	0.262699971934
chr8	122900000	123000000	11331	2680.0	0.236519283382
chr8	123000000	123100000	0	0.0	NA
chr8	123100000	123200000	9026	2254.0	0.24972302238
chr8	123200000	123300000	0	0.0	NA
chr8	123300000	123400000	0	0.0	NA
chr8	123400000	123500000	5944	1586.0	0.266823687752
chr8	123500000	123600000	6493	1576.0	0.242722932389
chr8	123600000	123700000	9842	2593.0	0.263462710831
chr8	123700000	123800000	13287	3344.0	0.251674569128
chr8	123800000	123900000	6395	1705.0	0.266614542611
chr8	123900000	124000000	7213	1810.0	0.250935810342
chr8	124000000	124100000	15403	3930.0	0.255145101604
chr8	124100000	124200000	12661	3395.0	0.268146275966
chr8	124200000	124300000	16008	3983.0	0.248813093453
chr8	124300000	124400000	206	54.0	0.26213592233
chr8	124400000	124500000	10738	2711.0	0.252467871112
chr8	124500000	124600000	24168	5962.0	0.246689837802
chr8	124600000	124700000	18233	4549.0	0.249492678111
chr8	124700000	124800000	3018	791.0	0.262094102054
chr8	124800000	124900000	0	0.0	NA
chr8	124900000	125000000	0	0.0	NA
chr8	125000000	125100000	0	0.0	NA
chr8	125100000	125200000	8019	2155.0	0.268736750218
chr8	125200000	125300000	15807	4183.0	0.264629594483
chr8	125300000	125400000	4240	987.0	0.232783018868
chr8	125400000	125500000	14337	3047.0	0.21252702797
chr8	125500000	125600000	15850	3567.0	0.225047318612
chr8	125600000	125700000	0	0.0	NA
chr8	125700000	125800000	2504	561.0	0.224041533546
chr8	125800000	125900000	4723	1113.0	0.235655303832
chr8	125900000	126000000	10522	2484.0	0.236076791485
chr8	126000000	126100000	13729	3472.0	0.252895331051
chr8	126100000	126200000	0	0.0	NA
chr8	126200000	126300000	0	0.0	NA
chr8	126300000	126400000	2038	491.0	0.240922473013
chr8	126400000	126500000	22265	5638.0	0.253222546598
chr8	126500000	126600000	21440	5326.0	0.248414179104
chr8	126600000	126700000	0	0.0	NA
chr8	126700000	126800000	10587	2904.0	0.274298668178
chr8	126800000	126900000	2504	636.0	0.253993610224
chr8	126900000	127000000	22130	5593.0	0.252733845459
chr8	127000000	127100000	4549	1229.0	0.270169267971
chr8	127100000	127200000	8941	2299.0	0.257130074936
chr8	127200000	127300000	0	0.0	NA
chr8	127300000	127400000	3008	811.0	0.269614361702
chr8	127400000	127500000	3081	805.0	0.261278805583
chr8	127500000	127600000	22216	6028.0	0.271335974073
chr8	127600000	127700000	0	0.0	NA
chr8	127700000	127800000	0	0.0	NA
chr8	127800000	127900000	0	0.0	NA
chr8	127900000	128000000	0	0.0	NA
chr8	128000000	128100000	0	0.0	NA
chr8	128100000	128200000	0	0.0	NA
chr8	128200000	128300000	0	0.0	NA
chr8	128300000	128400000	0	0.0	NA
chr8	128400000	128500000	0	0.0	NA
chr8	128500000	128600000	9291	2552.0	0.274674416102
chr8	128600000	128700000	7618	2055.0	0.269755841428
chr8	128700000	128800000	18037	4896.0	0.271442035815
chr8	128800000	128900000	0	0.0	NA
chr8	128900000	129000000	0	0.0	NA
chr8	129000000	129100000	0	0.0	NA
chr8	129100000	129200000	15935	4308.0	0.270348289928
chr8	129200000	129300000	13978	3834.0	0.27428816712
chr8	129300000	129400000	2312	677.0	0.292820069204
chr8	129400000	129500000	6380	1590.0	0.24921630094
chr8	129500000	129600000	8695	2138.0	0.245888441633
chr8	129600000	129700000	4487	1113.0	0.248049921997
chr8	129700000	129800000	0	0.0	NA
chr8	129800000	129900000	0	0.0	NA
chr8	129900000	130000000	12016	3123.0	0.259903462051
chr8	130000000	130100000	0	0.0	NA
chr8	130100000	130200000	0	0.0	NA
chr8	130200000	130300000	0	0.0	NA
chr8	130300000	130400000	0	0.0	NA
chr8	130400000	130500000	0	0.0	NA
chr8	130500000	130600000	0	0.0	NA
chr8	130600000	130700000	5071	1238.0	0.24413330704
chr8	130700000	130800000	8051	2195.0	0.272636939511
chr8	130800000	130900000	2837	875.0	0.308424391963
chr8	130900000	131000000	0	0.0	NA
chr8	131000000	131100000	3372	1005.0	0.298042704626
chr8	131100000	131200000	0	0.0	NA
chr8	131200000	131300000	0	0.0	NA
chr8	131300000	131400000	0	0.0	NA
chr8	131400000	131500000	4658	1237.0	0.265564620009
chr8	131500000	131600000	4666	1218.0	0.261037291042
chr8	131600000	131700000	6012	1729.0	0.287591483699
chr8	131700000	131800000	3436	994.0	0.289289871944
chr8	131800000	131900000	0	0.0	NA
chr8	131900000	132000000	0	0.0	NA
chr8	132000000	132100000	6222	1721.0	0.276599164256
chr8	132100000	132200000	6155	1707.0	0.277335499594
chr8	132200000	132300000	0	0.0	NA
chr8	132300000	132400000	11837	3142.0	0.265438878094
chr8	132400000	132500000	6789	1791.0	0.263809102961
chr8	132500000	132600000	0	0.0	NA
chr8	132600000	132700000	0	0.0	NA
chr8	132700000	132800000	0	0.0	NA
chr8	132800000	132900000	8283	2076.0	0.250633828323
chr8	132900000	133000000	949	202.0	0.212855637513
chr8	133000000	133100000	11100	3015.0	0.271621621622
chr8	133100000	133200000	16075	4053.0	0.252130637636
chr8	133200000	133300000	0	0.0	NA
chr8	133300000	133400000	0	0.0	NA
chr8	133400000	133500000	0	0.0	NA
chr8	133500000	133600000	17930	4780.0	0.266592303402
chr8	133600000	133700000	5685	1566.0	0.275461741425
chr8	133700000	133800000	19407	4885.0	0.251713299325
chr8	133800000	133900000	7090	1866.0	0.263187588152
chr8	133900000	134000000	0	0.0	NA
chr8	134000000	134100000	0	0.0	NA
chr8	134100000	134200000	11892	3717.0	0.312563067608
chr8	134200000	134300000	14845	4597.0	0.309666554395
chr8	134300000	134400000	347	104.0	0.299711815562
chr8	134400000	134500000	2653	894.0	0.336977007162
chr8	134500000	134600000	6250	1989.0	0.31824
chr8	134600000	134700000	21572	6533.0	0.302846282218
chr8	134700000	134800000	9416	2875.0	0.305331350892
chr8	134800000	134900000	11079	3447.0	0.311129163282
chr8	134900000	135000000	4200	1331.0	0.316904761905
chr8	135000000	135100000	0	0.0	NA
chr8	135100000	135200000	0	0.0	NA
chr8	135200000	135300000	7050	1762.0	0.249929078014
chr8	135300000	135400000	2141	646.0	0.301728164409
chr8	135400000	135500000	2158	794.0	0.367933271548
chr8	135500000	135600000	0	0.0	NA
chr8	135600000	135700000	0	0.0	NA
chr8	135700000	135800000	29960	8142.0	0.2717623498
chr8	135800000	135900000	42154	10091.0	0.239384162832
chr8	135900000	136000000	1906	516.0	0.270724029381
chr8	136000000	136100000	0	0.0	NA
chr8	136100000	136200000	8631	2124.0	0.246089676747
chr8	136200000	136300000	12165	3394.0	0.278997122894
chr8	136300000	136400000	4238	1151.0	0.271590372817
chr8	136400000	136500000	15898	4510.0	0.283683482199
chr8	136500000	136600000	0	0.0	NA
chr8	136600000	136700000	2868	1029.0	0.358786610879
chr8	136700000	136800000	6283	1970.0	0.313544485119
chr8	136800000	136900000	0	0.0	NA
chr8	136900000	137000000	0	0.0	NA
chr8	137000000	137100000	6528	1729.0	0.264859068627
chr8	137100000	137200000	6614	1924.0	0.29089809495
chr8	137200000	137300000	0	0.0	NA
chr8	137300000	137400000	0	0.0	NA
chr8	137400000	137500000	6645	1557.0	0.234311512415
chr8	137500000	137600000	8386	2278.0	0.271643214882
chr8	137600000	137700000	0	0.0	NA
chr8	137700000	137800000	0	0.0	NA
chr8	137800000	137900000	0	0.0	NA
chr8	137900000	138000000	0	0.0	NA
chr8	138000000	138100000	6990	1912.0	0.273533619456
chr8	138100000	138200000	10400	2845.0	0.273557692308
chr8	138200000	138300000	0	0.0	NA
chr8	138300000	138400000	0	0.0	NA
chr8	138400000	138500000	8764	2371.0	0.270538566864
chr8	138500000	138600000	0	0.0	NA
chr8	138600000	138700000	0	0.0	NA
chr8	138700000	138800000	0	0.0	NA
chr8	138800000	138900000	2412	668.0	0.276948590381
chr8	138900000	139000000	0	0.0	NA
chr8	139000000	139100000	0	0.0	NA
chr8	139100000	139200000	9718	3040.0	0.312821568224
chr8	139200000	139300000	0	0.0	NA
chr8	139300000	139400000	0	0.0	NA
chr8	139400000	139500000	0	0.0	NA
chr8	139500000	139600000	5977	1965.0	0.328760247616
chr8	139600000	139700000	0	0.0	NA
chr8	139700000	139800000	0	0.0	NA
chr8	139800000	139900000	0	0.0	NA
chr8	139900000	140000000	5545	1662.0	0.299729486023
chr8	140000000	140100000	4419	1230.0	0.278343516633
chr8	140100000	140200000	10216	3656.0	0.357870007831
chr8	140200000	140300000	0	0.0	NA
chr8	140300000	140400000	0	0.0	NA
chr8	140400000	140500000	12983	3661.0	0.281984133097
chr8	140500000	140600000	2841	847.0	0.298134459697
chr8	140600000	140700000	1353	459.0	0.339246119734
chr8	140700000	140800000	11213	3493.0	0.311513421921
chr8	140800000	140900000	0	0.0	NA
chr8	140900000	141000000	0	0.0	NA
chr8	141000000	141100000	0	0.0	NA
chr8	141100000	141200000	0	0.0	NA
chr8	141200000	141300000	0	0.0	NA
chr8	141300000	141400000	0	0.0	NA
chr8	141400000	141500000	1092	321.0	0.293956043956
chr8	141500000	141600000	16338	3620.0	0.221569347533
chr8	141600000	141700000	3884	1362.0	0.350669412976
chr8	141700000	141800000	0	0.0	NA
chr8	141800000	141900000	0	0.0	NA
chr8	141900000	142000000	0	0.0	NA
chr8	142000000	142100000	11517	3638.0	0.315880871755
chr8	142100000	142200000	4012	1354.0	0.337487537388
chr8	142200000	142300000	17222	5755.0	0.334165602137
chr8	142300000	142400000	35942	11815.0	0.328724055423
chr8	142400000	142500000	11972	4019.0	0.335699966589
chr8	142500000	142600000	11877	3812.0	0.320956470489
chr8	142600000	142700000	0	0.0	NA
chr8	142700000	142800000	0	0.0	NA
chr8	142800000	142900000	9260	3383.0	0.365334773218
chr8	142900000	143000000	0	0.0	NA
chr8	143000000	143100000	11509	3803.0	0.330437049266
chr8	143100000	143200000	6694	2431.0	0.363161039737
chr8	143200000	143300000	12639	4520.0	0.357623229686
chr8	143300000	143400000	1462	524.0	0.358413132695
chr8	143400000	143500000	3041	1108.0	0.364353830977
chr8	143500000	143600000	3576	1274.0	0.356263982103
chr8	143600000	143700000	6324	2328.0	0.368121442125
chr8	143700000	143800000	3713	1225.0	0.329921896041
chr8	143800000	143900000	22718	7799.0	0.343296064794
chr8	143900000	144000000	846	303.0	0.358156028369
chr8	144000000	144100000	115	17.0	0.147826086957
chr8	144100000	144200000	3181	1089.0	0.342345174473
chr8	144200000	144300000	1828	634.0	0.346827133479
chr8	144300000	144400000	9012	3008.0	0.333777185974
chr8	144400000	144500000	17831	6128.0	0.343671134541
chr8	144500000	144600000	7749	2815.0	0.363272680346
chr8	144600000	144700000	35925	11239.0	0.312846207376
chr8	144700000	144800000	9916	2953.0	0.297801532876
chr8	144800000	144900000	23940	7033.0	0.293776106934
chr8	144900000	145000000	23361	6454.0	0.276272419845
chr8	145000000	145100000	21734	7051.0	0.324422563725
chr8	145100000	145200000	26815	7254.0	0.270520231214
chr8	145200000	145300000	0	0.0	NA
chr8	145300000	145400000	0	0.0	NA
chr8	145400000	145500000	0	0.0	NA
chr8	145500000	145600000	24319	7090.0	0.291541592993
chr8	145600000	145700000	39451	11247.0	0.285087830473
chr8	145700000	145800000	34279	9583.0	0.279558913621
chr8	145800000	145900000	0	0.0	NA
chr8	145900000	146000000	7931	2496.0	0.314714411802
chr8	146000000	146100000	9327	2828.0	0.303205746757
chr8	146100000	146200000	1014	334.0	0.329388560158
chr8	146200000	146300000	0	0.0	NA
chr8	146300000	146364022	0	0.0	NA
