chr9	0	100000	0	0.0	NA
chr9	100000	200000	0	0.0	NA
chr9	200000	300000	5071	1376.0	0.271346874384
chr9	300000	400000	0	0.0	NA
chr9	400000	500000	0	0.0	NA
chr9	500000	600000	0	0.0	NA
chr9	600000	700000	0	0.0	NA
chr9	700000	800000	12414	3708.0	0.29869502175
chr9	800000	900000	13484	3511.0	0.260382675764
chr9	900000	1000000	7373	1697.0	0.230164112302
chr9	1000000	1100000	54344	13680.0	0.251729721772
chr9	1100000	1200000	46111	11354.0	0.246231918631
chr9	1200000	1300000	60457	14946.0	0.247217030286
chr9	1300000	1400000	59526	15306.0	0.257131337567
chr9	1400000	1500000	59426	15713.0	0.26441288325
chr9	1500000	1600000	47287	12311.0	0.260346395415
chr9	1600000	1700000	52447	13382.0	0.255152820943
chr9	1700000	1800000	63520	15388.0	0.24225440806
chr9	1800000	1900000	61595	15291.0	0.248250669697
chr9	1900000	2000000	60483	14320.0	0.236760742688
chr9	2000000	2100000	9115	1976.0	0.216785518376
chr9	2100000	2200000	3282	926.0	0.282145033516
chr9	2200000	2300000	58504	15644.0	0.267400519623
chr9	2300000	2400000	45419	12382.0	0.27261718664
chr9	2400000	2500000	10973	2936.0	0.267565843434
chr9	2500000	2600000	0	0.0	NA
chr9	2600000	2700000	25850	6903.0	0.267040618956
chr9	2700000	2800000	34148	9141.0	0.267687712311
chr9	2800000	2900000	31212	8473.0	0.271466102781
chr9	2900000	3000000	62714	16384.0	0.261249481774
chr9	3000000	3100000	52064	13188.0	0.253303626306
chr9	3100000	3200000	34833	8804.0	0.252748830132
chr9	3200000	3300000	4959	1160.0	0.233918128655
chr9	3300000	3400000	0	0.0	NA
chr9	3400000	3500000	0	0.0	NA
chr9	3500000	3600000	0	0.0	NA
chr9	3600000	3700000	4950	1300.0	0.262626262626
chr9	3700000	3800000	59383	15471.0	0.260529107657
chr9	3800000	3900000	7883	2351.0	0.298236711912
chr9	3900000	4000000	0	0.0	NA
chr9	4000000	4100000	0	0.0	NA
chr9	4100000	4200000	0	0.0	NA
chr9	4200000	4300000	0	0.0	NA
chr9	4300000	4400000	59435	14789.0	0.248826449062
chr9	4400000	4500000	35739	9074.0	0.253896303758
chr9	4500000	4600000	0	0.0	NA
chr9	4600000	4700000	4126	906.0	0.219583131362
chr9	4700000	4800000	8335	2174.0	0.260827834433
chr9	4800000	4900000	5038	1266.0	0.251290194522
chr9	4900000	5000000	26047	6511.0	0.249971205897
chr9	5000000	5100000	0	0.0	NA
chr9	5100000	5200000	14110	3854.0	0.273139617293
chr9	5200000	5300000	7297	2155.0	0.295326846649
chr9	5300000	5400000	10948	2820.0	0.257581293387
chr9	5400000	5500000	0	0.0	NA
chr9	5500000	5600000	0	0.0	NA
chr9	5600000	5700000	0	0.0	NA
chr9	5700000	5800000	1806	518.0	0.286821705426
chr9	5800000	5900000	12738	3659.0	0.2872507458
chr9	5900000	6000000	4375	1003.0	0.229257142857
chr9	6000000	6100000	12691	2925.0	0.230478291703
chr9	6100000	6200000	7145	1774.0	0.248285514346
chr9	6200000	6300000	9162	2162.0	0.235974678018
chr9	6300000	6400000	25422	6112.0	0.240421682008
chr9	6400000	6500000	3865	1006.0	0.260284605433
chr9	6500000	6600000	7209	1857.0	0.257594673325
chr9	6600000	6700000	4458	1093.0	0.245177209511
chr9	6700000	6800000	1841	485.0	0.263443780554
chr9	6800000	6900000	0	0.0	NA
chr9	6900000	7000000	0	0.0	NA
chr9	7000000	7100000	0	0.0	NA
chr9	7100000	7200000	17578	4139.0	0.235464785527
chr9	7200000	7300000	54675	12773.0	0.233616826703
chr9	7300000	7400000	61351	13984.0	0.227934344998
chr9	7400000	7500000	46441	10956.0	0.235912232725
chr9	7500000	7600000	61749	14850.0	0.24048972453
chr9	7600000	7700000	49403	12275.0	0.248466692306
chr9	7700000	7800000	51156	12044.0	0.235436703417
chr9	7800000	7900000	49077	11812.0	0.240683008334
chr9	7900000	8000000	70529	16807.0	0.238299139361
chr9	8000000	8100000	33001	7768.0	0.23538680646
chr9	8100000	8200000	56923	13408.0	0.235546264252
chr9	8200000	8300000	65476	15822.0	0.241645793879
chr9	8300000	8400000	3538	919.0	0.259751271905
chr9	8400000	8500000	0	0.0	NA
chr9	8500000	8600000	0	0.0	NA
chr9	8600000	8700000	0	0.0	NA
chr9	8700000	8800000	0	0.0	NA
chr9	8800000	8900000	0	0.0	NA
chr9	8900000	9000000	0	0.0	NA
chr9	9000000	9100000	0	0.0	NA
chr9	9100000	9200000	0	0.0	NA
chr9	9200000	9300000	0	0.0	NA
chr9	9300000	9400000	0	0.0	NA
chr9	9400000	9500000	0	0.0	NA
chr9	9500000	9600000	0	0.0	NA
chr9	9600000	9700000	0	0.0	NA
chr9	9700000	9800000	0	0.0	NA
chr9	9800000	9900000	0	0.0	NA
chr9	9900000	10000000	0	0.0	NA
chr9	10000000	10100000	0	0.0	NA
chr9	10100000	10200000	0	0.0	NA
chr9	10200000	10300000	0	0.0	NA
chr9	10300000	10400000	0	0.0	NA
chr9	10400000	10500000	0	0.0	NA
chr9	10500000	10600000	0	0.0	NA
chr9	10600000	10700000	45365	11319.0	0.249509533782
chr9	10700000	10800000	41193	10542.0	0.255917267497
chr9	10800000	10900000	37132	9139.0	0.246121943337
chr9	10900000	11000000	41255	10338.0	0.250587807538
chr9	11000000	11100000	44705	11678.0	0.261223576781
chr9	11100000	11200000	36002	9252.0	0.256985723015
chr9	11200000	11300000	26632	7041.0	0.264381195554
chr9	11300000	11400000	43261	11096.0	0.256489678926
chr9	11400000	11500000	37812	9795.0	0.259044747699
chr9	11500000	11600000	38225	10233.0	0.267704381949
chr9	11600000	11700000	34847	9565.0	0.274485608517
chr9	11700000	11800000	41938	11176.0	0.266488626067
chr9	11800000	11900000	36729	9970.0	0.271447629938
chr9	11900000	12000000	39775	10967.0	0.275725958517
chr9	12000000	12100000	38073	10053.0	0.264045386494
chr9	12100000	12200000	22860	5929.0	0.259361329834
chr9	12200000	12300000	36950	9469.0	0.256265223275
chr9	12300000	12400000	39493	9950.0	0.251943382372
chr9	12400000	12500000	52906	13334.0	0.252031905644
chr9	12500000	12600000	53870	13115.0	0.243456469278
chr9	12600000	12700000	54156	13330.0	0.246140778492
chr9	12700000	12800000	0	0.0	NA
chr9	12800000	12900000	34004	8220.0	0.241736266322
chr9	12900000	13000000	51854	13104.0	0.252709530605
chr9	13000000	13100000	57095	14069.0	0.246413871617
chr9	13100000	13200000	3985	957.0	0.240150564617
chr9	13200000	13300000	8075	2084.0	0.258080495356
chr9	13300000	13400000	54660	12624.0	0.230954994512
chr9	13400000	13500000	25019	5362.0	0.21431711899
chr9	13500000	13600000	66385	15434.0	0.232492279883
chr9	13600000	13700000	48508	11352.0	0.234023253896
chr9	13700000	13800000	65412	15671.0	0.239573778512
chr9	13800000	13900000	61021	14779.0	0.242195309811
chr9	13900000	14000000	56181	13652.0	0.243000302593
chr9	14000000	14100000	50458	12640.0	0.250505370803
chr9	14100000	14200000	0	0.0	NA
chr9	14200000	14300000	0	0.0	NA
chr9	14300000	14400000	1008	243.0	0.241071428571
chr9	14400000	14500000	70564	16985.0	0.24070347486
chr9	14500000	14600000	38935	9191.0	0.236060100167
chr9	14600000	14700000	3904	966.0	0.24743852459
chr9	14700000	14800000	17699	4213.0	0.238036047234
chr9	14800000	14900000	0	0.0	NA
chr9	14900000	15000000	23600	5818.0	0.246525423729
chr9	15000000	15100000	0	0.0	NA
chr9	15100000	15200000	9546	2352.0	0.246385920805
chr9	15200000	15300000	0	0.0	NA
chr9	15300000	15400000	23705	6112.0	0.257835899599
chr9	15400000	15500000	4154	1098.0	0.264323543572
chr9	15500000	15600000	10152	2563.0	0.252462568952
chr9	15600000	15700000	0	0.0	NA
chr9	15700000	15800000	0	0.0	NA
chr9	15800000	15900000	0	0.0	NA
chr9	15900000	16000000	12291	2681.0	0.218127084859
chr9	16000000	16100000	64674	15383.0	0.237854470112
chr9	16100000	16200000	73990	17432.0	0.235599405325
chr9	16200000	16300000	17103	4091.0	0.239197801555
chr9	16300000	16400000	64039	16472.0	0.257218257624
chr9	16400000	16500000	4335	808.0	0.186389850058
chr9	16500000	16600000	0	0.0	NA
chr9	16600000	16700000	0	0.0	NA
chr9	16700000	16800000	0	0.0	NA
chr9	16800000	16900000	10751	2184.0	0.203143893591
chr9	16900000	17000000	42473	9826.0	0.231346973371
chr9	17000000	17100000	15603	3133.0	0.200794718964
chr9	17100000	17200000	13230	3053.0	0.230763416478
chr9	17200000	17300000	0	0.0	NA
chr9	17300000	17400000	0	0.0	NA
chr9	17400000	17500000	0	0.0	NA
chr9	17500000	17600000	34384	9011.0	0.262069567241
chr9	17600000	17700000	0	0.0	NA
chr9	17700000	17800000	1628	426.0	0.261670761671
chr9	17800000	17900000	68811	16314.0	0.237084187121
chr9	17900000	18000000	57156	13944.0	0.243963888306
chr9	18000000	18100000	70749	17501.0	0.247367453957
chr9	18100000	18200000	71742	16944.0	0.236179643723
chr9	18200000	18300000	61160	14641.0	0.239388489209
chr9	18300000	18400000	54672	12843.0	0.23491000878
chr9	18400000	18500000	52165	11813.0	0.226454519314
chr9	18500000	18600000	0	0.0	NA
chr9	18600000	18700000	0	0.0	NA
chr9	18700000	18800000	0	0.0	NA
chr9	18800000	18900000	0	0.0	NA
chr9	18900000	19000000	12332	3273.0	0.265407071035
chr9	19000000	19100000	935	213.0	0.227807486631
chr9	19100000	19200000	14585	3536.0	0.242440863901
chr9	19200000	19300000	8411	1909.0	0.226964689098
chr9	19300000	19400000	4662	1230.0	0.263835263835
chr9	19400000	19500000	21152	6011.0	0.284181164902
chr9	19500000	19600000	919	208.0	0.22633297062
chr9	19600000	19700000	0	0.0	NA
chr9	19700000	19800000	4328	1055.0	0.24376155268
chr9	19800000	19900000	31867	7594.0	0.238302946622
chr9	19900000	20000000	64370	15024.0	0.233400652478
chr9	20000000	20100000	52624	12207.0	0.231966403162
chr9	20100000	20200000	59631	13756.0	0.230685381765
chr9	20200000	20300000	53708	13370.0	0.248938705593
chr9	20300000	20400000	29534	7644.0	0.258820342656
chr9	20400000	20500000	0	0.0	NA
chr9	20500000	20600000	0	0.0	NA
chr9	20600000	20700000	18300	4043.0	0.220928961749
chr9	20700000	20800000	0	0.0	NA
chr9	20800000	20900000	0	0.0	NA
chr9	20900000	21000000	3033	698.0	0.23013517969
chr9	21000000	21100000	30067	7703.0	0.256194498952
chr9	21100000	21200000	22728	6842.0	0.301038366772
chr9	21200000	21300000	9213	3211.0	0.348529252144
chr9	21300000	21400000	19019	5934.0	0.312003785688
chr9	21400000	21500000	14180	4862.0	0.342877291961
chr9	21500000	21600000	31748	7599.0	0.239353660073
chr9	21600000	21700000	43019	10172.0	0.236453660011
chr9	21700000	21800000	60207	14819.0	0.246134170445
chr9	21800000	21900000	1790	457.0	0.25530726257
chr9	21900000	22000000	0	0.0	NA
chr9	22000000	22100000	0	0.0	NA
chr9	22100000	22200000	34759	8602.0	0.247475473978
chr9	22200000	22300000	25263	6695.0	0.265012072992
chr9	22300000	22400000	51623	11843.0	0.229413246034
chr9	22400000	22500000	37516	9106.0	0.242723104809
chr9	22500000	22600000	37472	8801.0	0.234868701964
chr9	22600000	22700000	24439	5640.0	0.230778673432
chr9	22700000	22800000	0	0.0	NA
chr9	22800000	22900000	0	0.0	NA
chr9	22900000	23000000	0	0.0	NA
chr9	23000000	23100000	0	0.0	NA
chr9	23100000	23200000	0	0.0	NA
chr9	23200000	23300000	0	0.0	NA
chr9	23300000	23400000	0	0.0	NA
chr9	23400000	23500000	31829	7553.0	0.237299318232
chr9	23500000	23600000	657	158.0	0.240487062405
chr9	23600000	23700000	13850	3274.0	0.236389891697
chr9	23700000	23800000	0	0.0	NA
chr9	23800000	23900000	17787	3935.0	0.221228987463
chr9	23900000	24000000	28482	6349.0	0.222912716804
chr9	24000000	24100000	66562	14415.0	0.216565007061
chr9	24100000	24200000	37153	8258.0	0.222270072403
chr9	24200000	24300000	48939	11097.0	0.226751670447
chr9	24300000	24400000	44045	10650.0	0.241798160972
chr9	24400000	24500000	63388	15416.0	0.243200605793
chr9	24500000	24600000	27059	6353.0	0.234783251414
chr9	24600000	24700000	49725	12204.0	0.245429864253
chr9	24700000	24800000	49632	12387.0	0.24957688588
chr9	24800000	24900000	55236	13913.0	0.251882830038
chr9	24900000	25000000	59297	14713.0	0.248123851122
chr9	25000000	25100000	37886	9803.0	0.258749934013
chr9	25100000	25200000	44972	11746.0	0.26118473717
chr9	25200000	25300000	51179	12748.0	0.249086539401
chr9	25300000	25400000	28625	7166.0	0.250340611354
chr9	25400000	25500000	47842	11594.0	0.242339367083
chr9	25500000	25600000	54779	13175.0	0.240511874989
chr9	25600000	25700000	45275	10809.0	0.238741027057
chr9	25700000	25800000	39972	9589.0	0.239892925048
chr9	25800000	25900000	39341	9253.0	0.23519991866
chr9	25900000	26000000	36657	9091.0	0.248001745915
chr9	26000000	26100000	45729	10819.0	0.236589472763
chr9	26100000	26200000	52871	12986.0	0.245616689679
chr9	26200000	26300000	58636	14002.0	0.238795279351
chr9	26300000	26400000	58186	13501.0	0.232031760217
chr9	26400000	26500000	53199	11835.0	0.222466587718
chr9	26500000	26600000	50341	11739.0	0.23318964661
chr9	26600000	26700000	71473	15930.0	0.222881367789
chr9	26700000	26800000	29420	6399.0	0.217505098572
chr9	26800000	26900000	14707	3246.0	0.220711225947
chr9	26900000	27000000	2388	596.0	0.249581239531
chr9	27000000	27100000	16779	3733.0	0.222480481554
chr9	27100000	27200000	2385	516.0	0.216352201258
chr9	27200000	27300000	1969	495.0	0.251396648045
chr9	27300000	27400000	6671	1813.0	0.271773347324
chr9	27400000	27500000	0	0.0	NA
chr9	27500000	27600000	11541	2731.0	0.236634607053
chr9	27600000	27700000	48379	11336.0	0.234316542301
chr9	27700000	27800000	56830	13061.0	0.229825796234
chr9	27800000	27900000	49399	12128.0	0.245511042734
chr9	27900000	28000000	23224	5741.0	0.247201171202
chr9	28000000	28100000	0	0.0	NA
chr9	28100000	28200000	0	0.0	NA
chr9	28200000	28300000	0	0.0	NA
chr9	28300000	28400000	0	0.0	NA
chr9	28400000	28500000	0	0.0	NA
chr9	28500000	28600000	0	0.0	NA
chr9	28600000	28700000	0	0.0	NA
chr9	28700000	28800000	0	0.0	NA
chr9	28800000	28900000	0	0.0	NA
chr9	28900000	29000000	0	0.0	NA
chr9	29000000	29100000	0	0.0	NA
chr9	29100000	29200000	0	0.0	NA
chr9	29200000	29300000	49375	12205.0	0.247189873418
chr9	29300000	29400000	41852	10574.0	0.252652203001
chr9	29400000	29500000	46057	12227.0	0.265475389192
chr9	29500000	29600000	33035	8603.0	0.260420765854
chr9	29600000	29700000	38424	10780.0	0.280553820529
chr9	29700000	29800000	46538	11773.0	0.252976062573
chr9	29800000	29900000	40579	10595.0	0.261095640602
chr9	29900000	30000000	42117	11211.0	0.26618705036
chr9	30000000	30100000	45362	11794.0	0.259997354614
chr9	30100000	30200000	44291	11636.0	0.262717030548
chr9	30200000	30300000	43574	11074.0	0.254142378483
chr9	30300000	30400000	24680	6419.0	0.260089141005
chr9	30400000	30500000	0	0.0	NA
chr9	30500000	30600000	11794	3288.0	0.2787858233
chr9	30600000	30700000	29210	7866.0	0.269291338583
chr9	30700000	30800000	39654	10452.0	0.263579966712
chr9	30800000	30900000	32137	8478.0	0.263808071693
chr9	30900000	31000000	43189	11462.0	0.265391650652
chr9	31000000	31100000	42429	11195.0	0.263852553678
chr9	31100000	31200000	35109	9152.0	0.260673901279
chr9	31200000	31300000	35342	9256.0	0.261898025013
chr9	31300000	31400000	42951	11358.0	0.264440874485
chr9	31400000	31500000	35282	9229.0	0.261578141829
chr9	31500000	31600000	43376	10918.0	0.251706012541
chr9	31600000	31700000	52480	13201.0	0.251543445122
chr9	31700000	31800000	33582	8737.0	0.260169138229
chr9	31800000	31900000	31264	7897.0	0.252590839304
chr9	31900000	32000000	26072	6276.0	0.24071801166
chr9	32000000	32100000	33455	8348.0	0.249529218353
chr9	32100000	32200000	34098	8036.0	0.235673646548
chr9	32200000	32300000	38965	9142.0	0.234620813551
chr9	32300000	32400000	33772	8140.0	0.241028070591
chr9	32400000	32500000	86	14.0	0.162790697674
chr9	32500000	32600000	13572	3317.0	0.24440023578
chr9	32600000	32700000	31048	7335.0	0.236247101263
chr9	32700000	32800000	37347	8812.0	0.235949339974
chr9	32800000	32900000	51487	12021.0	0.233476411521
chr9	32900000	33000000	23850	5552.0	0.232788259958
chr9	33000000	33100000	16721	4117.0	0.246217331499
chr9	33100000	33200000	13299	3306.0	0.248590119558
chr9	33200000	33300000	15151	3690.0	0.243548280642
chr9	33300000	33400000	6139	1577.0	0.256882228376
chr9	33400000	33500000	22045	5493.0	0.249172147879
chr9	33500000	33600000	0	0.0	NA
chr9	33600000	33700000	14381	4086.0	0.284124887004
chr9	33700000	33800000	5065	1506.0	0.297334649556
chr9	33800000	33900000	0	0.0	NA
chr9	33900000	34000000	1119	326.0	0.291331546023
chr9	34000000	34100000	5784	1358.0	0.234785615491
chr9	34100000	34200000	5779	1305.0	0.225817615504
chr9	34200000	34300000	0	0.0	NA
chr9	34300000	34400000	5348	1147.0	0.214472700075
chr9	34400000	34500000	0	0.0	NA
chr9	34500000	34600000	19651	4492.0	0.228588875884
chr9	34600000	34700000	24984	6075.0	0.243155619597
chr9	34700000	34800000	21440	5210.0	0.243003731343
chr9	34800000	34900000	23485	6095.0	0.259527357888
chr9	34900000	35000000	15377	3464.0	0.225271509397
chr9	35000000	35100000	9781	2474.0	0.252939372252
chr9	35100000	35200000	1797	448.0	0.249304396216
chr9	35200000	35300000	0	0.0	NA
chr9	35300000	35400000	0	0.0	NA
chr9	35400000	35500000	2764	677.0	0.24493487699
chr9	35500000	35600000	5212	1255.0	0.2407904835
chr9	35600000	35700000	6291	1630.0	0.259100302019
chr9	35700000	35800000	9499	2057.0	0.216549110433
chr9	35800000	35900000	8041	2065.0	0.25680885462
chr9	35900000	36000000	30426	7902.0	0.259712088345
chr9	36000000	36100000	11953	2830.0	0.236760645863
chr9	36100000	36200000	9863	2640.0	0.267667038426
chr9	36200000	36300000	8495	2373.0	0.279340788699
chr9	36300000	36400000	7857	2256.0	0.287132493318
chr9	36400000	36500000	39267	9180.0	0.233784093514
chr9	36500000	36600000	16736	3921.0	0.234285372849
chr9	36600000	36700000	6202	1230.0	0.198323121574
chr9	36700000	36800000	67502	16240.0	0.240585464134
chr9	36800000	36900000	25271	5912.0	0.233944046536
chr9	36900000	37000000	0	0.0	NA
chr9	37000000	37100000	15266	3443.0	0.225533866108
chr9	37100000	37200000	3530	810.0	0.229461756374
chr9	37200000	37300000	0	0.0	NA
chr9	37300000	37400000	23703	5868.0	0.247563599544
chr9	37400000	37500000	12139	3329.0	0.274240052723
chr9	37500000	37600000	1487	440.0	0.295897780767
chr9	37600000	37700000	0	0.0	NA
chr9	37700000	37800000	0	0.0	NA
chr9	37800000	37900000	0	0.0	NA
chr9	37900000	38000000	0	0.0	NA
chr9	38000000	38100000	15057	3615.0	0.240087666866
chr9	38100000	38200000	45998	11128.0	0.241923561894
chr9	38200000	38300000	52718	12356.0	0.234379149437
chr9	38300000	38400000	39711	9835.0	0.24766437511
chr9	38400000	38500000	26677	7431.0	0.278554560108
chr9	38500000	38600000	0	0.0	NA
chr9	38600000	38700000	14599	4053.0	0.277621754915
chr9	38700000	38800000	3491	879.0	0.25179031796
chr9	38800000	38900000	0	0.0	NA
chr9	38900000	39000000	0	0.0	NA
chr9	39000000	39100000	0	0.0	NA
chr9	39100000	39200000	0	0.0	NA
chr9	39200000	39300000	0	0.0	NA
chr9	39300000	39400000	0	0.0	NA
chr9	39400000	39500000	0	0.0	NA
chr9	39500000	39600000	0	0.0	NA
chr9	39600000	39700000	0	0.0	NA
chr9	39700000	39800000	0	0.0	NA
chr9	39800000	39900000	0	0.0	NA
chr9	39900000	40000000	0	0.0	NA
chr9	40000000	40100000	0	0.0	NA
chr9	40100000	40200000	0	0.0	NA
chr9	40200000	40300000	0	0.0	NA
chr9	40300000	40400000	0	0.0	NA
chr9	40400000	40500000	0	0.0	NA
chr9	40500000	40600000	0	0.0	NA
chr9	40600000	40700000	0	0.0	NA
chr9	40700000	40800000	0	0.0	NA
chr9	40800000	40900000	0	0.0	NA
chr9	40900000	41000000	0	0.0	NA
chr9	41000000	41100000	0	0.0	NA
chr9	41100000	41200000	0	0.0	NA
chr9	41200000	41300000	0	0.0	NA
chr9	41300000	41400000	0	0.0	NA
chr9	41400000	41500000	0	0.0	NA
chr9	41500000	41600000	0	0.0	NA
chr9	41600000	41700000	0	0.0	NA
chr9	41700000	41800000	0	0.0	NA
chr9	41800000	41900000	0	0.0	NA
chr9	41900000	42000000	0	0.0	NA
chr9	42000000	42100000	0	0.0	NA
chr9	42100000	42200000	0	0.0	NA
chr9	42200000	42300000	0	0.0	NA
chr9	42300000	42400000	0	0.0	NA
chr9	42400000	42500000	0	0.0	NA
chr9	42500000	42600000	0	0.0	NA
chr9	42600000	42700000	0	0.0	NA
chr9	42700000	42800000	0	0.0	NA
chr9	42800000	42900000	0	0.0	NA
chr9	42900000	43000000	0	0.0	NA
chr9	43000000	43100000	0	0.0	NA
chr9	43100000	43200000	0	0.0	NA
chr9	43200000	43300000	0	0.0	NA
chr9	43300000	43400000	0	0.0	NA
chr9	43400000	43500000	0	0.0	NA
chr9	43500000	43600000	0	0.0	NA
chr9	43600000	43700000	0	0.0	NA
chr9	43700000	43800000	0	0.0	NA
chr9	43800000	43900000	0	0.0	NA
chr9	43900000	44000000	0	0.0	NA
chr9	44000000	44100000	0	0.0	NA
chr9	44100000	44200000	4	0.0	0.0
chr9	44200000	44300000	0	0.0	NA
chr9	44300000	44400000	0	0.0	NA
chr9	44400000	44500000	0	0.0	NA
chr9	44500000	44600000	0	0.0	NA
chr9	44600000	44700000	0	0.0	NA
chr9	44700000	44800000	0	0.0	NA
chr9	44800000	44900000	63	20.0	0.31746031746
chr9	44900000	45000000	0	0.0	NA
chr9	45000000	45100000	0	0.0	NA
chr9	45100000	45200000	0	0.0	NA
chr9	45200000	45300000	0	0.0	NA
chr9	45300000	45400000	0	0.0	NA
chr9	45400000	45500000	0	0.0	NA
chr9	45500000	45600000	0	0.0	NA
chr9	45600000	45700000	0	0.0	NA
chr9	45700000	45800000	0	0.0	NA
chr9	45800000	45900000	0	0.0	NA
chr9	45900000	46000000	0	0.0	NA
chr9	46000000	46100000	0	0.0	NA
chr9	46100000	46200000	0	0.0	NA
chr9	46200000	46300000	0	0.0	NA
chr9	46300000	46400000	0	0.0	NA
chr9	46400000	46500000	0	0.0	NA
chr9	46500000	46600000	0	0.0	NA
chr9	46600000	46700000	0	0.0	NA
chr9	46700000	46800000	0	0.0	NA
chr9	46800000	46900000	0	0.0	NA
chr9	46900000	47000000	0	0.0	NA
chr9	47000000	47100000	0	0.0	NA
chr9	47100000	47200000	0	0.0	NA
chr9	47200000	47300000	0	0.0	NA
chr9	47300000	47400000	0	0.0	NA
chr9	47400000	47500000	0	0.0	NA
chr9	47500000	47600000	0	0.0	NA
chr9	47600000	47700000	0	0.0	NA
chr9	47700000	47800000	0	0.0	NA
chr9	47800000	47900000	0	0.0	NA
chr9	47900000	48000000	0	0.0	NA
chr9	48000000	48100000	0	0.0	NA
chr9	48100000	48200000	0	0.0	NA
chr9	48200000	48300000	0	0.0	NA
chr9	48300000	48400000	0	0.0	NA
chr9	48400000	48500000	0	0.0	NA
chr9	48500000	48600000	0	0.0	NA
chr9	48600000	48700000	0	0.0	NA
chr9	48700000	48800000	0	0.0	NA
chr9	48800000	48900000	0	0.0	NA
chr9	48900000	49000000	0	0.0	NA
chr9	49000000	49100000	0	0.0	NA
chr9	49100000	49200000	0	0.0	NA
chr9	49200000	49300000	0	0.0	NA
chr9	49300000	49400000	0	0.0	NA
chr9	49400000	49500000	0	0.0	NA
chr9	49500000	49600000	0	0.0	NA
chr9	49600000	49700000	0	0.0	NA
chr9	49700000	49800000	0	0.0	NA
chr9	49800000	49900000	0	0.0	NA
chr9	49900000	50000000	0	0.0	NA
chr9	50000000	50100000	0	0.0	NA
chr9	50100000	50200000	0	0.0	NA
chr9	50200000	50300000	0	0.0	NA
chr9	50300000	50400000	0	0.0	NA
chr9	50400000	50500000	0	0.0	NA
chr9	50500000	50600000	0	0.0	NA
chr9	50600000	50700000	0	0.0	NA
chr9	50700000	50800000	0	0.0	NA
chr9	50800000	50900000	0	0.0	NA
chr9	50900000	51000000	0	0.0	NA
chr9	51000000	51100000	0	0.0	NA
chr9	51100000	51200000	0	0.0	NA
chr9	51200000	51300000	0	0.0	NA
chr9	51300000	51400000	0	0.0	NA
chr9	51400000	51500000	0	0.0	NA
chr9	51500000	51600000	0	0.0	NA
chr9	51600000	51700000	0	0.0	NA
chr9	51700000	51800000	0	0.0	NA
chr9	51800000	51900000	0	0.0	NA
chr9	51900000	52000000	0	0.0	NA
chr9	52000000	52100000	0	0.0	NA
chr9	52100000	52200000	0	0.0	NA
chr9	52200000	52300000	0	0.0	NA
chr9	52300000	52400000	0	0.0	NA
chr9	52400000	52500000	0	0.0	NA
chr9	52500000	52600000	0	0.0	NA
chr9	52600000	52700000	0	0.0	NA
chr9	52700000	52800000	0	0.0	NA
chr9	52800000	52900000	0	0.0	NA
chr9	52900000	53000000	0	0.0	NA
chr9	53000000	53100000	0	0.0	NA
chr9	53100000	53200000	0	0.0	NA
chr9	53200000	53300000	0	0.0	NA
chr9	53300000	53400000	0	0.0	NA
chr9	53400000	53500000	0	0.0	NA
chr9	53500000	53600000	0	0.0	NA
chr9	53600000	53700000	0	0.0	NA
chr9	53700000	53800000	0	0.0	NA
chr9	53800000	53900000	0	0.0	NA
chr9	53900000	54000000	0	0.0	NA
chr9	54000000	54100000	0	0.0	NA
chr9	54100000	54200000	0	0.0	NA
chr9	54200000	54300000	0	0.0	NA
chr9	54300000	54400000	0	0.0	NA
chr9	54400000	54500000	0	0.0	NA
chr9	54500000	54600000	0	0.0	NA
chr9	54600000	54700000	0	0.0	NA
chr9	54700000	54800000	0	0.0	NA
chr9	54800000	54900000	0	0.0	NA
chr9	54900000	55000000	0	0.0	NA
chr9	55000000	55100000	0	0.0	NA
chr9	55100000	55200000	0	0.0	NA
chr9	55200000	55300000	0	0.0	NA
chr9	55300000	55400000	0	0.0	NA
chr9	55400000	55500000	0	0.0	NA
chr9	55500000	55600000	0	0.0	NA
chr9	55600000	55700000	0	0.0	NA
chr9	55700000	55800000	0	0.0	NA
chr9	55800000	55900000	0	0.0	NA
chr9	55900000	56000000	0	0.0	NA
chr9	56000000	56100000	0	0.0	NA
chr9	56100000	56200000	0	0.0	NA
chr9	56200000	56300000	0	0.0	NA
chr9	56300000	56400000	0	0.0	NA
chr9	56400000	56500000	0	0.0	NA
chr9	56500000	56600000	0	0.0	NA
chr9	56600000	56700000	0	0.0	NA
chr9	56700000	56800000	0	0.0	NA
chr9	56800000	56900000	0	0.0	NA
chr9	56900000	57000000	0	0.0	NA
chr9	57000000	57100000	0	0.0	NA
chr9	57100000	57200000	0	0.0	NA
chr9	57200000	57300000	0	0.0	NA
chr9	57300000	57400000	0	0.0	NA
chr9	57400000	57500000	0	0.0	NA
chr9	57500000	57600000	0	0.0	NA
chr9	57600000	57700000	0	0.0	NA
chr9	57700000	57800000	0	0.0	NA
chr9	57800000	57900000	0	0.0	NA
chr9	57900000	58000000	0	0.0	NA
chr9	58000000	58100000	0	0.0	NA
chr9	58100000	58200000	0	0.0	NA
chr9	58200000	58300000	0	0.0	NA
chr9	58300000	58400000	0	0.0	NA
chr9	58400000	58500000	0	0.0	NA
chr9	58500000	58600000	0	0.0	NA
chr9	58600000	58700000	0	0.0	NA
chr9	58700000	58800000	0	0.0	NA
chr9	58800000	58900000	0	0.0	NA
chr9	58900000	59000000	0	0.0	NA
chr9	59000000	59100000	0	0.0	NA
chr9	59100000	59200000	0	0.0	NA
chr9	59200000	59300000	0	0.0	NA
chr9	59300000	59400000	0	0.0	NA
chr9	59400000	59500000	0	0.0	NA
chr9	59500000	59600000	0	0.0	NA
chr9	59600000	59700000	0	0.0	NA
chr9	59700000	59800000	0	0.0	NA
chr9	59800000	59900000	0	0.0	NA
chr9	59900000	60000000	0	0.0	NA
chr9	60000000	60100000	0	0.0	NA
chr9	60100000	60200000	0	0.0	NA
chr9	60200000	60300000	0	0.0	NA
chr9	60300000	60400000	0	0.0	NA
chr9	60400000	60500000	0	0.0	NA
chr9	60500000	60600000	0	0.0	NA
chr9	60600000	60700000	0	0.0	NA
chr9	60700000	60800000	0	0.0	NA
chr9	60800000	60900000	0	0.0	NA
chr9	60900000	61000000	0	0.0	NA
chr9	61000000	61100000	0	0.0	NA
chr9	61100000	61200000	0	0.0	NA
chr9	61200000	61300000	0	0.0	NA
chr9	61300000	61400000	0	0.0	NA
chr9	61400000	61500000	0	0.0	NA
chr9	61500000	61600000	0	0.0	NA
chr9	61600000	61700000	0	0.0	NA
chr9	61700000	61800000	0	0.0	NA
chr9	61800000	61900000	0	0.0	NA
chr9	61900000	62000000	0	0.0	NA
chr9	62000000	62100000	0	0.0	NA
chr9	62100000	62200000	0	0.0	NA
chr9	62200000	62300000	0	0.0	NA
chr9	62300000	62400000	0	0.0	NA
chr9	62400000	62500000	0	0.0	NA
chr9	62500000	62600000	0	0.0	NA
chr9	62600000	62700000	0	0.0	NA
chr9	62700000	62800000	0	0.0	NA
chr9	62800000	62900000	0	0.0	NA
chr9	62900000	63000000	0	0.0	NA
chr9	63000000	63100000	0	0.0	NA
chr9	63100000	63200000	0	0.0	NA
chr9	63200000	63300000	0	0.0	NA
chr9	63300000	63400000	0	0.0	NA
chr9	63400000	63500000	0	0.0	NA
chr9	63500000	63600000	0	0.0	NA
chr9	63600000	63700000	0	0.0	NA
chr9	63700000	63800000	0	0.0	NA
chr9	63800000	63900000	0	0.0	NA
chr9	63900000	64000000	0	0.0	NA
chr9	64000000	64100000	0	0.0	NA
chr9	64100000	64200000	0	0.0	NA
chr9	64200000	64300000	0	0.0	NA
chr9	64300000	64400000	0	0.0	NA
chr9	64400000	64500000	0	0.0	NA
chr9	64500000	64600000	0	0.0	NA
chr9	64600000	64700000	0	0.0	NA
chr9	64700000	64800000	0	0.0	NA
chr9	64800000	64900000	0	0.0	NA
chr9	64900000	65000000	0	0.0	NA
chr9	65000000	65100000	0	0.0	NA
chr9	65100000	65200000	0	0.0	NA
chr9	65200000	65300000	0	0.0	NA
chr9	65300000	65400000	0	0.0	NA
chr9	65400000	65500000	0	0.0	NA
chr9	65500000	65600000	0	0.0	NA
chr9	65600000	65700000	0	0.0	NA
chr9	65700000	65800000	0	0.0	NA
chr9	65800000	65900000	0	0.0	NA
chr9	65900000	66000000	0	0.0	NA
chr9	66000000	66100000	0	0.0	NA
chr9	66100000	66200000	0	0.0	NA
chr9	66200000	66300000	0	0.0	NA
chr9	66300000	66400000	0	0.0	NA
chr9	66400000	66500000	0	0.0	NA
chr9	66500000	66600000	0	0.0	NA
chr9	66600000	66700000	0	0.0	NA
chr9	66700000	66800000	0	0.0	NA
chr9	66800000	66900000	0	0.0	NA
chr9	66900000	67000000	0	0.0	NA
chr9	67000000	67100000	0	0.0	NA
chr9	67100000	67200000	0	0.0	NA
chr9	67200000	67300000	0	0.0	NA
chr9	67300000	67400000	0	0.0	NA
chr9	67400000	67500000	0	0.0	NA
chr9	67500000	67600000	0	0.0	NA
chr9	67600000	67700000	0	0.0	NA
chr9	67700000	67800000	0	0.0	NA
chr9	67800000	67900000	0	0.0	NA
chr9	67900000	68000000	0	0.0	NA
chr9	68000000	68100000	0	0.0	NA
chr9	68100000	68200000	12	3.0	0.25
chr9	68200000	68300000	0	0.0	NA
chr9	68300000	68400000	0	0.0	NA
chr9	68400000	68500000	53	18.0	0.339622641509
chr9	68500000	68600000	16	5.0	0.3125
chr9	68600000	68700000	0	0.0	NA
chr9	68700000	68800000	0	0.0	NA
chr9	68800000	68900000	0	0.0	NA
chr9	68900000	69000000	0	0.0	NA
chr9	69000000	69100000	0	0.0	NA
chr9	69100000	69200000	0	0.0	NA
chr9	69200000	69300000	0	0.0	NA
chr9	69300000	69400000	0	0.0	NA
chr9	69400000	69500000	0	0.0	NA
chr9	69500000	69600000	0	0.0	NA
chr9	69600000	69700000	0	0.0	NA
chr9	69700000	69800000	0	0.0	NA
chr9	69800000	69900000	0	0.0	NA
chr9	69900000	70000000	0	0.0	NA
chr9	70000000	70100000	0	0.0	NA
chr9	70100000	70200000	0	0.0	NA
chr9	70200000	70300000	0	0.0	NA
chr9	70300000	70400000	0	0.0	NA
chr9	70400000	70500000	0	0.0	NA
chr9	70500000	70600000	0	0.0	NA
chr9	70600000	70700000	0	0.0	NA
chr9	70700000	70800000	0	0.0	NA
chr9	70800000	70900000	0	0.0	NA
chr9	70900000	71000000	0	0.0	NA
chr9	71000000	71100000	0	0.0	NA
chr9	71100000	71200000	4040	989.0	0.244801980198
chr9	71200000	71300000	23908	5999.0	0.250920194077
chr9	71300000	71400000	11588	2939.0	0.253624439075
chr9	71400000	71500000	0	0.0	NA
chr9	71500000	71600000	0	0.0	NA
chr9	71600000	71700000	8593	2269.0	0.264052135459
chr9	71700000	71800000	0	0.0	NA
chr9	71800000	71900000	7767	2049.0	0.263808420239
chr9	71900000	72000000	9992	2576.0	0.257806244996
chr9	72000000	72100000	9741	2953.0	0.303151627143
chr9	72100000	72200000	0	0.0	NA
chr9	72200000	72300000	5190	1123.0	0.216377649326
chr9	72300000	72400000	14323	3600.0	0.25134399218
chr9	72400000	72500000	13637	3206.0	0.235095695534
chr9	72500000	72600000	31093	7591.0	0.244138552086
chr9	72600000	72700000	35594	9002.0	0.252907793448
chr9	72700000	72800000	0	0.0	NA
chr9	72800000	72900000	0	0.0	NA
chr9	72900000	73000000	13489	3592.0	0.266291051968
chr9	73000000	73100000	23756	5858.0	0.246590335073
chr9	73100000	73200000	22793	6093.0	0.267318913702
chr9	73200000	73300000	0	0.0	NA
chr9	73300000	73400000	0	0.0	NA
chr9	73400000	73500000	0	0.0	NA
chr9	73500000	73600000	0	0.0	NA
chr9	73600000	73700000	0	0.0	NA
chr9	73700000	73800000	0	0.0	NA
chr9	73800000	73900000	0	0.0	NA
chr9	73900000	74000000	0	0.0	NA
chr9	74000000	74100000	25063	6159.0	0.245740733352
chr9	74100000	74200000	59894	14385.0	0.240174307944
chr9	74200000	74300000	47734	11839.0	0.248020279046
chr9	74300000	74400000	5317	1441.0	0.271017491066
chr9	74400000	74500000	30884	7727.0	0.250194275353
chr9	74500000	74600000	0	0.0	NA
chr9	74600000	74700000	19403	4793.0	0.247023656136
chr9	74700000	74800000	7780	1844.0	0.237017994859
chr9	74800000	74900000	13875	3729.0	0.268756756757
chr9	74900000	75000000	21328	5288.0	0.247936984246
chr9	75000000	75100000	62049	14840.0	0.239165820561
chr9	75100000	75200000	15346	3780.0	0.24631825883
chr9	75200000	75300000	0	0.0	NA
chr9	75300000	75400000	0	0.0	NA
chr9	75400000	75500000	13721	3693.0	0.269149478901
chr9	75500000	75600000	11323	2967.0	0.262033030116
chr9	75600000	75700000	1832	521.0	0.284388646288
chr9	75700000	75800000	46354	12138.0	0.261854424645
chr9	75800000	75900000	53054	12339.0	0.232574358201
chr9	75900000	76000000	52426	12870.0	0.245488879564
chr9	76000000	76100000	43420	10817.0	0.249124827269
chr9	76100000	76200000	45798	10798.0	0.235774487969
chr9	76200000	76300000	45059	10769.0	0.238997758494
chr9	76300000	76400000	52772	13499.0	0.255798529523
chr9	76400000	76500000	58103	14307.0	0.246235134158
chr9	76500000	76600000	44099	10916.0	0.247533957686
chr9	76600000	76700000	34280	8352.0	0.243640606768
chr9	76700000	76800000	54390	13111.0	0.241055341055
chr9	76800000	76900000	37325	8674.0	0.232391158741
chr9	76900000	77000000	49958	11624.0	0.232675447376
chr9	77000000	77100000	50880	11731.0	0.230562106918
chr9	77100000	77200000	0	0.0	NA
chr9	77200000	77300000	0	0.0	NA
chr9	77300000	77400000	18582	4133.0	0.222419545797
chr9	77400000	77500000	0	0.0	NA
chr9	77500000	77600000	11103	2741.0	0.246870215257
chr9	77600000	77700000	14771	3719.0	0.251777130865
chr9	77700000	77800000	14305	3623.0	0.253268088081
chr9	77800000	77900000	32912	8472.0	0.257413709285
chr9	77900000	78000000	27287	6738.0	0.246930772896
chr9	78000000	78100000	68829	16842.0	0.244693370527
chr9	78100000	78200000	11889	2947.0	0.247876188073
chr9	78200000	78300000	0	0.0	NA
chr9	78300000	78400000	17853	4599.0	0.257603764073
chr9	78400000	78500000	50980	12468.0	0.244566496665
chr9	78500000	78600000	2849	645.0	0.226395226395
chr9	78600000	78700000	0	0.0	NA
chr9	78700000	78800000	0	0.0	NA
chr9	78800000	78900000	0	0.0	NA
chr9	78900000	79000000	10079	2766.0	0.2744319873
chr9	79000000	79100000	5723	1656.0	0.28935872794
chr9	79100000	79200000	31133	8157.0	0.26200494652
chr9	79200000	79300000	12467	3340.0	0.267907275207
chr9	79300000	79400000	0	0.0	NA
chr9	79400000	79500000	0	0.0	NA
chr9	79500000	79600000	40232	9842.0	0.244631139392
chr9	79600000	79700000	40338	9480.0	0.235014130596
chr9	79700000	79800000	38064	8906.0	0.233974358974
chr9	79800000	79900000	0	0.0	NA
chr9	79900000	80000000	0	0.0	NA
chr9	80000000	80100000	633	151.0	0.238546603476
chr9	80100000	80200000	0	0.0	NA
chr9	80200000	80300000	14672	3705.0	0.252521810251
chr9	80300000	80400000	6185	1746.0	0.282295877122
chr9	80400000	80500000	0	0.0	NA
chr9	80500000	80600000	0	0.0	NA
chr9	80600000	80700000	23960	5701.0	0.237938230384
chr9	80700000	80800000	44279	10721.0	0.242123805867
chr9	80800000	80900000	19157	4757.0	0.248316542256
chr9	80900000	81000000	32913	8445.0	0.256585543706
chr9	81000000	81100000	46770	11532.0	0.246568313021
chr9	81100000	81200000	64041	15665.0	0.244608922409
chr9	81200000	81300000	57755	13164.0	0.227928317895
chr9	81300000	81400000	50649	11931.0	0.235562400047
chr9	81400000	81500000	57389	13159.0	0.229294812595
chr9	81500000	81600000	59679	14141.0	0.236951021297
chr9	81600000	81700000	64324	15262.0	0.237267582862
chr9	81700000	81800000	47883	11001.0	0.229747509555
chr9	81800000	81900000	73800	17237.0	0.233563685637
chr9	81900000	82000000	64307	15251.0	0.237159251714
chr9	82000000	82100000	56067	13008.0	0.232008133126
chr9	82100000	82200000	44162	10285.0	0.232892532041
chr9	82200000	82300000	0	0.0	NA
chr9	82300000	82400000	35364	8942.0	0.252856011763
chr9	82400000	82500000	30755	7017.0	0.228158023086
chr9	82500000	82600000	0	0.0	NA
chr9	82600000	82700000	30755	6591.0	0.21430661681
chr9	82700000	82800000	50807	12363.0	0.243332611648
chr9	82800000	82900000	34323	8114.0	0.236401246977
chr9	82900000	83000000	51040	12793.0	0.250646551724
chr9	83000000	83100000	53014	12072.0	0.227713434187
chr9	83100000	83200000	36978	8121.0	0.219617069609
chr9	83200000	83300000	54582	12952.0	0.237294346121
chr9	83300000	83400000	46341	11224.0	0.242204527308
chr9	83400000	83500000	51105	11744.0	0.229801389297
chr9	83500000	83600000	51923	12558.0	0.241858136086
chr9	83600000	83700000	44954	10242.0	0.227832895849
chr9	83700000	83800000	57262	13050.0	0.227899828857
chr9	83800000	83900000	48376	11523.0	0.238196626426
chr9	83900000	84000000	40671	9175.0	0.225590715743
chr9	84000000	84100000	53077	11599.0	0.218531567346
chr9	84100000	84200000	60150	13250.0	0.220282626766
chr9	84200000	84300000	0	0.0	NA
chr9	84300000	84400000	1457	308.0	0.21139327385
chr9	84400000	84500000	50997	10853.0	0.212816440183
chr9	84500000	84600000	16437	4251.0	0.258623836467
chr9	84600000	84700000	42648	9592.0	0.224910898518
chr9	84700000	84800000	57995	12423.0	0.21420812139
chr9	84800000	84900000	46104	10615.0	0.230240326219
chr9	84900000	85000000	54192	11628.0	0.214570416298
chr9	85000000	85100000	52896	11637.0	0.219997731397
chr9	85100000	85200000	57975	12823.0	0.221181543769
chr9	85200000	85300000	54468	12293.0	0.225692149519
chr9	85300000	85400000	50347	11135.0	0.221165114108
chr9	85400000	85500000	57929	13456.0	0.232284348081
chr9	85500000	85600000	66498	15321.0	0.230397906704
chr9	85600000	85700000	15407	3628.0	0.235477380412
chr9	85700000	85800000	47550	11570.0	0.243322818086
chr9	85800000	85900000	22982	6127.0	0.266599947785
chr9	85900000	86000000	0	0.0	NA
chr9	86000000	86100000	0	0.0	NA
chr9	86100000	86200000	15842	4026.0	0.254134578967
chr9	86200000	86300000	15097	3980.0	0.263628535471
chr9	86300000	86400000	5454	1276.0	0.233956729006
chr9	86400000	86500000	0	0.0	NA
chr9	86500000	86600000	7975	1969.0	0.246896551724
chr9	86600000	86700000	12035	2827.0	0.234898213544
chr9	86700000	86800000	49208	11159.0	0.226772069582
chr9	86800000	86900000	48403	11617.0	0.240005784765
chr9	86900000	87000000	3794	1111.0	0.292830785451
chr9	87000000	87100000	50565	13104.0	0.259151587066
chr9	87100000	87200000	41189	10264.0	0.249192745636
chr9	87200000	87300000	48887	12488.0	0.25544623315
chr9	87300000	87400000	0	0.0	NA
chr9	87400000	87500000	0	0.0	NA
chr9	87500000	87600000	0	0.0	NA
chr9	87600000	87700000	25666	6542.0	0.254889737396
chr9	87700000	87800000	53326	13797.0	0.258729325282
chr9	87800000	87900000	61738	15517.0	0.251336292073
chr9	87900000	88000000	39469	10302.0	0.261014973777
chr9	88000000	88100000	47444	12057.0	0.254131186241
chr9	88100000	88200000	37316	10470.0	0.280576696323
chr9	88200000	88300000	0	0.0	NA
chr9	88300000	88400000	2164	519.0	0.239833641405
chr9	88400000	88500000	7450	1834.0	0.246174496644
chr9	88500000	88600000	19284	4755.0	0.246577473553
chr9	88600000	88700000	160	44.0	0.275
chr9	88700000	88800000	0	0.0	NA
chr9	88800000	88900000	1174	381.0	0.324531516184
chr9	88900000	89000000	3453	922.0	0.267014190559
chr9	89000000	89100000	40897	10333.0	0.252659119251
chr9	89100000	89200000	48954	13340.0	0.272500714957
chr9	89200000	89300000	21458	5622.0	0.262000186411
chr9	89300000	89400000	53136	13953.0	0.262590334237
chr9	89400000	89500000	67601	18090.0	0.267599591722
chr9	89500000	89600000	33658	8595.0	0.255362766653
chr9	89600000	89700000	22539	6032.0	0.267625005546
chr9	89700000	89800000	50075	13029.0	0.260189715427
chr9	89800000	89900000	38844	10355.0	0.266579137061
chr9	89900000	90000000	50084	13400.0	0.267550515135
chr9	90000000	90100000	37605	9505.0	0.25275894163
chr9	90100000	90200000	7151	1766.0	0.246958467347
chr9	90200000	90300000	0	0.0	NA
chr9	90300000	90400000	14071	4720.0	0.335441688579
chr9	90400000	90500000	19437	6038.0	0.310644646808
chr9	90500000	90600000	3257	874.0	0.268345102855
chr9	90600000	90700000	7594	2349.0	0.309323149855
chr9	90700000	90800000	16178	4885.0	0.301953269873
chr9	90800000	90900000	15298	4909.0	0.32089161982
chr9	90900000	91000000	7872	2534.0	0.321900406504
chr9	91000000	91100000	2914	949.0	0.325669183253
chr9	91100000	91200000	2411	867.0	0.359601824969
chr9	91200000	91300000	15085	4831.0	0.320251905867
chr9	91300000	91400000	36014	11851.0	0.329066474149
chr9	91400000	91500000	21675	7623.0	0.35169550173
chr9	91500000	91600000	16353	5450.0	0.333272182474
chr9	91600000	91700000	3193	1106.0	0.346382712183
chr9	91700000	91800000	4267	1220.0	0.285915162878
chr9	91800000	91900000	17282	5565.0	0.32201134128
chr9	91900000	92000000	5858	1884.0	0.321611471492
chr9	92000000	92100000	0	0.0	NA
chr9	92100000	92200000	21838	7909.0	0.362166865098
chr9	92200000	92300000	18980	6462.0	0.340463645943
chr9	92300000	92400000	3149	987.0	0.313432835821
chr9	92400000	92500000	12363	4644.0	0.375636981315
chr9	92500000	92600000	690	296.0	0.428985507246
chr9	92600000	92700000	10188	3676.0	0.360816647036
chr9	92700000	92800000	27785	9734.0	0.350332913443
chr9	92800000	92900000	40926	13088.0	0.31979670625
chr9	92900000	93000000	14545	4877.0	0.335304228257
chr9	93000000	93100000	18469	5707.0	0.309004277438
chr9	93100000	93200000	1188	408.0	0.343434343434
chr9	93200000	93300000	12392	4124.0	0.33279535184
chr9	93300000	93400000	13300	4243.0	0.319022556391
chr9	93400000	93500000	16969	5345.0	0.314986151217
chr9	93500000	93600000	8109	2399.0	0.295844123813
chr9	93600000	93700000	8338	3098.0	0.371551930919
chr9	93700000	93800000	37865	12327.0	0.325551300673
chr9	93800000	93900000	13080	4332.0	0.33119266055
chr9	93900000	94000000	9497	2927.0	0.308202590292
chr9	94000000	94100000	0	0.0	NA
chr9	94100000	94200000	23382	6923.0	0.296082456591
chr9	94200000	94300000	34813	10386.0	0.298336828196
chr9	94300000	94400000	3186	799.0	0.250784682988
chr9	94400000	94500000	0	0.0	NA
chr9	94500000	94600000	0	0.0	NA
chr9	94600000	94700000	0	0.0	NA
chr9	94700000	94800000	21842	6615.0	0.302856881238
chr9	94800000	94900000	1858	474.0	0.255113024758
chr9	94900000	95000000	33	8.0	0.242424242424
chr9	95000000	95100000	571	168.0	0.294220665499
chr9	95100000	95200000	0	0.0	NA
chr9	95200000	95300000	0	0.0	NA
chr9	95300000	95400000	0	0.0	NA
chr9	95400000	95500000	3225	1069.0	0.331472868217
chr9	95500000	95600000	3258	1077.0	0.330570902394
chr9	95600000	95700000	9741	2770.0	0.284365054922
chr9	95700000	95800000	985	317.0	0.321827411168
chr9	95800000	95900000	6577	2451.0	0.372662308043
chr9	95900000	96000000	6822	2386.0	0.349750806215
chr9	96000000	96100000	0	0.0	NA
chr9	96100000	96200000	1050	291.0	0.277142857143
chr9	96200000	96300000	2787	700.0	0.251166128454
chr9	96300000	96400000	1564	467.0	0.298593350384
chr9	96400000	96500000	17915	5487.0	0.306279653921
chr9	96500000	96600000	15054	4720.0	0.313537930118
chr9	96600000	96700000	18792	6003.0	0.319444444444
chr9	96700000	96800000	12520	4323.0	0.345287539936
chr9	96800000	96900000	2215	680.0	0.306997742664
chr9	96900000	97000000	9248	3016.0	0.326124567474
chr9	97000000	97100000	960	358.0	0.372916666667
chr9	97100000	97200000	0	0.0	NA
chr9	97200000	97300000	8819	2048.0	0.23222587595
chr9	97300000	97400000	0	0.0	NA
chr9	97400000	97500000	40432	10092.0	0.249604273843
chr9	97500000	97600000	0	0.0	NA
chr9	97600000	97700000	0	0.0	NA
chr9	97700000	97800000	0	0.0	NA
chr9	97800000	97900000	1765	617.0	0.349575070822
chr9	97900000	98000000	0	0.0	NA
chr9	98000000	98100000	5087	1241.0	0.24395517987
chr9	98100000	98200000	30154	7401.0	0.245440074285
chr9	98200000	98300000	13091	3646.0	0.278511954778
chr9	98300000	98400000	54406	14630.0	0.268904164982
chr9	98400000	98500000	25012	6251.0	0.249920038382
chr9	98500000	98600000	11078	3036.0	0.274056688933
chr9	98600000	98700000	0	0.0	NA
chr9	98700000	98800000	0	0.0	NA
chr9	98800000	98900000	25924	7752.0	0.299027927789
chr9	98900000	99000000	52997	15034.0	0.283676434515
chr9	99000000	99100000	0	0.0	NA
chr9	99100000	99200000	6331	1620.0	0.255883746644
chr9	99200000	99300000	10836	3117.0	0.28765227021
chr9	99300000	99400000	4125	1031.0	0.249939393939
chr9	99400000	99500000	1960	570.0	0.290816326531
chr9	99500000	99600000	6719	1922.0	0.286054472392
chr9	99600000	99700000	6640	1726.0	0.259939759036
chr9	99700000	99800000	0	0.0	NA
chr9	99800000	99900000	3941	1047.0	0.265668612027
chr9	99900000	100000000	0	0.0	NA
chr9	100000000	100100000	0	0.0	NA
chr9	100100000	100200000	6946	1773.0	0.25525482292
chr9	100200000	100300000	2683	643.0	0.239657100261
chr9	100300000	100400000	0	0.0	NA
chr9	100400000	100500000	25008	6089.0	0.243482085733
chr9	100500000	100600000	48744	11683.0	0.239680781224
chr9	100600000	100700000	27635	6705.0	0.242627103311
chr9	100700000	100800000	24883	5720.0	0.229875818832
chr9	100800000	100900000	1636	417.0	0.25488997555
chr9	100900000	101000000	3183	963.0	0.302544769086
chr9	101000000	101100000	7512	1953.0	0.259984025559
chr9	101100000	101200000	0	0.0	NA
chr9	101200000	101300000	0	0.0	NA
chr9	101300000	101400000	0	0.0	NA
chr9	101400000	101500000	15828	4212.0	0.266110689917
chr9	101500000	101600000	5023	1241.0	0.247063507864
chr9	101600000	101700000	40131	10353.0	0.257980115123
chr9	101700000	101800000	4528	1218.0	0.268992932862
chr9	101800000	101900000	17905	4536.0	0.253337056688
chr9	101900000	102000000	28047	7206.0	0.256925874425
chr9	102000000	102100000	55477	13720.0	0.24730969591
chr9	102100000	102200000	55702	13586.0	0.243905066245
chr9	102200000	102300000	63686	14890.0	0.233803347675
chr9	102300000	102400000	30537	7122.0	0.233225267708
chr9	102400000	102500000	0	0.0	NA
chr9	102500000	102600000	0	0.0	NA
chr9	102600000	102700000	12379	2766.0	0.223442927539
chr9	102700000	102800000	3835	858.0	0.223728813559
chr9	102800000	102900000	0	0.0	NA
chr9	102900000	103000000	0	0.0	NA
chr9	103000000	103100000	0	0.0	NA
chr9	103100000	103200000	10135	2537.0	0.250320670942
chr9	103200000	103300000	0	0.0	NA
chr9	103300000	103400000	24774	5887.0	0.237628158553
chr9	103400000	103500000	39731	9027.0	0.22720293977
chr9	103500000	103600000	37785	8777.0	0.232287944952
chr9	103600000	103700000	54088	12486.0	0.230846028694
chr9	103700000	103800000	43537	10025.0	0.230263913453
chr9	103800000	103900000	0	0.0	NA
chr9	103900000	104000000	0	0.0	NA
chr9	104000000	104100000	8019	2013.0	0.251028806584
chr9	104100000	104200000	14224	3583.0	0.251898200225
chr9	104200000	104300000	11477	2919.0	0.254334756469
chr9	104300000	104400000	3852	914.0	0.23727933541
chr9	104400000	104500000	0	0.0	NA
chr9	104500000	104600000	51359	11852.0	0.230767733017
chr9	104600000	104700000	61424	14763.0	0.240345793175
chr9	104700000	104800000	43422	10423.0	0.240039611257
chr9	104800000	104900000	26650	6708.0	0.251707317073
chr9	104900000	105000000	40327	10087.0	0.250130185732
chr9	105000000	105100000	29301	7236.0	0.246954028873
chr9	105100000	105200000	29740	7725.0	0.259751176866
chr9	105200000	105300000	25158	6435.0	0.255783448605
chr9	105300000	105400000	0	0.0	NA
chr9	105400000	105500000	20681	5623.0	0.271892074851
chr9	105500000	105600000	27504	7477.0	0.271851367074
chr9	105600000	105700000	23268	6085.0	0.261517964587
chr9	105700000	105800000	14717	4005.0	0.272134266495
chr9	105800000	105900000	24256	6493.0	0.267686345646
chr9	105900000	106000000	2493	645.0	0.2587244284
chr9	106000000	106100000	6367	1782.0	0.279880634522
chr9	106100000	106200000	10176	2621.0	0.257566823899
chr9	106200000	106300000	39262	9579.0	0.243976363914
chr9	106300000	106400000	37044	9260.0	0.249973005075
chr9	106400000	106500000	53776	12970.0	0.24118565903
chr9	106500000	106600000	49131	11984.0	0.243919317742
chr9	106600000	106700000	41649	9895.0	0.237580734231
chr9	106700000	106800000	53012	12640.0	0.238436580397
chr9	106800000	106900000	18501	4382.0	0.236852062051
chr9	106900000	107000000	45424	10950.0	0.24106199366
chr9	107000000	107100000	42430	9861.0	0.232406316286
chr9	107100000	107200000	48337	11434.0	0.236547572253
chr9	107200000	107300000	34648	8464.0	0.244285384438
chr9	107300000	107400000	40103	9898.0	0.246814452784
chr9	107400000	107500000	30889	7488.0	0.242416394186
chr9	107500000	107600000	4901	1306.0	0.266476229341
chr9	107600000	107700000	4047	1007.0	0.24882629108
chr9	107700000	107800000	47778	11353.0	0.237619825024
chr9	107800000	107900000	38366	8921.0	0.232523588594
chr9	107900000	108000000	43630	10030.0	0.229887691955
chr9	108000000	108100000	5072	1062.0	0.209384858044
chr9	108100000	108200000	0	0.0	NA
chr9	108200000	108300000	5284	1301.0	0.246214988645
chr9	108300000	108400000	1243	283.0	0.227674979887
chr9	108400000	108500000	28309	6530.0	0.230668691935
chr9	108500000	108600000	6080	1241.0	0.204111842105
chr9	108600000	108700000	62901	14861.0	0.236260154847
chr9	108700000	108800000	35250	7078.0	0.200794326241
chr9	108800000	108900000	0	0.0	NA
chr9	108900000	109000000	0	0.0	NA
chr9	109000000	109100000	0	0.0	NA
chr9	109100000	109200000	0	0.0	NA
chr9	109200000	109300000	0	0.0	NA
chr9	109300000	109400000	0	0.0	NA
chr9	109400000	109500000	0	0.0	NA
chr9	109500000	109600000	57154	12617.0	0.220754452882
chr9	109600000	109700000	16333	3490.0	0.21367783016
chr9	109700000	109800000	0	0.0	NA
chr9	109800000	109900000	24499	5659.0	0.23098901996
chr9	109900000	110000000	55181	12712.0	0.230369148801
chr9	110000000	110100000	21717	5296.0	0.24386425381
chr9	110100000	110200000	32809	8983.0	0.273796824042
chr9	110200000	110300000	24396	5782.0	0.237006066568
chr9	110300000	110400000	55903	14121.0	0.252598250541
chr9	110400000	110500000	56760	14662.0	0.258315715292
chr9	110500000	110600000	51930	12903.0	0.24846909301
chr9	110600000	110700000	54351	14079.0	0.259038472153
chr9	110700000	110800000	65379	17437.0	0.266706434788
chr9	110800000	110900000	71449	18619.0	0.260591470839
chr9	110900000	111000000	53395	13229.0	0.247757280644
chr9	111000000	111100000	71019	18002.0	0.253481462707
chr9	111100000	111200000	55953	13834.0	0.24724322199
chr9	111200000	111300000	53327	12847.0	0.240909858046
chr9	111300000	111400000	73685	17808.0	0.241677410599
chr9	111400000	111500000	60029	14618.0	0.24351563411
chr9	111500000	111600000	52471	12928.0	0.24638371672
chr9	111600000	111700000	9226	2579.0	0.279536093648
chr9	111700000	111800000	865	224.0	0.258959537572
chr9	111800000	111900000	5187	1392.0	0.268363215732
chr9	111900000	112000000	2970	750.0	0.252525252525
chr9	112000000	112100000	9414	2516.0	0.267261525388
chr9	112100000	112200000	15364	4054.0	0.263863577193
chr9	112200000	112300000	21473	5541.0	0.258044986728
chr9	112300000	112400000	47938	11927.0	0.248800534023
chr9	112400000	112500000	2596	634.0	0.244221879815
chr9	112500000	112600000	0	0.0	NA
chr9	112600000	112700000	0	0.0	NA
chr9	112700000	112800000	0	0.0	NA
chr9	112800000	112900000	0	0.0	NA
chr9	112900000	113000000	11317	3353.0	0.296279932844
chr9	113000000	113100000	19828	5127.0	0.258573734113
chr9	113100000	113200000	8224	2066.0	0.251215953307
chr9	113200000	113300000	0	0.0	NA
chr9	113300000	113400000	19652	4887.0	0.248676979442
chr9	113400000	113500000	14550	3486.0	0.239587628866
chr9	113500000	113600000	22200	5589.0	0.251756756757
chr9	113600000	113700000	13716	3513.0	0.256124234471
chr9	113700000	113800000	0	0.0	NA
chr9	113800000	113900000	44521	10507.0	0.236000988298
chr9	113900000	114000000	834	207.0	0.248201438849
chr9	114000000	114100000	16218	3686.0	0.227278332717
chr9	114100000	114200000	3515	864.0	0.245803698435
chr9	114200000	114300000	5235	1274.0	0.243361986628
chr9	114300000	114400000	5027	1308.0	0.260194947285
chr9	114400000	114500000	1787	394.0	0.220481253497
chr9	114500000	114600000	19172	4458.0	0.232526601294
chr9	114600000	114700000	13500	3138.0	0.232444444444
chr9	114700000	114800000	20250	5383.0	0.265827160494
chr9	114800000	114900000	0	0.0	NA
chr9	114900000	115000000	0	0.0	NA
chr9	115000000	115100000	0	0.0	NA
chr9	115100000	115200000	4806	1098.0	0.228464419476
chr9	115200000	115300000	0	0.0	NA
chr9	115300000	115400000	0	0.0	NA
chr9	115400000	115500000	8066	2022.0	0.250681874535
chr9	115500000	115600000	3453	791.0	0.229076165653
chr9	115600000	115700000	18927	5262.0	0.278015533365
chr9	115700000	115800000	22949	6037.0	0.26306157131
chr9	115800000	115900000	4266	1171.0	0.274496015002
chr9	115900000	116000000	9161	2367.0	0.258377906342
chr9	116000000	116100000	5943	1584.0	0.266532054518
chr9	116100000	116200000	10150	2618.0	0.257931034483
chr9	116200000	116300000	719	151.0	0.210013908206
chr9	116300000	116400000	20375	5979.0	0.293447852761
chr9	116400000	116500000	34735	9806.0	0.282308910321
chr9	116500000	116600000	52399	12861.0	0.245443615336
chr9	116600000	116700000	19909	5011.0	0.25169521322
chr9	116700000	116800000	0	0.0	NA
chr9	116800000	116900000	29025	8563.0	0.295021533161
chr9	116900000	117000000	13031	3580.0	0.274729491213
chr9	117000000	117100000	4500	1391.0	0.309111111111
chr9	117100000	117200000	2660	840.0	0.315789473684
chr9	117200000	117300000	18127	4871.0	0.268715176256
chr9	117300000	117400000	17662	4926.0	0.278903861397
chr9	117400000	117500000	29773	8801.0	0.295603399053
chr9	117500000	117600000	42335	11253.0	0.265808432739
chr9	117600000	117700000	22470	5876.0	0.261504227859
chr9	117700000	117800000	48034	13430.0	0.279593621185
chr9	117800000	117900000	1115	312.0	0.279820627803
chr9	117900000	118000000	2942	693.0	0.235554044867
chr9	118000000	118100000	0	0.0	NA
chr9	118100000	118200000	0	0.0	NA
chr9	118200000	118300000	0	0.0	NA
chr9	118300000	118400000	0	0.0	NA
chr9	118400000	118500000	0	0.0	NA
chr9	118500000	118600000	58311	14702.0	0.252130815798
chr9	118600000	118700000	28110	7801.0	0.277516897901
chr9	118700000	118800000	63116	16117.0	0.255355218962
chr9	118800000	118900000	58840	15260.0	0.259347382733
chr9	118900000	119000000	12392	3148.0	0.254034861201
chr9	119000000	119100000	0	0.0	NA
chr9	119100000	119200000	17209	4523.0	0.262827590214
chr9	119200000	119300000	0	0.0	NA
chr9	119300000	119400000	0	0.0	NA
chr9	119400000	119500000	0	0.0	NA
chr9	119500000	119600000	0	0.0	NA
chr9	119600000	119700000	0	0.0	NA
chr9	119700000	119800000	0	0.0	NA
chr9	119800000	119900000	0	0.0	NA
chr9	119900000	120000000	0	0.0	NA
chr9	120000000	120100000	0	0.0	NA
chr9	120100000	120200000	16917	4597.0	0.271738487912
chr9	120200000	120300000	64529	17398.0	0.269615211765
chr9	120300000	120400000	61245	15690.0	0.2561841783
chr9	120400000	120500000	28147	7895.0	0.280491704267
chr9	120500000	120600000	0	0.0	NA
chr9	120600000	120700000	21029	5321.0	0.25303152789
chr9	120700000	120800000	62085	16005.0	0.257791737135
chr9	120800000	120900000	47600	11835.0	0.248634453782
chr9	120900000	121000000	65894	16999.0	0.257974929432
chr9	121000000	121100000	61973	15856.0	0.255853355494
chr9	121100000	121200000	66009	17001.0	0.257555787847
chr9	121200000	121300000	58421	14814.0	0.253573201417
chr9	121300000	121400000	54814	14327.0	0.261374831247
chr9	121400000	121500000	49779	12535.0	0.25181301352
chr9	121500000	121600000	45245	11711.0	0.258835230412
chr9	121600000	121700000	51456	12924.0	0.251166044776
chr9	121700000	121800000	71608	18110.0	0.252904703385
chr9	121800000	121900000	52906	14459.0	0.273296034476
chr9	121900000	122000000	22464	5816.0	0.258903133903
chr9	122000000	122100000	0	0.0	NA
chr9	122100000	122200000	50622	12967.0	0.256153451069
chr9	122200000	122300000	43902	11755.0	0.267755455332
chr9	122300000	122400000	59995	16633.0	0.277239769981
chr9	122400000	122500000	67693	19099.0	0.282141432644
chr9	122500000	122600000	64611	18794.0	0.290879262045
chr9	122600000	122700000	54489	15996.0	0.293563838573
chr9	122700000	122800000	48772	16325.0	0.334720741409
chr9	122800000	122900000	42468	12451.0	0.293185457285
chr9	122900000	123000000	49102	15448.0	0.314610402835
chr9	123000000	123100000	22446	6779.0	0.302013721821
chr9	123100000	123200000	6869	2460.0	0.358130732275
chr9	123200000	123300000	0	0.0	NA
chr9	123300000	123400000	2328	633.0	0.271907216495
chr9	123400000	123500000	7342	2195.0	0.298964859711
chr9	123500000	123600000	3949	1156.0	0.292732337301
chr9	123600000	123700000	4389	1352.0	0.308042834359
chr9	123700000	123800000	426	138.0	0.323943661972
chr9	123800000	123900000	0	0.0	NA
chr9	123900000	124000000	198	61.0	0.308080808081
chr9	124000000	124100000	791	251.0	0.317319848293
chr9	124100000	124200000	150	47.0	0.313333333333
chr9	124200000	124300000	6415	1865.0	0.290724863601
chr9	124300000	124400000	12485	3611.0	0.289227072487
chr9	124400000	124500000	0	0.0	NA
chr9	124500000	124600000	14425	4392.0	0.304471403813
chr9	124600000	124700000	0	0.0	NA
chr9	124700000	124800000	0	0.0	NA
chr9	124800000	124900000	23532	6713.0	0.285271120177
chr9	124900000	125000000	6004	1507.0	0.250999333777
chr9	125000000	125100000	4637	1199.0	0.258572352814
chr9	125100000	125200000	20794	5618.0	0.270174088679
chr9	125200000	125300000	65	22.0	0.338461538462
chr9	125300000	125400000	1084	280.0	0.258302583026
chr9	125400000	125500000	9589	2747.0	0.286474084889
chr9	125500000	125600000	19301	5157.0	0.267188228589
chr9	125600000	125700000	3023	838.0	0.277208071452
chr9	125700000	125800000	453	171.0	0.377483443709
chr9	125800000	125900000	8654	2442.0	0.282181650104
chr9	125900000	126000000	0	0.0	NA
chr9	126000000	126100000	33479	8591.0	0.256608620329
chr9	126100000	126200000	10594	3125.0	0.294978289598
chr9	126200000	126300000	0	0.0	NA
chr9	126300000	126400000	0	0.0	NA
chr9	126400000	126500000	0	0.0	NA
chr9	126500000	126600000	0	0.0	NA
chr9	126600000	126700000	4328	1088.0	0.251386321627
chr9	126700000	126800000	39827	9299.0	0.233484821855
chr9	126800000	126900000	48450	12899.0	0.266233230134
chr9	126900000	127000000	26574	7004.0	0.263565891473
chr9	127000000	127100000	9074	2450.0	0.2700022041
chr9	127100000	127200000	6122	1615.0	0.263802678863
chr9	127200000	127300000	14937	3887.0	0.260226283725
chr9	127300000	127400000	0	0.0	NA
chr9	127400000	127500000	0	0.0	NA
chr9	127500000	127600000	6828	1725.0	0.252636203866
chr9	127600000	127700000	4008	1085.0	0.270708582834
chr9	127700000	127800000	747	257.0	0.344042838019
chr9	127800000	127900000	0	0.0	NA
chr9	127900000	128000000	4293	997.0	0.232238527836
chr9	128000000	128100000	1775	438.0	0.24676056338
chr9	128100000	128200000	27246	7517.0	0.275893709168
chr9	128200000	128300000	0	0.0	NA
chr9	128300000	128400000	0	0.0	NA
chr9	128400000	128500000	12453	2774.0	0.222757568457
chr9	128500000	128600000	1734	427.0	0.246251441753
chr9	128600000	128700000	0	0.0	NA
chr9	128700000	128800000	33793	9254.0	0.27384369544
chr9	128800000	128900000	11365	3183.0	0.280070391553
chr9	128900000	129000000	39857	10213.0	0.256241061796
chr9	129000000	129100000	42176	10517.0	0.249359825493
chr9	129100000	129200000	0	0.0	NA
chr9	129200000	129300000	15975	4402.0	0.275555555556
chr9	129300000	129400000	21152	5907.0	0.279264372163
chr9	129400000	129500000	11619	2998.0	0.258025647646
chr9	129500000	129600000	14216	3517.0	0.247397298818
chr9	129600000	129700000	20534	4921.0	0.239651310022
chr9	129700000	129800000	0	0.0	NA
chr9	129800000	129900000	0	0.0	NA
chr9	129900000	130000000	8090	1894.0	0.234116192831
chr9	130000000	130100000	19110	4849.0	0.253741496599
chr9	130100000	130200000	4923	1320.0	0.268129189519
chr9	130200000	130300000	1744	571.0	0.327408256881
chr9	130300000	130400000	349	73.0	0.209169054441
chr9	130400000	130500000	624	160.0	0.25641025641
chr9	130500000	130600000	4979	1380.0	0.277164089175
chr9	130600000	130700000	11900	3284.0	0.275966386555
chr9	130700000	130800000	17213	4540.0	0.263754139313
chr9	130800000	130900000	1062	348.0	0.327683615819
chr9	130900000	131000000	6284	1906.0	0.303309993635
chr9	131000000	131100000	4416	1239.0	0.280570652174
chr9	131100000	131200000	14215	3399.0	0.239113612381
chr9	131200000	131300000	1600	423.0	0.264375
chr9	131300000	131400000	0	0.0	NA
chr9	131400000	131500000	2436	679.0	0.278735632184
chr9	131500000	131600000	703	222.0	0.315789473684
chr9	131600000	131700000	1155	320.0	0.277056277056
chr9	131700000	131800000	973	338.0	0.347379239466
chr9	131800000	131900000	4281	1258.0	0.293856575566
chr9	131900000	132000000	25097	7298.0	0.290791728095
chr9	132000000	132100000	32746	9211.0	0.281286263971
chr9	132100000	132200000	30572	8789.0	0.287485280649
chr9	132200000	132300000	19464	5495.0	0.282316070695
chr9	132300000	132400000	21965	6390.0	0.290917368541
chr9	132400000	132500000	13892	3916.0	0.281888856896
chr9	132500000	132600000	14145	4107.0	0.290349946978
chr9	132600000	132700000	2170	790.0	0.364055299539
chr9	132700000	132800000	0	0.0	NA
chr9	132800000	132900000	3275	721.0	0.220152671756
chr9	132900000	133000000	5707	1662.0	0.291221307167
chr9	133000000	133100000	15404	4110.0	0.266813814594
chr9	133100000	133200000	0	0.0	NA
chr9	133200000	133300000	0	0.0	NA
chr9	133300000	133400000	10456	2786.0	0.266449885233
chr9	133400000	133500000	10844	3059.0	0.282091479159
chr9	133500000	133600000	10960	2962.0	0.270255474453
chr9	133600000	133700000	0	0.0	NA
chr9	133700000	133800000	6957	2228.0	0.320252982607
chr9	133800000	133900000	25840	7589.0	0.293691950464
chr9	133900000	134000000	2074	627.0	0.30231436837
chr9	134000000	134100000	160	68.0	0.425
chr9	134100000	134200000	16148	4955.0	0.306849145405
chr9	134200000	134300000	7637	2209.0	0.289249705382
chr9	134300000	134400000	642	198.0	0.308411214953
chr9	134400000	134500000	4272	1314.0	0.307584269663
chr9	134500000	134600000	0	0.0	NA
chr9	134600000	134700000	37737	11054.0	0.292922065877
chr9	134700000	134800000	17074	5259.0	0.308012182265
chr9	134800000	134900000	0	0.0	NA
chr9	134900000	135000000	23935	5665.0	0.236682682264
chr9	135000000	135100000	23326	6558.0	0.281145502872
chr9	135100000	135200000	3181	1035.0	0.325369380698
chr9	135200000	135300000	3669	1095.0	0.298446443173
chr9	135300000	135400000	0	0.0	NA
chr9	135400000	135500000	6000	1577.0	0.262833333333
chr9	135500000	135600000	1305	410.0	0.314176245211
chr9	135600000	135700000	264	91.0	0.344696969697
chr9	135700000	135800000	588	208.0	0.353741496599
chr9	135800000	135900000	10543	3194.0	0.302949824528
chr9	135900000	136000000	4759	1377.0	0.289346501366
chr9	136000000	136100000	5771	2033.0	0.352278634552
chr9	136100000	136200000	2957	1086.0	0.36726411904
chr9	136200000	136300000	291	89.0	0.305841924399
chr9	136300000	136400000	18059	5793.0	0.32078188161
chr9	136400000	136500000	13767	4482.0	0.325561124428
chr9	136500000	136600000	4001	1352.0	0.33791552112
chr9	136600000	136700000	2448	770.0	0.31454248366
chr9	136700000	136800000	0	0.0	NA
chr9	136800000	136900000	6864	2427.0	0.353583916084
chr9	136900000	137000000	8605	2770.0	0.321905868681
chr9	137000000	137100000	8151	2694.0	0.330511593669
chr9	137100000	137200000	42687	14811.0	0.346967460819
chr9	137200000	137300000	3704	1171.0	0.316144708423
chr9	137300000	137400000	21647	7642.0	0.353028133229
chr9	137400000	137500000	25206	8709.0	0.345512973102
chr9	137500000	137600000	17563	5819.0	0.331321528213
chr9	137600000	137700000	0	0.0	NA
chr9	137700000	137800000	3727	1428.0	0.383149986584
chr9	137800000	137900000	27110	9586.0	0.353596458871
chr9	137900000	138000000	18587	6710.0	0.361005003497
chr9	138000000	138100000	25776	9281.0	0.360063625078
chr9	138100000	138200000	19694	7005.0	0.355692088961
chr9	138200000	138300000	30731	10639.0	0.346197650581
chr9	138300000	138400000	8693	2988.0	0.343724836075
chr9	138400000	138500000	13335	4651.0	0.348781402325
chr9	138500000	138600000	5759	2081.0	0.361347456156
chr9	138600000	138700000	1068	402.0	0.376404494382
chr9	138700000	138800000	166	83.0	0.5
chr9	138800000	138900000	17280	5894.0	0.341087962963
chr9	138900000	139000000	4691	1740.0	0.370923044127
chr9	139000000	139100000	27463	9261.0	0.337217346976
chr9	139100000	139200000	9265	3256.0	0.35143011333
chr9	139200000	139300000	1892	730.0	0.385835095137
chr9	139300000	139400000	3290	1198.0	0.364133738602
chr9	139400000	139500000	15929	5780.0	0.362860192102
chr9	139500000	139600000	17530	6418.0	0.366115231033
chr9	139600000	139700000	2443	949.0	0.388456815391
chr9	139700000	139800000	2772	977.0	0.352453102453
chr9	139800000	139900000	5513	1926.0	0.349356067477
chr9	139900000	140000000	5284	1706.0	0.322861468584
chr9	140000000	140100000	5513	2053.0	0.372392526755
chr9	140100000	140200000	8459	2688.0	0.31776805769
chr9	140200000	140300000	1002	383.0	0.382235528942
chr9	140300000	140400000	327	128.0	0.391437308869
chr9	140400000	140500000	1547	551.0	0.356173238526
chr9	140500000	140600000	0	0.0	NA
chr9	140600000	140700000	0	0.0	NA
chr9	140700000	140800000	2084	786.0	0.377159309021
chr9	140800000	140900000	0	0.0	NA
chr9	140900000	141000000	0	0.0	NA
chr9	141000000	141100000	33	7.0	0.212121212121
chr9	141100000	141200000	0	0.0	NA
chr9	141200000	141213431	0	0.0	NA
