chr9	0	100000	0	0.0	NA
chr9	100000	200000	0	0.0	NA
chr9	200000	300000	5076	501.0	0.0986997635934
chr9	300000	400000	0	0.0	NA
chr9	400000	500000	0	0.0	NA
chr9	500000	600000	0	0.0	NA
chr9	600000	700000	0	0.0	NA
chr9	700000	800000	23454	2780.0	0.118529888292
chr9	800000	900000	19370	1922.0	0.0992256066082
chr9	900000	1000000	8594	663.0	0.0771468466372
chr9	1000000	1100000	67937	6666.0	0.0981203173528
chr9	1100000	1200000	62137	5702.0	0.0917649709513
chr9	1200000	1300000	78083	7338.0	0.0939769219933
chr9	1300000	1400000	83483	8058.0	0.096522645329
chr9	1400000	1500000	71169	6876.0	0.0966150992707
chr9	1500000	1600000	61610	6638.0	0.107742249635
chr9	1600000	1700000	75998	7623.0	0.100305271191
chr9	1700000	1800000	72273	6960.0	0.0963015233905
chr9	1800000	1900000	70504	6865.0	0.0973703619653
chr9	1900000	2000000	76863	6966.0	0.090628781078
chr9	2000000	2100000	10479	900.0	0.0858860578299
chr9	2100000	2200000	5271	546.0	0.103585657371
chr9	2200000	2300000	72904	7253.0	0.0994869965983
chr9	2300000	2400000	71074	7269.0	0.10227368658
chr9	2400000	2500000	10397	1037.0	0.0997403097047
chr9	2500000	2600000	0	0.0	NA
chr9	2600000	2700000	27165	2919.0	0.107454445058
chr9	2700000	2800000	62619	6423.0	0.102572701576
chr9	2800000	2900000	44918	4477.0	0.0996705107084
chr9	2900000	3000000	74437	7561.0	0.101575829225
chr9	3000000	3100000	81169	8346.0	0.102822506129
chr9	3100000	3200000	42270	4287.0	0.101419446416
chr9	3200000	3300000	11352	1058.0	0.0931994362227
chr9	3300000	3400000	0	0.0	NA
chr9	3400000	3500000	0	0.0	NA
chr9	3500000	3600000	0	0.0	NA
chr9	3600000	3700000	5380	549.0	0.102044609665
chr9	3700000	3800000	69406	6840.0	0.0985505575887
chr9	3800000	3900000	15554	1590.0	0.102224508165
chr9	3900000	4000000	0	0.0	NA
chr9	4000000	4100000	0	0.0	NA
chr9	4100000	4200000	0	0.0	NA
chr9	4200000	4300000	0	0.0	NA
chr9	4300000	4400000	69475	6784.0	0.0976466354804
chr9	4400000	4500000	43145	4296.0	0.0995712133503
chr9	4500000	4600000	0	0.0	NA
chr9	4600000	4700000	6306	532.0	0.0843640976847
chr9	4700000	4800000	27650	2745.0	0.0992766726944
chr9	4800000	4900000	7452	697.0	0.0935319377348
chr9	4900000	5000000	41332	3915.0	0.0947207974451
chr9	5000000	5100000	0	0.0	NA
chr9	5100000	5200000	6698	695.0	0.10376231711
chr9	5200000	5300000	17647	1784.0	0.101093670312
chr9	5300000	5400000	22678	2189.0	0.0965252667784
chr9	5400000	5500000	0	0.0	NA
chr9	5500000	5600000	0	0.0	NA
chr9	5600000	5700000	0	0.0	NA
chr9	5700000	5800000	2519	250.0	0.0992457324335
chr9	5800000	5900000	31323	3083.0	0.0984260766849
chr9	5900000	6000000	6383	609.0	0.0954096819677
chr9	6000000	6100000	32511	3117.0	0.0958752422257
chr9	6100000	6200000	36951	3557.0	0.0962626180618
chr9	6200000	6300000	11531	1126.0	0.0976498135461
chr9	6300000	6400000	26738	2393.0	0.0894980926023
chr9	6400000	6500000	7072	635.0	0.0897907239819
chr9	6500000	6600000	12207	1264.0	0.103547145081
chr9	6600000	6700000	4567	441.0	0.096562294723
chr9	6700000	6800000	1595	142.0	0.0890282131661
chr9	6800000	6900000	0	0.0	NA
chr9	6900000	7000000	0	0.0	NA
chr9	7000000	7100000	0	0.0	NA
chr9	7100000	7200000	14483	1375.0	0.0949388938756
chr9	7200000	7300000	49569	4716.0	0.0951401077286
chr9	7300000	7400000	83559	7959.0	0.0952500628299
chr9	7400000	7500000	75743	7631.0	0.100748584028
chr9	7500000	7600000	78542	8035.0	0.102301953095
chr9	7600000	7700000	74233	7805.0	0.105141918015
chr9	7700000	7800000	70683	6832.0	0.096656904772
chr9	7800000	7900000	70682	7185.0	0.101652471634
chr9	7900000	8000000	83137	8324.0	0.100123891889
chr9	8000000	8100000	50075	5216.0	0.104163754368
chr9	8100000	8200000	77867	7800.0	0.100170804063
chr9	8200000	8300000	76926	7542.0	0.0980422743936
chr9	8300000	8400000	8932	990.0	0.110837438424
chr9	8400000	8500000	0	0.0	NA
chr9	8500000	8600000	0	0.0	NA
chr9	8600000	8700000	0	0.0	NA
chr9	8700000	8800000	0	0.0	NA
chr9	8800000	8900000	0	0.0	NA
chr9	8900000	9000000	0	0.0	NA
chr9	9000000	9100000	0	0.0	NA
chr9	9100000	9200000	0	0.0	NA
chr9	9200000	9300000	0	0.0	NA
chr9	9300000	9400000	0	0.0	NA
chr9	9400000	9500000	0	0.0	NA
chr9	9500000	9600000	0	0.0	NA
chr9	9600000	9700000	0	0.0	NA
chr9	9700000	9800000	0	0.0	NA
chr9	9800000	9900000	0	0.0	NA
chr9	9900000	10000000	0	0.0	NA
chr9	10000000	10100000	0	0.0	NA
chr9	10100000	10200000	0	0.0	NA
chr9	10200000	10300000	0	0.0	NA
chr9	10300000	10400000	0	0.0	NA
chr9	10400000	10500000	0	0.0	NA
chr9	10500000	10600000	0	0.0	NA
chr9	10600000	10700000	57682	6257.0	0.108474047363
chr9	10700000	10800000	57709	6365.0	0.110294754718
chr9	10800000	10900000	62660	6966.0	0.111171401213
chr9	10900000	11000000	58523	6422.0	0.109734634246
chr9	11000000	11100000	67459	7207.0	0.1068352629
chr9	11100000	11200000	64469	7198.0	0.111650560735
chr9	11200000	11300000	43449	4789.0	0.110221178853
chr9	11300000	11400000	52182	5609.0	0.107489172512
chr9	11400000	11500000	68225	7666.0	0.112363503115
chr9	11500000	11600000	62995	7111.0	0.11288197476
chr9	11600000	11700000	45494	5375.0	0.118147448015
chr9	11700000	11800000	46160	5365.0	0.116226169844
chr9	11800000	11900000	58333	6418.0	0.110023485848
chr9	11900000	12000000	60726	6921.0	0.113970951487
chr9	12000000	12100000	52993	5793.0	0.109316324798
chr9	12100000	12200000	29361	3237.0	0.110248288546
chr9	12200000	12300000	58012	6190.0	0.106702061642
chr9	12300000	12400000	55585	5900.0	0.106143743816
chr9	12400000	12500000	70141	7471.0	0.106514021756
chr9	12500000	12600000	77724	8195.0	0.105437187999
chr9	12600000	12700000	71351	7355.0	0.103081946994
chr9	12700000	12800000	0	0.0	NA
chr9	12800000	12900000	40095	4028.0	0.100461404165
chr9	12900000	13000000	64799	6560.0	0.101236130187
chr9	13000000	13100000	69493	6837.0	0.0983840099003
chr9	13100000	13200000	4575	453.0	0.0990163934426
chr9	13200000	13300000	13481	1261.0	0.0935390549662
chr9	13300000	13400000	70784	6771.0	0.0956572106691
chr9	13400000	13500000	27728	2429.0	0.0876009809579
chr9	13500000	13600000	77359	7173.0	0.0927235357231
chr9	13600000	13700000	62273	5877.0	0.0943747691616
chr9	13700000	13800000	69514	6507.0	0.0936070431855
chr9	13800000	13900000	80875	7679.0	0.0949489953632
chr9	13900000	14000000	61667	5665.0	0.0918643683007
chr9	14000000	14100000	64820	6300.0	0.097192224622
chr9	14100000	14200000	0	0.0	NA
chr9	14200000	14300000	0	0.0	NA
chr9	14300000	14400000	1002	89.0	0.0888223552894
chr9	14400000	14500000	83405	7560.0	0.0906420478389
chr9	14500000	14600000	46325	3987.0	0.0860658391797
chr9	14600000	14700000	4923	431.0	0.0875482429413
chr9	14700000	14800000	23411	2205.0	0.0941864935287
chr9	14800000	14900000	0	0.0	NA
chr9	14900000	15000000	24466	2275.0	0.0929861849097
chr9	15000000	15100000	0	0.0	NA
chr9	15100000	15200000	13599	1245.0	0.0915508493272
chr9	15200000	15300000	0	0.0	NA
chr9	15300000	15400000	33763	3396.0	0.100583478956
chr9	15400000	15500000	4655	443.0	0.0951664876477
chr9	15500000	15600000	20531	2000.0	0.0974136671375
chr9	15600000	15700000	0	0.0	NA
chr9	15700000	15800000	0	0.0	NA
chr9	15800000	15900000	0	0.0	NA
chr9	15900000	16000000	13435	1127.0	0.0838853740231
chr9	16000000	16100000	79346	7281.0	0.0917626597434
chr9	16100000	16200000	78597	7120.0	0.0905886993142
chr9	16200000	16300000	21328	2114.0	0.0991185296324
chr9	16300000	16400000	79113	7865.0	0.0994147611644
chr9	16400000	16500000	8893	889.0	0.0999662656022
chr9	16500000	16600000	0	0.0	NA
chr9	16600000	16700000	0	0.0	NA
chr9	16700000	16800000	0	0.0	NA
chr9	16800000	16900000	13288	1160.0	0.0872968091511
chr9	16900000	17000000	50684	4728.0	0.0932838765685
chr9	17000000	17100000	16301	1354.0	0.0830623888105
chr9	17100000	17200000	15681	1462.0	0.093233849882
chr9	17200000	17300000	0	0.0	NA
chr9	17300000	17400000	0	0.0	NA
chr9	17400000	17500000	0	0.0	NA
chr9	17500000	17600000	48062	4596.0	0.0956264824602
chr9	17600000	17700000	0	0.0	NA
chr9	17700000	17800000	1902	196.0	0.103049421661
chr9	17800000	17900000	81773	7878.0	0.0963398676825
chr9	17900000	18000000	72168	7080.0	0.098104423013
chr9	18000000	18100000	82617	8214.0	0.0994226369875
chr9	18100000	18200000	77853	7663.0	0.0984290907223
chr9	18200000	18300000	72267	7448.0	0.103062255248
chr9	18300000	18400000	75962	7497.0	0.098694083884
chr9	18400000	18500000	56256	5143.0	0.0914213594994
chr9	18500000	18600000	0	0.0	NA
chr9	18600000	18700000	0	0.0	NA
chr9	18700000	18800000	0	0.0	NA
chr9	18800000	18900000	0	0.0	NA
chr9	18900000	19000000	13292	1317.0	0.0990821546795
chr9	19000000	19100000	1690	159.0	0.0940828402367
chr9	19100000	19200000	17606	1778.0	0.100988299443
chr9	19200000	19300000	8903	840.0	0.0943502190273
chr9	19300000	19400000	6016	583.0	0.0969082446809
chr9	19400000	19500000	18706	2001.0	0.106971025339
chr9	19500000	19600000	1493	147.0	0.098459477562
chr9	19600000	19700000	0	0.0	NA
chr9	19700000	19800000	7617	667.0	0.0875672837075
chr9	19800000	19900000	51944	4845.0	0.093273525335
chr9	19900000	20000000	75120	7091.0	0.0943956336528
chr9	20000000	20100000	76008	7405.0	0.0974239553731
chr9	20100000	20200000	71599	6644.0	0.0927945921032
chr9	20200000	20300000	76333	7499.0	0.0982406036708
chr9	20300000	20400000	34975	3238.0	0.0925804145818
chr9	20400000	20500000	0	0.0	NA
chr9	20500000	20600000	0	0.0	NA
chr9	20600000	20700000	25672	2352.0	0.0916173262699
chr9	20700000	20800000	0	0.0	NA
chr9	20800000	20900000	0	0.0	NA
chr9	20900000	21000000	3242	288.0	0.0888340530537
chr9	21000000	21100000	47756	4967.0	0.104007873356
chr9	21100000	21200000	28181	3162.0	0.112203257514
chr9	21200000	21300000	4877	575.0	0.117900348575
chr9	21300000	21400000	9930	1088.0	0.109566968781
chr9	21400000	21500000	8489	986.0	0.116150312169
chr9	21500000	21600000	35723	3357.0	0.0939730705708
chr9	21600000	21700000	64733	6879.0	0.10626728253
chr9	21700000	21800000	67984	6763.0	0.0994792892445
chr9	21800000	21900000	2212	224.0	0.101265822785
chr9	21900000	22000000	0	0.0	NA
chr9	22000000	22100000	0	0.0	NA
chr9	22100000	22200000	51388	5135.0	0.099926052775
chr9	22200000	22300000	47933	4991.0	0.104124507125
chr9	22300000	22400000	74420	7286.0	0.097903789304
chr9	22400000	22500000	49327	5088.0	0.103148377157
chr9	22500000	22600000	61455	6398.0	0.104108697421
chr9	22600000	22700000	33177	3376.0	0.101757241462
chr9	22700000	22800000	0	0.0	NA
chr9	22800000	22900000	0	0.0	NA
chr9	22900000	23000000	0	0.0	NA
chr9	23000000	23100000	0	0.0	NA
chr9	23100000	23200000	0	0.0	NA
chr9	23200000	23300000	0	0.0	NA
chr9	23300000	23400000	0	0.0	NA
chr9	23400000	23500000	45976	4440.0	0.0965721245867
chr9	23500000	23600000	675	68.0	0.100740740741
chr9	23600000	23700000	15860	1676.0	0.105674653216
chr9	23700000	23800000	0	0.0	NA
chr9	23800000	23900000	25051	2550.0	0.101792343619
chr9	23900000	24000000	48655	5123.0	0.105292364608
chr9	24000000	24100000	75674	7074.0	0.0934799270555
chr9	24100000	24200000	66015	6572.0	0.099553131864
chr9	24200000	24300000	69320	7217.0	0.104111367571
chr9	24300000	24400000	71700	7500.0	0.10460251046
chr9	24400000	24500000	79729	8637.0	0.108329466066
chr9	24500000	24600000	38975	4243.0	0.108864656831
chr9	24600000	24700000	61863	6862.0	0.110922522348
chr9	24700000	24800000	66503	7835.0	0.117814233944
chr9	24800000	24900000	68450	7708.0	0.112607742878
chr9	24900000	25000000	66713	7169.0	0.107460315081
chr9	25000000	25100000	60649	6929.0	0.114247555607
chr9	25100000	25200000	61406	6846.0	0.111487476794
chr9	25200000	25300000	61742	6412.0	0.103851511127
chr9	25300000	25400000	35375	3638.0	0.102840989399
chr9	25400000	25500000	66103	6907.0	0.104488449843
chr9	25500000	25600000	82682	8612.0	0.104158099707
chr9	25600000	25700000	65310	6614.0	0.101270862043
chr9	25700000	25800000	54606	5286.0	0.0968025491704
chr9	25800000	25900000	63392	6763.0	0.106685386169
chr9	25900000	26000000	48445	5162.0	0.106553823924
chr9	26000000	26100000	55429	5589.0	0.1008316946
chr9	26100000	26200000	67463	6800.0	0.100795991877
chr9	26200000	26300000	76310	7796.0	0.102162232997
chr9	26300000	26400000	68849	6907.0	0.100320992317
chr9	26400000	26500000	61273	5699.0	0.0930099717657
chr9	26500000	26600000	71684	6796.0	0.0948049774008
chr9	26600000	26700000	77445	7072.0	0.0913164181032
chr9	26700000	26800000	40620	3851.0	0.0948055145249
chr9	26800000	26900000	21642	2013.0	0.0930135846964
chr9	26900000	27000000	2545	251.0	0.0986247544204
chr9	27000000	27100000	21477	2120.0	0.0987102481725
chr9	27100000	27200000	2537	239.0	0.0942057548285
chr9	27200000	27300000	8532	821.0	0.0962259728083
chr9	27300000	27400000	14602	1522.0	0.104232296946
chr9	27400000	27500000	0	0.0	NA
chr9	27500000	27600000	15781	1594.0	0.101007540714
chr9	27600000	27700000	64182	6421.0	0.100043625939
chr9	27700000	27800000	73515	7453.0	0.101380670611
chr9	27800000	27900000	58451	5985.0	0.102393457768
chr9	27900000	28000000	27685	2691.0	0.0972006501716
chr9	28000000	28100000	0	0.0	NA
chr9	28100000	28200000	0	0.0	NA
chr9	28200000	28300000	0	0.0	NA
chr9	28300000	28400000	0	0.0	NA
chr9	28400000	28500000	0	0.0	NA
chr9	28500000	28600000	0	0.0	NA
chr9	28600000	28700000	0	0.0	NA
chr9	28700000	28800000	0	0.0	NA
chr9	28800000	28900000	0	0.0	NA
chr9	28900000	29000000	0	0.0	NA
chr9	29000000	29100000	0	0.0	NA
chr9	29100000	29200000	0	0.0	NA
chr9	29200000	29300000	63746	6571.0	0.10308097763
chr9	29300000	29400000	59128	6161.0	0.104197672845
chr9	29400000	29500000	63081	6861.0	0.108764921292
chr9	29500000	29600000	54689	6124.0	0.111978642872
chr9	29600000	29700000	64681	7378.0	0.114067500502
chr9	29700000	29800000	51623	5792.0	0.112198051256
chr9	29800000	29900000	53222	5894.0	0.110743677427
chr9	29900000	30000000	65172	7273.0	0.111597004849
chr9	30000000	30100000	72879	8040.0	0.110319845223
chr9	30100000	30200000	66210	7466.0	0.112762422595
chr9	30200000	30300000	49498	5438.0	0.109863024769
chr9	30300000	30400000	36361	4134.0	0.11369324276
chr9	30400000	30500000	0	0.0	NA
chr9	30500000	30600000	9574	1126.0	0.117610194276
chr9	30600000	30700000	68942	7940.0	0.115169272722
chr9	30700000	30800000	50373	5584.0	0.110853036349
chr9	30800000	30900000	56424	6569.0	0.116422089891
chr9	30900000	31000000	47102	5363.0	0.113859284107
chr9	31000000	31100000	51765	5596.0	0.108103931228
chr9	31100000	31200000	51414	5527.0	0.10749990275
chr9	31200000	31300000	48011	5225.0	0.108829226636
chr9	31300000	31400000	58444	6260.0	0.107111080693
chr9	31400000	31500000	70169	7899.0	0.112571078396
chr9	31500000	31600000	71013	7367.0	0.103741568445
chr9	31600000	31700000	73537	7707.0	0.104804384188
chr9	31700000	31800000	53221	5657.0	0.10629262885
chr9	31800000	31900000	51642	5308.0	0.102784555207
chr9	31900000	32000000	50952	5357.0	0.105138169257
chr9	32000000	32100000	56338	5543.0	0.0983882991941
chr9	32100000	32200000	45613	4330.0	0.0949290772368
chr9	32200000	32300000	56418	5543.0	0.0982487858485
chr9	32300000	32400000	53022	5071.0	0.0956395458489
chr9	32400000	32500000	142	14.0	0.0985915492958
chr9	32500000	32600000	25306	2262.0	0.0893859163835
chr9	32600000	32700000	45703	4237.0	0.0927072621053
chr9	32700000	32800000	52466	4813.0	0.0917356001982
chr9	32800000	32900000	77092	7066.0	0.0916567218388
chr9	32900000	33000000	33277	3046.0	0.0915346936322
chr9	33000000	33100000	20732	1940.0	0.0935751495273
chr9	33100000	33200000	17167	1639.0	0.0954738742937
chr9	33200000	33300000	15791	1485.0	0.0940409093788
chr9	33300000	33400000	6460	600.0	0.0928792569659
chr9	33400000	33500000	24075	2541.0	0.10554517134
chr9	33500000	33600000	65	10.0	0.153846153846
chr9	33600000	33700000	30007	3315.0	0.110474222681
chr9	33700000	33800000	12493	1343.0	0.107500200112
chr9	33800000	33900000	0	0.0	NA
chr9	33900000	34000000	1218	121.0	0.0993431855501
chr9	34000000	34100000	5838	547.0	0.0936964713943
chr9	34100000	34200000	10412	1000.0	0.0960430272762
chr9	34200000	34300000	0	0.0	NA
chr9	34300000	34400000	9494	800.0	0.0842637455235
chr9	34400000	34500000	0	0.0	NA
chr9	34500000	34600000	20175	1867.0	0.0925402726146
chr9	34600000	34700000	28682	2678.0	0.0933686632731
chr9	34700000	34800000	40464	3737.0	0.0923536971135
chr9	34800000	34900000	22071	2090.0	0.0946943953604
chr9	34900000	35000000	23877	1998.0	0.0836788541274
chr9	35000000	35100000	15381	1484.0	0.0964826734283
chr9	35100000	35200000	2196	234.0	0.106557377049
chr9	35200000	35300000	0	0.0	NA
chr9	35300000	35400000	0	0.0	NA
chr9	35400000	35500000	5410	560.0	0.103512014787
chr9	35500000	35600000	12004	1215.0	0.101216261246
chr9	35600000	35700000	8174	831.0	0.101663812087
chr9	35700000	35800000	6923	550.0	0.0794453271703
chr9	35800000	35900000	17762	1597.0	0.0899110460534
chr9	35900000	36000000	50495	4793.0	0.0949202891375
chr9	36000000	36100000	24456	2289.0	0.0935966633955
chr9	36100000	36200000	10484	993.0	0.0947157573445
chr9	36200000	36300000	10482	970.0	0.092539591681
chr9	36300000	36400000	12285	1343.0	0.10932030932
chr9	36400000	36500000	47440	4377.0	0.0922639123103
chr9	36500000	36600000	14306	1355.0	0.0947155039843
chr9	36600000	36700000	14279	1257.0	0.0880313747461
chr9	36700000	36800000	78052	7612.0	0.097524727105
chr9	36800000	36900000	30154	2906.0	0.0963719572859
chr9	36900000	37000000	0	0.0	NA
chr9	37000000	37100000	25590	2591.0	0.101250488472
chr9	37100000	37200000	6306	707.0	0.112115445607
chr9	37200000	37300000	0	0.0	NA
chr9	37300000	37400000	22763	2247.0	0.0987128234415
chr9	37400000	37500000	19269	2056.0	0.106699880637
chr9	37500000	37600000	1030	102.0	0.0990291262136
chr9	37600000	37700000	0	0.0	NA
chr9	37700000	37800000	0	0.0	NA
chr9	37800000	37900000	0	0.0	NA
chr9	37900000	38000000	0	0.0	NA
chr9	38000000	38100000	20048	1916.0	0.0955706304868
chr9	38100000	38200000	72910	6977.0	0.0956933205322
chr9	38200000	38300000	66888	6115.0	0.0914214806841
chr9	38300000	38400000	61801	6063.0	0.0981052086536
chr9	38400000	38500000	44632	4606.0	0.103199498118
chr9	38500000	38600000	3215	370.0	0.115085536547
chr9	38600000	38700000	29516	3412.0	0.115598319555
chr9	38700000	38800000	34260	3389.0	0.0989200233508
chr9	38800000	38900000	0	0.0	NA
chr9	38900000	39000000	0	0.0	NA
chr9	39000000	39100000	6	0.0	0.0
chr9	39100000	39200000	0	0.0	NA
chr9	39200000	39300000	0	0.0	NA
chr9	39300000	39400000	0	0.0	NA
chr9	39400000	39500000	0	0.0	NA
chr9	39500000	39600000	0	0.0	NA
chr9	39600000	39700000	0	0.0	NA
chr9	39700000	39800000	0	0.0	NA
chr9	39800000	39900000	0	0.0	NA
chr9	39900000	40000000	0	0.0	NA
chr9	40000000	40100000	0	0.0	NA
chr9	40100000	40200000	0	0.0	NA
chr9	40200000	40300000	0	0.0	NA
chr9	40300000	40400000	0	0.0	NA
chr9	40400000	40500000	0	0.0	NA
chr9	40500000	40600000	0	0.0	NA
chr9	40600000	40700000	0	0.0	NA
chr9	40700000	40800000	0	0.0	NA
chr9	40800000	40900000	0	0.0	NA
chr9	40900000	41000000	0	0.0	NA
chr9	41000000	41100000	0	0.0	NA
chr9	41100000	41200000	0	0.0	NA
chr9	41200000	41300000	0	0.0	NA
chr9	41300000	41400000	0	0.0	NA
chr9	41400000	41500000	0	0.0	NA
chr9	41500000	41600000	0	0.0	NA
chr9	41600000	41700000	0	0.0	NA
chr9	41700000	41800000	0	0.0	NA
chr9	41800000	41900000	0	0.0	NA
chr9	41900000	42000000	0	0.0	NA
chr9	42000000	42100000	0	0.0	NA
chr9	42100000	42200000	0	0.0	NA
chr9	42200000	42300000	0	0.0	NA
chr9	42300000	42400000	0	0.0	NA
chr9	42400000	42500000	0	0.0	NA
chr9	42500000	42600000	0	0.0	NA
chr9	42600000	42700000	0	0.0	NA
chr9	42700000	42800000	0	0.0	NA
chr9	42800000	42900000	0	0.0	NA
chr9	42900000	43000000	0	0.0	NA
chr9	43000000	43100000	0	0.0	NA
chr9	43100000	43200000	0	0.0	NA
chr9	43200000	43300000	0	0.0	NA
chr9	43300000	43400000	0	0.0	NA
chr9	43400000	43500000	0	0.0	NA
chr9	43500000	43600000	283	26.0	0.0918727915194
chr9	43600000	43700000	0	0.0	NA
chr9	43700000	43800000	0	0.0	NA
chr9	43800000	43900000	0	0.0	NA
chr9	43900000	44000000	0	0.0	NA
chr9	44000000	44100000	0	0.0	NA
chr9	44100000	44200000	49	7.0	0.142857142857
chr9	44200000	44300000	133	14.0	0.105263157895
chr9	44300000	44400000	0	0.0	NA
chr9	44400000	44500000	0	0.0	NA
chr9	44500000	44600000	0	0.0	NA
chr9	44600000	44700000	0	0.0	NA
chr9	44700000	44800000	0	0.0	NA
chr9	44800000	44900000	105	18.0	0.171428571429
chr9	44900000	45000000	0	0.0	NA
chr9	45000000	45100000	0	0.0	NA
chr9	45100000	45200000	0	0.0	NA
chr9	45200000	45300000	0	0.0	NA
chr9	45300000	45400000	0	0.0	NA
chr9	45400000	45500000	0	0.0	NA
chr9	45500000	45600000	0	0.0	NA
chr9	45600000	45700000	0	0.0	NA
chr9	45700000	45800000	0	0.0	NA
chr9	45800000	45900000	0	0.0	NA
chr9	45900000	46000000	0	0.0	NA
chr9	46000000	46100000	0	0.0	NA
chr9	46100000	46200000	0	0.0	NA
chr9	46200000	46300000	0	0.0	NA
chr9	46300000	46400000	0	0.0	NA
chr9	46400000	46500000	0	0.0	NA
chr9	46500000	46600000	0	0.0	NA
chr9	46600000	46700000	0	0.0	NA
chr9	46700000	46800000	0	0.0	NA
chr9	46800000	46900000	0	0.0	NA
chr9	46900000	47000000	0	0.0	NA
chr9	47000000	47100000	0	0.0	NA
chr9	47100000	47200000	0	0.0	NA
chr9	47200000	47300000	0	0.0	NA
chr9	47300000	47400000	0	0.0	NA
chr9	47400000	47500000	0	0.0	NA
chr9	47500000	47600000	0	0.0	NA
chr9	47600000	47700000	0	0.0	NA
chr9	47700000	47800000	0	0.0	NA
chr9	47800000	47900000	0	0.0	NA
chr9	47900000	48000000	0	0.0	NA
chr9	48000000	48100000	0	0.0	NA
chr9	48100000	48200000	0	0.0	NA
chr9	48200000	48300000	0	0.0	NA
chr9	48300000	48400000	0	0.0	NA
chr9	48400000	48500000	0	0.0	NA
chr9	48500000	48600000	0	0.0	NA
chr9	48600000	48700000	0	0.0	NA
chr9	48700000	48800000	0	0.0	NA
chr9	48800000	48900000	0	0.0	NA
chr9	48900000	49000000	0	0.0	NA
chr9	49000000	49100000	0	0.0	NA
chr9	49100000	49200000	0	0.0	NA
chr9	49200000	49300000	0	0.0	NA
chr9	49300000	49400000	0	0.0	NA
chr9	49400000	49500000	0	0.0	NA
chr9	49500000	49600000	0	0.0	NA
chr9	49600000	49700000	0	0.0	NA
chr9	49700000	49800000	0	0.0	NA
chr9	49800000	49900000	0	0.0	NA
chr9	49900000	50000000	0	0.0	NA
chr9	50000000	50100000	0	0.0	NA
chr9	50100000	50200000	0	0.0	NA
chr9	50200000	50300000	0	0.0	NA
chr9	50300000	50400000	0	0.0	NA
chr9	50400000	50500000	0	0.0	NA
chr9	50500000	50600000	0	0.0	NA
chr9	50600000	50700000	0	0.0	NA
chr9	50700000	50800000	0	0.0	NA
chr9	50800000	50900000	0	0.0	NA
chr9	50900000	51000000	0	0.0	NA
chr9	51000000	51100000	0	0.0	NA
chr9	51100000	51200000	0	0.0	NA
chr9	51200000	51300000	0	0.0	NA
chr9	51300000	51400000	0	0.0	NA
chr9	51400000	51500000	0	0.0	NA
chr9	51500000	51600000	0	0.0	NA
chr9	51600000	51700000	0	0.0	NA
chr9	51700000	51800000	0	0.0	NA
chr9	51800000	51900000	0	0.0	NA
chr9	51900000	52000000	0	0.0	NA
chr9	52000000	52100000	0	0.0	NA
chr9	52100000	52200000	0	0.0	NA
chr9	52200000	52300000	0	0.0	NA
chr9	52300000	52400000	0	0.0	NA
chr9	52400000	52500000	0	0.0	NA
chr9	52500000	52600000	0	0.0	NA
chr9	52600000	52700000	0	0.0	NA
chr9	52700000	52800000	0	0.0	NA
chr9	52800000	52900000	0	0.0	NA
chr9	52900000	53000000	0	0.0	NA
chr9	53000000	53100000	0	0.0	NA
chr9	53100000	53200000	0	0.0	NA
chr9	53200000	53300000	0	0.0	NA
chr9	53300000	53400000	0	0.0	NA
chr9	53400000	53500000	0	0.0	NA
chr9	53500000	53600000	0	0.0	NA
chr9	53600000	53700000	0	0.0	NA
chr9	53700000	53800000	0	0.0	NA
chr9	53800000	53900000	0	0.0	NA
chr9	53900000	54000000	0	0.0	NA
chr9	54000000	54100000	0	0.0	NA
chr9	54100000	54200000	0	0.0	NA
chr9	54200000	54300000	0	0.0	NA
chr9	54300000	54400000	0	0.0	NA
chr9	54400000	54500000	0	0.0	NA
chr9	54500000	54600000	0	0.0	NA
chr9	54600000	54700000	0	0.0	NA
chr9	54700000	54800000	0	0.0	NA
chr9	54800000	54900000	0	0.0	NA
chr9	54900000	55000000	0	0.0	NA
chr9	55000000	55100000	0	0.0	NA
chr9	55100000	55200000	0	0.0	NA
chr9	55200000	55300000	0	0.0	NA
chr9	55300000	55400000	0	0.0	NA
chr9	55400000	55500000	0	0.0	NA
chr9	55500000	55600000	0	0.0	NA
chr9	55600000	55700000	0	0.0	NA
chr9	55700000	55800000	0	0.0	NA
chr9	55800000	55900000	0	0.0	NA
chr9	55900000	56000000	0	0.0	NA
chr9	56000000	56100000	0	0.0	NA
chr9	56100000	56200000	0	0.0	NA
chr9	56200000	56300000	0	0.0	NA
chr9	56300000	56400000	0	0.0	NA
chr9	56400000	56500000	0	0.0	NA
chr9	56500000	56600000	0	0.0	NA
chr9	56600000	56700000	0	0.0	NA
chr9	56700000	56800000	0	0.0	NA
chr9	56800000	56900000	0	0.0	NA
chr9	56900000	57000000	0	0.0	NA
chr9	57000000	57100000	0	0.0	NA
chr9	57100000	57200000	0	0.0	NA
chr9	57200000	57300000	0	0.0	NA
chr9	57300000	57400000	0	0.0	NA
chr9	57400000	57500000	0	0.0	NA
chr9	57500000	57600000	0	0.0	NA
chr9	57600000	57700000	0	0.0	NA
chr9	57700000	57800000	0	0.0	NA
chr9	57800000	57900000	0	0.0	NA
chr9	57900000	58000000	0	0.0	NA
chr9	58000000	58100000	0	0.0	NA
chr9	58100000	58200000	0	0.0	NA
chr9	58200000	58300000	0	0.0	NA
chr9	58300000	58400000	0	0.0	NA
chr9	58400000	58500000	0	0.0	NA
chr9	58500000	58600000	0	0.0	NA
chr9	58600000	58700000	0	0.0	NA
chr9	58700000	58800000	0	0.0	NA
chr9	58800000	58900000	0	0.0	NA
chr9	58900000	59000000	0	0.0	NA
chr9	59000000	59100000	0	0.0	NA
chr9	59100000	59200000	0	0.0	NA
chr9	59200000	59300000	0	0.0	NA
chr9	59300000	59400000	0	0.0	NA
chr9	59400000	59500000	0	0.0	NA
chr9	59500000	59600000	0	0.0	NA
chr9	59600000	59700000	0	0.0	NA
chr9	59700000	59800000	0	0.0	NA
chr9	59800000	59900000	0	0.0	NA
chr9	59900000	60000000	0	0.0	NA
chr9	60000000	60100000	0	0.0	NA
chr9	60100000	60200000	0	0.0	NA
chr9	60200000	60300000	0	0.0	NA
chr9	60300000	60400000	0	0.0	NA
chr9	60400000	60500000	0	0.0	NA
chr9	60500000	60600000	0	0.0	NA
chr9	60600000	60700000	0	0.0	NA
chr9	60700000	60800000	0	0.0	NA
chr9	60800000	60900000	0	0.0	NA
chr9	60900000	61000000	0	0.0	NA
chr9	61000000	61100000	0	0.0	NA
chr9	61100000	61200000	0	0.0	NA
chr9	61200000	61300000	0	0.0	NA
chr9	61300000	61400000	0	0.0	NA
chr9	61400000	61500000	0	0.0	NA
chr9	61500000	61600000	0	0.0	NA
chr9	61600000	61700000	0	0.0	NA
chr9	61700000	61800000	0	0.0	NA
chr9	61800000	61900000	0	0.0	NA
chr9	61900000	62000000	0	0.0	NA
chr9	62000000	62100000	0	0.0	NA
chr9	62100000	62200000	0	0.0	NA
chr9	62200000	62300000	0	0.0	NA
chr9	62300000	62400000	0	0.0	NA
chr9	62400000	62500000	0	0.0	NA
chr9	62500000	62600000	0	0.0	NA
chr9	62600000	62700000	0	0.0	NA
chr9	62700000	62800000	0	0.0	NA
chr9	62800000	62900000	0	0.0	NA
chr9	62900000	63000000	0	0.0	NA
chr9	63000000	63100000	0	0.0	NA
chr9	63100000	63200000	0	0.0	NA
chr9	63200000	63300000	0	0.0	NA
chr9	63300000	63400000	0	0.0	NA
chr9	63400000	63500000	0	0.0	NA
chr9	63500000	63600000	0	0.0	NA
chr9	63600000	63700000	0	0.0	NA
chr9	63700000	63800000	0	0.0	NA
chr9	63800000	63900000	0	0.0	NA
chr9	63900000	64000000	0	0.0	NA
chr9	64000000	64100000	0	0.0	NA
chr9	64100000	64200000	0	0.0	NA
chr9	64200000	64300000	0	0.0	NA
chr9	64300000	64400000	0	0.0	NA
chr9	64400000	64500000	0	0.0	NA
chr9	64500000	64600000	0	0.0	NA
chr9	64600000	64700000	0	0.0	NA
chr9	64700000	64800000	0	0.0	NA
chr9	64800000	64900000	0	0.0	NA
chr9	64900000	65000000	0	0.0	NA
chr9	65000000	65100000	0	0.0	NA
chr9	65100000	65200000	0	0.0	NA
chr9	65200000	65300000	0	0.0	NA
chr9	65300000	65400000	0	0.0	NA
chr9	65400000	65500000	0	0.0	NA
chr9	65500000	65600000	0	0.0	NA
chr9	65600000	65700000	0	0.0	NA
chr9	65700000	65800000	0	0.0	NA
chr9	65800000	65900000	0	0.0	NA
chr9	65900000	66000000	0	0.0	NA
chr9	66000000	66100000	0	0.0	NA
chr9	66100000	66200000	0	0.0	NA
chr9	66200000	66300000	0	0.0	NA
chr9	66300000	66400000	0	0.0	NA
chr9	66400000	66500000	0	0.0	NA
chr9	66500000	66600000	0	0.0	NA
chr9	66600000	66700000	0	0.0	NA
chr9	66700000	66800000	62	11.0	0.177419354839
chr9	66800000	66900000	0	0.0	NA
chr9	66900000	67000000	0	0.0	NA
chr9	67000000	67100000	0	0.0	NA
chr9	67100000	67200000	0	0.0	NA
chr9	67200000	67300000	0	0.0	NA
chr9	67300000	67400000	0	0.0	NA
chr9	67400000	67500000	0	0.0	NA
chr9	67500000	67600000	0	0.0	NA
chr9	67600000	67700000	0	0.0	NA
chr9	67700000	67800000	0	0.0	NA
chr9	67800000	67900000	0	0.0	NA
chr9	67900000	68000000	0	0.0	NA
chr9	68000000	68100000	0	0.0	NA
chr9	68100000	68200000	0	0.0	NA
chr9	68200000	68300000	0	0.0	NA
chr9	68300000	68400000	0	0.0	NA
chr9	68400000	68500000	46	6.0	0.130434782609
chr9	68500000	68600000	17	1.0	0.0588235294118
chr9	68600000	68700000	0	0.0	NA
chr9	68700000	68800000	0	0.0	NA
chr9	68800000	68900000	0	0.0	NA
chr9	68900000	69000000	0	0.0	NA
chr9	69000000	69100000	0	0.0	NA
chr9	69100000	69200000	0	0.0	NA
chr9	69200000	69300000	0	0.0	NA
chr9	69300000	69400000	0	0.0	NA
chr9	69400000	69500000	0	0.0	NA
chr9	69500000	69600000	0	0.0	NA
chr9	69600000	69700000	0	0.0	NA
chr9	69700000	69800000	0	0.0	NA
chr9	69800000	69900000	0	0.0	NA
chr9	69900000	70000000	0	0.0	NA
chr9	70000000	70100000	0	0.0	NA
chr9	70100000	70200000	0	0.0	NA
chr9	70200000	70300000	0	0.0	NA
chr9	70300000	70400000	0	0.0	NA
chr9	70400000	70500000	0	0.0	NA
chr9	70500000	70600000	0	0.0	NA
chr9	70600000	70700000	0	0.0	NA
chr9	70700000	70800000	0	0.0	NA
chr9	70800000	70900000	0	0.0	NA
chr9	70900000	71000000	0	0.0	NA
chr9	71000000	71100000	0	0.0	NA
chr9	71100000	71200000	4133	407.0	0.0984756835229
chr9	71200000	71300000	29743	2817.0	0.0947113606563
chr9	71300000	71400000	17554	1574.0	0.089666172952
chr9	71400000	71500000	0	0.0	NA
chr9	71500000	71600000	0	0.0	NA
chr9	71600000	71700000	14038	1339.0	0.0953839578288
chr9	71700000	71800000	0	0.0	NA
chr9	71800000	71900000	13099	1295.0	0.0988625085884
chr9	71900000	72000000	15619	1477.0	0.0945643126961
chr9	72000000	72100000	15327	1625.0	0.106022052587
chr9	72100000	72200000	0	0.0	NA
chr9	72200000	72300000	6005	526.0	0.08759367194
chr9	72300000	72400000	23134	2272.0	0.0982104262125
chr9	72400000	72500000	16419	1667.0	0.101528716731
chr9	72500000	72600000	49122	4723.0	0.0961483652946
chr9	72600000	72700000	45433	4324.0	0.0951731120551
chr9	72700000	72800000	0	0.0	NA
chr9	72800000	72900000	0	0.0	NA
chr9	72900000	73000000	15310	1470.0	0.0960156760287
chr9	73000000	73100000	45060	4190.0	0.0929871282734
chr9	73100000	73200000	31651	3156.0	0.0997124893368
chr9	73200000	73300000	0	0.0	NA
chr9	73300000	73400000	0	0.0	NA
chr9	73400000	73500000	0	0.0	NA
chr9	73500000	73600000	0	0.0	NA
chr9	73600000	73700000	0	0.0	NA
chr9	73700000	73800000	0	0.0	NA
chr9	73800000	73900000	0	0.0	NA
chr9	73900000	74000000	0	0.0	NA
chr9	74000000	74100000	30634	2920.0	0.0953189266828
chr9	74100000	74200000	75926	7261.0	0.0956325896267
chr9	74200000	74300000	70906	6849.0	0.0965926719883
chr9	74300000	74400000	10963	1103.0	0.100611146584
chr9	74400000	74500000	40646	3778.0	0.0929488756581
chr9	74500000	74600000	0	0.0	NA
chr9	74600000	74700000	24201	2347.0	0.0969794636585
chr9	74700000	74800000	16064	1495.0	0.0930652390438
chr9	74800000	74900000	13713	1287.0	0.0938525486764
chr9	74900000	75000000	24385	2297.0	0.0941972524093
chr9	75000000	75100000	67914	6021.0	0.0886562417175
chr9	75100000	75200000	20499	1841.0	0.0898092589882
chr9	75200000	75300000	0	0.0	NA
chr9	75300000	75400000	0	0.0	NA
chr9	75400000	75500000	23802	2356.0	0.0989832787161
chr9	75500000	75600000	12195	1144.0	0.0938089380894
chr9	75600000	75700000	2857	296.0	0.103605180259
chr9	75700000	75800000	55359	5522.0	0.0997489116494
chr9	75800000	75900000	66870	6244.0	0.0933752056229
chr9	75900000	76000000	70892	7031.0	0.0991790328951
chr9	76000000	76100000	69929	7184.0	0.102732771811
chr9	76100000	76200000	74220	7458.0	0.100485044462
chr9	76200000	76300000	68689	6938.0	0.101005983491
chr9	76300000	76400000	76503	7945.0	0.103852136518
chr9	76400000	76500000	74840	7378.0	0.0985836451096
chr9	76500000	76600000	47658	4868.0	0.102144445843
chr9	76600000	76700000	45392	4505.0	0.0992465632711
chr9	76700000	76800000	52454	5029.0	0.0958744804972
chr9	76800000	76900000	47476	4567.0	0.096195972702
chr9	76900000	77000000	65185	6072.0	0.0931502646314
chr9	77000000	77100000	58165	5457.0	0.0938193071435
chr9	77100000	77200000	0	0.0	NA
chr9	77200000	77300000	0	0.0	NA
chr9	77300000	77400000	23541	2020.0	0.0858077396882
chr9	77400000	77500000	0	0.0	NA
chr9	77500000	77600000	12558	1198.0	0.0953973562669
chr9	77600000	77700000	17185	1723.0	0.10026185627
chr9	77700000	77800000	25634	2428.0	0.094717952719
chr9	77800000	77900000	43940	4378.0	0.0996358670915
chr9	77900000	78000000	36723	3882.0	0.105710317784
chr9	78000000	78100000	81979	7999.0	0.097573768892
chr9	78100000	78200000	13900	1334.0	0.0959712230216
chr9	78200000	78300000	0	0.0	NA
chr9	78300000	78400000	29488	2986.0	0.101261530114
chr9	78400000	78500000	72990	7396.0	0.101328949171
chr9	78500000	78600000	3943	339.0	0.085975145828
chr9	78600000	78700000	0	0.0	NA
chr9	78700000	78800000	0	0.0	NA
chr9	78800000	78900000	0	0.0	NA
chr9	78900000	79000000	2750	308.0	0.112
chr9	79000000	79100000	3462	383.0	0.110629693819
chr9	79100000	79200000	43767	4337.0	0.0990929238924
chr9	79200000	79300000	18002	1891.0	0.105043884013
chr9	79300000	79400000	0	0.0	NA
chr9	79400000	79500000	0	0.0	NA
chr9	79500000	79600000	53578	5291.0	0.0987532196051
chr9	79600000	79700000	34265	3240.0	0.094557128265
chr9	79700000	79800000	45274	4276.0	0.0944471440562
chr9	79800000	79900000	0	0.0	NA
chr9	79900000	80000000	0	0.0	NA
chr9	80000000	80100000	1265	128.0	0.101185770751
chr9	80100000	80200000	0	0.0	NA
chr9	80200000	80300000	21462	2249.0	0.10478986115
chr9	80300000	80400000	4569	496.0	0.108557671263
chr9	80400000	80500000	0	0.0	NA
chr9	80500000	80600000	0	0.0	NA
chr9	80600000	80700000	30096	2767.0	0.0919391281233
chr9	80700000	80800000	58330	5503.0	0.0943425338591
chr9	80800000	80900000	31714	3139.0	0.0989783691745
chr9	80900000	81000000	40798	3948.0	0.0967694494828
chr9	81000000	81100000	62069	5578.0	0.0898677278513
chr9	81100000	81200000	81943	7564.0	0.0923080678032
chr9	81200000	81300000	76884	7151.0	0.0930102492066
chr9	81300000	81400000	72584	7057.0	0.0972252838091
chr9	81400000	81500000	74787	6986.0	0.0934119566235
chr9	81500000	81600000	76578	7339.0	0.0958369244431
chr9	81600000	81700000	74816	7089.0	0.094752459367
chr9	81700000	81800000	57777	5424.0	0.0938781868217
chr9	81800000	81900000	85105	7861.0	0.0923682509841
chr9	81900000	82000000	74399	7314.0	0.0983077729539
chr9	82000000	82100000	65462	6017.0	0.0919159206868
chr9	82100000	82200000	48539	4459.0	0.0918642740889
chr9	82200000	82300000	0	0.0	NA
chr9	82300000	82400000	45507	4355.0	0.0956995627046
chr9	82400000	82500000	33145	2869.0	0.0865590586816
chr9	82500000	82600000	0	0.0	NA
chr9	82600000	82700000	43438	3911.0	0.090036373682
chr9	82700000	82800000	60884	6061.0	0.0995499638657
chr9	82800000	82900000	60526	5994.0	0.0990318210356
chr9	82900000	83000000	65174	6549.0	0.100484855924
chr9	83000000	83100000	62257	6244.0	0.10029394285
chr9	83100000	83200000	49858	4733.0	0.0949296000642
chr9	83200000	83300000	68157	6821.0	0.100077761639
chr9	83300000	83400000	56133	5692.0	0.101402027328
chr9	83400000	83500000	74877	7291.0	0.0973730250945
chr9	83500000	83600000	68833	6811.0	0.0989496317173
chr9	83600000	83700000	56435	5195.0	0.0920528041109
chr9	83700000	83800000	78516	7585.0	0.0966045137297
chr9	83800000	83900000	61452	5897.0	0.0959610753108
chr9	83900000	84000000	59177	5652.0	0.0955100799297
chr9	84000000	84100000	67586	6087.0	0.0900630308052
chr9	84100000	84200000	73773	6571.0	0.0890705271576
chr9	84200000	84300000	0	0.0	NA
chr9	84300000	84400000	3431	310.0	0.090352666861
chr9	84400000	84500000	58700	4982.0	0.0848722316865
chr9	84500000	84600000	23233	2365.0	0.101794860758
chr9	84600000	84700000	54238	5019.0	0.0925365979572
chr9	84700000	84800000	73220	6474.0	0.0884184649003
chr9	84800000	84900000	61143	5849.0	0.0956609914463
chr9	84900000	85000000	76474	7051.0	0.0922012710202
chr9	85000000	85100000	64399	5804.0	0.0901256230687
chr9	85100000	85200000	70796	6471.0	0.0914034691225
chr9	85200000	85300000	75960	7118.0	0.0937072143233
chr9	85300000	85400000	60601	5617.0	0.092688239468
chr9	85400000	85500000	77032	7502.0	0.0973880984526
chr9	85500000	85600000	70285	6492.0	0.0923667923455
chr9	85600000	85700000	14479	1331.0	0.0919262379999
chr9	85700000	85800000	52999	5003.0	0.0943980075096
chr9	85800000	85900000	27757	2800.0	0.10087545484
chr9	85900000	86000000	0	0.0	NA
chr9	86000000	86100000	0	0.0	NA
chr9	86100000	86200000	24041	2268.0	0.0943388378187
chr9	86200000	86300000	25607	2445.0	0.0954817042215
chr9	86300000	86400000	12065	1129.0	0.0935764608371
chr9	86400000	86500000	0	0.0	NA
chr9	86500000	86600000	10301	966.0	0.0937773031744
chr9	86600000	86700000	19270	1664.0	0.0863518422418
chr9	86700000	86800000	63438	5707.0	0.0899618525174
chr9	86800000	86900000	51739	4924.0	0.0951699878235
chr9	86900000	87000000	6635	707.0	0.106556141673
chr9	87000000	87100000	62253	6187.0	0.0993847686055
chr9	87100000	87200000	68466	6445.0	0.0941343148424
chr9	87200000	87300000	56305	5332.0	0.0946985170056
chr9	87300000	87400000	0	0.0	NA
chr9	87400000	87500000	0	0.0	NA
chr9	87500000	87600000	0	0.0	NA
chr9	87600000	87700000	39191	3847.0	0.0981602919038
chr9	87700000	87800000	68491	6736.0	0.0983486881488
chr9	87800000	87900000	77534	7646.0	0.0986148012485
chr9	87900000	88000000	60481	6117.0	0.101139200741
chr9	88000000	88100000	55046	5408.0	0.0982451040948
chr9	88100000	88200000	41211	4004.0	0.0971585256364
chr9	88200000	88300000	0	0.0	NA
chr9	88300000	88400000	4661	462.0	0.0991203604377
chr9	88400000	88500000	10495	985.0	0.0938542162935
chr9	88500000	88600000	28458	2757.0	0.0968796120599
chr9	88600000	88700000	487	50.0	0.102669404517
chr9	88700000	88800000	0	0.0	NA
chr9	88800000	88900000	955	83.0	0.0869109947644
chr9	88900000	89000000	5499	517.0	0.0940170940171
chr9	89000000	89100000	53915	5247.0	0.0973198553278
chr9	89100000	89200000	59097	6111.0	0.103406264277
chr9	89200000	89300000	27215	2545.0	0.0935146059159
chr9	89300000	89400000	66586	6563.0	0.0985642627579
chr9	89400000	89500000	85125	8557.0	0.100522760646
chr9	89500000	89600000	36948	3514.0	0.0951066363538
chr9	89600000	89700000	31663	3210.0	0.101380159808
chr9	89700000	89800000	59550	5713.0	0.0959361880772
chr9	89800000	89900000	45499	4526.0	0.09947471373
chr9	89900000	90000000	59439	6102.0	0.102659869782
chr9	90000000	90100000	52376	5133.0	0.0980029020926
chr9	90100000	90200000	7823	758.0	0.0968937747667
chr9	90200000	90300000	0	0.0	NA
chr9	90300000	90400000	14391	1502.0	0.104370787298
chr9	90400000	90500000	23277	2595.0	0.111483438587
chr9	90500000	90600000	3085	322.0	0.104376012966
chr9	90600000	90700000	19826	2174.0	0.10965398971
chr9	90700000	90800000	35455	3477.0	0.0980679734875
chr9	90800000	90900000	50940	4991.0	0.097978013349
chr9	90900000	91000000	32202	3399.0	0.105552450158
chr9	91000000	91100000	5742	635.0	0.110588645071
chr9	91100000	91200000	32507	3531.0	0.108622758175
chr9	91200000	91300000	25658	2657.0	0.103554446956
chr9	91300000	91400000	63677	6638.0	0.104244860782
chr9	91400000	91500000	45919	4900.0	0.106709640889
chr9	91500000	91600000	56737	6204.0	0.109346634471
chr9	91600000	91700000	5676	579.0	0.10200845666
chr9	91700000	91800000	5387	431.0	0.0800074252831
chr9	91800000	91900000	60354	5879.0	0.0974086224608
chr9	91900000	92000000	13360	1422.0	0.106437125749
chr9	92000000	92100000	0	0.0	NA
chr9	92100000	92200000	53719	5854.0	0.108974478304
chr9	92200000	92300000	43104	4943.0	0.114676132146
chr9	92300000	92400000	5134	515.0	0.100311647838
chr9	92400000	92500000	41200	4505.0	0.109344660194
chr9	92500000	92600000	3727	418.0	0.112154547894
chr9	92600000	92700000	18159	2013.0	0.110854121923
chr9	92700000	92800000	50170	5589.0	0.111401235798
chr9	92800000	92900000	35538	3843.0	0.108137768023
chr9	92900000	93000000	28878	2883.0	0.099833783503
chr9	93000000	93100000	42373	4250.0	0.100299719161
chr9	93100000	93200000	3491	356.0	0.101976511028
chr9	93200000	93300000	17958	1973.0	0.109867468538
chr9	93300000	93400000	22062	2418.0	0.109600217569
chr9	93400000	93500000	40374	4226.0	0.104671323129
chr9	93500000	93600000	21883	2278.0	0.104099072339
chr9	93600000	93700000	25138	2853.0	0.113493515793
chr9	93700000	93800000	69560	7527.0	0.108208740656
chr9	93800000	93900000	42464	4415.0	0.103970422005
chr9	93900000	94000000	16857	1665.0	0.0987720234917
chr9	94000000	94100000	0	0.0	NA
chr9	94100000	94200000	40993	4006.0	0.0977240016588
chr9	94200000	94300000	54570	5307.0	0.0972512369434
chr9	94300000	94400000	17190	1822.0	0.10599185573
chr9	94400000	94500000	0	0.0	NA
chr9	94500000	94600000	0	0.0	NA
chr9	94600000	94700000	0	0.0	NA
chr9	94700000	94800000	27008	2581.0	0.0955642772512
chr9	94800000	94900000	150	22.0	0.146666666667
chr9	94900000	95000000	4768	494.0	0.10360738255
chr9	95000000	95100000	1288	130.0	0.100931677019
chr9	95100000	95200000	0	0.0	NA
chr9	95200000	95300000	0	0.0	NA
chr9	95300000	95400000	0	0.0	NA
chr9	95400000	95500000	10929	1128.0	0.103211638759
chr9	95500000	95600000	9171	935.0	0.101951804601
chr9	95600000	95700000	11031	1144.0	0.103707732753
chr9	95700000	95800000	4608	537.0	0.116536458333
chr9	95800000	95900000	23172	2678.0	0.11557051614
chr9	95900000	96000000	18191	2009.0	0.11043922819
chr9	96000000	96100000	0	0.0	NA
chr9	96100000	96200000	25004	2519.0	0.100743880979
chr9	96200000	96300000	1922	185.0	0.0962539021852
chr9	96300000	96400000	6692	659.0	0.0984757919904
chr9	96400000	96500000	32954	3482.0	0.105662438551
chr9	96500000	96600000	34408	3514.0	0.10212741223
chr9	96600000	96700000	64519	6778.0	0.105054325083
chr9	96700000	96800000	35115	3442.0	0.0980207888367
chr9	96800000	96900000	3344	314.0	0.0938995215311
chr9	96900000	97000000	24397	2449.0	0.100381194409
chr9	97000000	97100000	2611	273.0	0.104557640751
chr9	97100000	97200000	0	0.0	NA
chr9	97200000	97300000	12648	1374.0	0.108633776091
chr9	97300000	97400000	0	0.0	NA
chr9	97400000	97500000	47681	4745.0	0.0995155302951
chr9	97500000	97600000	0	0.0	NA
chr9	97600000	97700000	0	0.0	NA
chr9	97700000	97800000	0	0.0	NA
chr9	97800000	97900000	8271	1124.0	0.135896505864
chr9	97900000	98000000	0	0.0	NA
chr9	98000000	98100000	9487	1003.0	0.105723621798
chr9	98100000	98200000	51273	5240.0	0.102198037954
chr9	98200000	98300000	19176	2028.0	0.105757196496
chr9	98300000	98400000	65149	7251.0	0.111298715253
chr9	98400000	98500000	25675	2553.0	0.099435248296
chr9	98500000	98600000	13541	1429.0	0.105531349236
chr9	98600000	98700000	0	0.0	NA
chr9	98700000	98800000	0	0.0	NA
chr9	98800000	98900000	38737	4329.0	0.111753620569
chr9	98900000	99000000	73908	8147.0	0.110231639335
chr9	99000000	99100000	0	0.0	NA
chr9	99100000	99200000	6131	638.0	0.104061327679
chr9	99200000	99300000	11703	1285.0	0.109800905751
chr9	99300000	99400000	5559	534.0	0.0960604425256
chr9	99400000	99500000	9965	1011.0	0.101455092825
chr9	99500000	99600000	12231	1197.0	0.0978660779985
chr9	99600000	99700000	7487	773.0	0.103245625751
chr9	99700000	99800000	227	29.0	0.127753303965
chr9	99800000	99900000	12171	1375.0	0.112973461507
chr9	99900000	100000000	2188	336.0	0.153564899452
chr9	100000000	100100000	0	0.0	NA
chr9	100100000	100200000	14322	1360.0	0.0949588046362
chr9	100200000	100300000	2757	222.0	0.0805223068553
chr9	100300000	100400000	0	0.0	NA
chr9	100400000	100500000	29366	2651.0	0.0902744670708
chr9	100500000	100600000	58327	5299.0	0.0908498636995
chr9	100600000	100700000	43152	4021.0	0.0931822395254
chr9	100700000	100800000	31122	2698.0	0.0866910866911
chr9	100800000	100900000	2264	237.0	0.104681978799
chr9	100900000	101000000	4315	416.0	0.0964078794902
chr9	101000000	101100000	15866	1568.0	0.0988276818354
chr9	101100000	101200000	0	0.0	NA
chr9	101200000	101300000	0	0.0	NA
chr9	101300000	101400000	0	0.0	NA
chr9	101400000	101500000	17315	1740.0	0.100490903841
chr9	101500000	101600000	6889	610.0	0.08854695892
chr9	101600000	101700000	52827	5081.0	0.0961818766918
chr9	101700000	101800000	5269	495.0	0.0939457202505
chr9	101800000	101900000	25703	2483.0	0.096603509318
chr9	101900000	102000000	50359	4942.0	0.0981353879148
chr9	102000000	102100000	77709	7265.0	0.0934898145646
chr9	102100000	102200000	61547	5605.0	0.0910686142298
chr9	102200000	102300000	74702	6473.0	0.0866509598137
chr9	102300000	102400000	42086	3718.0	0.0883429168845
chr9	102400000	102500000	0	0.0	NA
chr9	102500000	102600000	0	0.0	NA
chr9	102600000	102700000	14418	1191.0	0.0826050769871
chr9	102700000	102800000	4452	362.0	0.081311769991
chr9	102800000	102900000	0	0.0	NA
chr9	102900000	103000000	0	0.0	NA
chr9	103000000	103100000	0	0.0	NA
chr9	103100000	103200000	20325	1819.0	0.0894956949569
chr9	103200000	103300000	0	0.0	NA
chr9	103300000	103400000	31628	2944.0	0.0930820791704
chr9	103400000	103500000	56881	5478.0	0.0963063237285
chr9	103500000	103600000	51416	4932.0	0.0959234479539
chr9	103600000	103700000	77990	7620.0	0.0977048339531
chr9	103700000	103800000	66706	6266.0	0.0939345785986
chr9	103800000	103900000	0	0.0	NA
chr9	103900000	104000000	0	0.0	NA
chr9	104000000	104100000	10604	1067.0	0.100622406639
chr9	104100000	104200000	18264	1675.0	0.0917104686816
chr9	104200000	104300000	22170	2254.0	0.101668921967
chr9	104300000	104400000	5002	466.0	0.093162734906
chr9	104400000	104500000	0	0.0	NA
chr9	104500000	104600000	74882	7336.0	0.0979674688176
chr9	104600000	104700000	78082	8038.0	0.10294305986
chr9	104700000	104800000	66576	7196.0	0.108086998318
chr9	104800000	104900000	57380	6441.0	0.112251655629
chr9	104900000	105000000	64332	7244.0	0.112603370018
chr9	105000000	105100000	45031	5064.0	0.112455863738
chr9	105100000	105200000	57663	6713.0	0.116417806913
chr9	105200000	105300000	47973	5310.0	0.110687261585
chr9	105300000	105400000	0	0.0	NA
chr9	105400000	105500000	44302	5289.0	0.11938512934
chr9	105500000	105600000	50690	5926.0	0.11690668771
chr9	105600000	105700000	56175	6584.0	0.117205162439
chr9	105700000	105800000	51517	6007.0	0.116602286624
chr9	105800000	105900000	63813	7458.0	0.11687273753
chr9	105900000	106000000	2732	299.0	0.10944363104
chr9	106000000	106100000	9586	1103.0	0.115063634467
chr9	106100000	106200000	21777	2409.0	0.110621297699
chr9	106200000	106300000	32716	3581.0	0.10945714635
chr9	106300000	106400000	56995	6041.0	0.105991753663
chr9	106400000	106500000	73272	7576.0	0.103395567202
chr9	106500000	106600000	65431	6921.0	0.105775549816
chr9	106600000	106700000	58779	5965.0	0.101481821739
chr9	106700000	106800000	81073	8131.0	0.100292329135
chr9	106800000	106900000	26805	2772.0	0.10341354225
chr9	106900000	107000000	61715	6161.0	0.0998298630803
chr9	107000000	107100000	57025	5477.0	0.0960455940377
chr9	107100000	107200000	65853	6444.0	0.0978543118765
chr9	107200000	107300000	62378	6196.0	0.0993298919491
chr9	107300000	107400000	61908	5997.0	0.0968695483621
chr9	107400000	107500000	44653	4182.0	0.0936555214655
chr9	107500000	107600000	5212	490.0	0.0940138142748
chr9	107600000	107700000	4893	452.0	0.0923768649091
chr9	107700000	107800000	47959	4503.0	0.0938927000146
chr9	107800000	107900000	46449	4559.0	0.0981506598635
chr9	107900000	108000000	56094	5326.0	0.0949477662495
chr9	108000000	108100000	5520	459.0	0.083152173913
chr9	108100000	108200000	0	0.0	NA
chr9	108200000	108300000	6344	586.0	0.0923707440101
chr9	108300000	108400000	1443	120.0	0.0831600831601
chr9	108400000	108500000	40297	3685.0	0.0914460133509
chr9	108500000	108600000	9309	843.0	0.0905575249758
chr9	108600000	108700000	78383	7251.0	0.0925073038797
chr9	108700000	108800000	42532	3458.0	0.0813034891376
chr9	108800000	108900000	0	0.0	NA
chr9	108900000	109000000	0	0.0	NA
chr9	109000000	109100000	0	0.0	NA
chr9	109100000	109200000	0	0.0	NA
chr9	109200000	109300000	0	0.0	NA
chr9	109300000	109400000	0	0.0	NA
chr9	109400000	109500000	0	0.0	NA
chr9	109500000	109600000	70439	6365.0	0.090361873394
chr9	109600000	109700000	17457	1485.0	0.0850661625709
chr9	109700000	109800000	0	0.0	NA
chr9	109800000	109900000	26113	2387.0	0.0914104086087
chr9	109900000	110000000	83212	7535.0	0.0905518434841
chr9	110000000	110100000	27499	2647.0	0.0962580457471
chr9	110100000	110200000	42316	4304.0	0.101710936762
chr9	110200000	110300000	26941	2465.0	0.0914962325081
chr9	110300000	110400000	63221	6448.0	0.101991426899
chr9	110400000	110500000	70223	7023.0	0.100009968244
chr9	110500000	110600000	74701	7214.0	0.0965716657073
chr9	110600000	110700000	81073	7946.0	0.09801043504
chr9	110700000	110800000	79866	7701.0	0.0964240102171
chr9	110800000	110900000	83065	7878.0	0.0948413892735
chr9	110900000	111000000	80079	7806.0	0.0974787397445
chr9	111000000	111100000	85260	8317.0	0.0975486746423
chr9	111100000	111200000	73942	7430.0	0.100484163263
chr9	111200000	111300000	72082	7219.0	0.100149829361
chr9	111300000	111400000	80099	7967.0	0.0994644127892
chr9	111400000	111500000	69131	6787.0	0.0981759268635
chr9	111500000	111600000	61771	6488.0	0.10503310615
chr9	111600000	111700000	14573	1502.0	0.10306731627
chr9	111700000	111800000	971	93.0	0.0957775489186
chr9	111800000	111900000	4400	419.0	0.0952272727273
chr9	111900000	112000000	3336	282.0	0.0845323741007
chr9	112000000	112100000	12461	1148.0	0.0921274376053
chr9	112100000	112200000	24533	2506.0	0.102148127013
chr9	112200000	112300000	27395	2582.0	0.094250775689
chr9	112300000	112400000	73517	6916.0	0.0940734796034
chr9	112400000	112500000	2690	241.0	0.0895910780669
chr9	112500000	112600000	0	0.0	NA
chr9	112600000	112700000	0	0.0	NA
chr9	112700000	112800000	0	0.0	NA
chr9	112800000	112900000	0	0.0	NA
chr9	112900000	113000000	29461	2929.0	0.0994195716371
chr9	113000000	113100000	27116	2560.0	0.0944092048975
chr9	113100000	113200000	15433	1547.0	0.100239745999
chr9	113200000	113300000	0	0.0	NA
chr9	113300000	113400000	28520	2819.0	0.0988429172511
chr9	113400000	113500000	14736	1370.0	0.0929695982628
chr9	113500000	113600000	28032	2757.0	0.0983518835616
chr9	113600000	113700000	26758	2627.0	0.0981762463562
chr9	113700000	113800000	0	0.0	NA
chr9	113800000	113900000	59072	5635.0	0.095392063922
chr9	113900000	114000000	1329	128.0	0.0963130173062
chr9	114000000	114100000	25947	2327.0	0.089682814969
chr9	114100000	114200000	9125	908.0	0.0995068493151
chr9	114200000	114300000	10426	1049.0	0.10061384999
chr9	114300000	114400000	11410	1164.0	0.102015775635
chr9	114400000	114500000	4407	387.0	0.0878148400272
chr9	114500000	114600000	23073	2172.0	0.0941360031205
chr9	114600000	114700000	28586	2609.0	0.0912684530889
chr9	114700000	114800000	28152	2823.0	0.100277067349
chr9	114800000	114900000	0	0.0	NA
chr9	114900000	115000000	0	0.0	NA
chr9	115000000	115100000	0	0.0	NA
chr9	115100000	115200000	7039	630.0	0.0895013496235
chr9	115200000	115300000	0	0.0	NA
chr9	115300000	115400000	0	0.0	NA
chr9	115400000	115500000	8032	796.0	0.0991035856574
chr9	115500000	115600000	4494	388.0	0.0863373386738
chr9	115600000	115700000	29206	3045.0	0.104259398754
chr9	115700000	115800000	23009	2264.0	0.0983962797166
chr9	115800000	115900000	21201	2234.0	0.105372388095
chr9	115900000	116000000	9869	982.0	0.0995034957949
chr9	116000000	116100000	8137	779.0	0.0957355290648
chr9	116100000	116200000	16228	1540.0	0.0948977076658
chr9	116200000	116300000	723	64.0	0.088520055325
chr9	116300000	116400000	25807	2733.0	0.105901499593
chr9	116400000	116500000	50144	4940.0	0.0985162731334
chr9	116500000	116600000	69714	6576.0	0.0943282554437
chr9	116600000	116700000	26841	2509.0	0.0934763980478
chr9	116700000	116800000	0	0.0	NA
chr9	116800000	116900000	41988	4455.0	0.106101743355
chr9	116900000	117000000	12699	1219.0	0.0959918103788
chr9	117000000	117100000	4601	523.0	0.1136709411
chr9	117100000	117200000	2897	315.0	0.108733172247
chr9	117200000	117300000	20524	2028.0	0.0988111479244
chr9	117300000	117400000	26489	2659.0	0.100381290347
chr9	117400000	117500000	47278	4789.0	0.101294471001
chr9	117500000	117600000	54407	5500.0	0.101089933281
chr9	117600000	117700000	33462	3439.0	0.102773295081
chr9	117700000	117800000	57204	5900.0	0.103139640585
chr9	117800000	117900000	1269	120.0	0.0945626477541
chr9	117900000	118000000	3307	316.0	0.0955548835803
chr9	118000000	118100000	0	0.0	NA
chr9	118100000	118200000	0	0.0	NA
chr9	118200000	118300000	0	0.0	NA
chr9	118300000	118400000	0	0.0	NA
chr9	118400000	118500000	0	0.0	NA
chr9	118500000	118600000	65094	6706.0	0.103020247642
chr9	118600000	118700000	39734	4155.0	0.104570393114
chr9	118700000	118800000	67146	6443.0	0.0959550829536
chr9	118800000	118900000	76913	7901.0	0.102726457166
chr9	118900000	119000000	13808	1273.0	0.0921929316338
chr9	119000000	119100000	0	0.0	NA
chr9	119100000	119200000	20214	1947.0	0.0963193826061
chr9	119200000	119300000	0	0.0	NA
chr9	119300000	119400000	0	0.0	NA
chr9	119400000	119500000	0	0.0	NA
chr9	119500000	119600000	0	0.0	NA
chr9	119600000	119700000	0	0.0	NA
chr9	119700000	119800000	0	0.0	NA
chr9	119800000	119900000	0	0.0	NA
chr9	119900000	120000000	0	0.0	NA
chr9	120000000	120100000	0	0.0	NA
chr9	120100000	120200000	21257	1972.0	0.0927694406548
chr9	120200000	120300000	81673	8184.0	0.100204473939
chr9	120300000	120400000	79769	7996.0	0.100239441387
chr9	120400000	120500000	45268	4860.0	0.107360607935
chr9	120500000	120600000	0	0.0	NA
chr9	120600000	120700000	28645	2939.0	0.102600802932
chr9	120700000	120800000	78864	7833.0	0.0993228849665
chr9	120800000	120900000	70333	7105.0	0.101019436111
chr9	120900000	121000000	82993	8498.0	0.102394177822
chr9	121000000	121100000	81031	8442.0	0.104182349965
chr9	121100000	121200000	80762	8383.0	0.103798816275
chr9	121200000	121300000	56721	5756.0	0.101479169972
chr9	121300000	121400000	79027	8336.0	0.105482936212
chr9	121400000	121500000	63510	6533.0	0.102865690442
chr9	121500000	121600000	60719	6171.0	0.101632108566
chr9	121600000	121700000	67201	6731.0	0.100162199967
chr9	121700000	121800000	87179	8307.0	0.0952867089551
chr9	121800000	121900000	73052	7091.0	0.0970678420851
chr9	121900000	122000000	24870	2355.0	0.0946924004825
chr9	122000000	122100000	0	0.0	NA
chr9	122100000	122200000	59773	5873.0	0.0982550649959
chr9	122200000	122300000	51819	4913.0	0.0948107836894
chr9	122300000	122400000	75326	7284.0	0.0966996787298
chr9	122400000	122500000	84749	7714.0	0.0910217229702
chr9	122500000	122600000	83494	7743.0	0.0927372026732
chr9	122600000	122700000	81269	7611.0	0.0936519460065
chr9	122700000	122800000	86322	8273.0	0.0958388359862
chr9	122800000	122900000	74115	7126.0	0.0961478782972
chr9	122900000	123000000	83202	8089.0	0.0972212206437
chr9	123000000	123100000	70631	6706.0	0.094944146338
chr9	123100000	123200000	41704	4219.0	0.101165355841
chr9	123200000	123300000	0	0.0	NA
chr9	123300000	123400000	7921	724.0	0.0914026006817
chr9	123400000	123500000	17424	1656.0	0.095041322314
chr9	123500000	123600000	9203	876.0	0.0951863522764
chr9	123600000	123700000	11933	1075.0	0.0900863152602
chr9	123700000	123800000	9982	899.0	0.0900621118012
chr9	123800000	123900000	0	0.0	NA
chr9	123900000	124000000	491	52.0	0.105906313646
chr9	124000000	124100000	4318	398.0	0.0921723019917
chr9	124100000	124200000	887	79.0	0.0890642615558
chr9	124200000	124300000	9725	1055.0	0.108483290488
chr9	124300000	124400000	16031	1600.0	0.0998066246647
chr9	124400000	124500000	0	0.0	NA
chr9	124500000	124600000	18096	1968.0	0.10875331565
chr9	124600000	124700000	0	0.0	NA
chr9	124700000	124800000	0	0.0	NA
chr9	124800000	124900000	26583	2827.0	0.10634616108
chr9	124900000	125000000	8703	850.0	0.097667470987
chr9	125000000	125100000	5182	426.0	0.0822076418371
chr9	125100000	125200000	25584	2537.0	0.0991635397123
chr9	125200000	125300000	17522	1808.0	0.103184567972
chr9	125300000	125400000	22603	2137.0	0.0945449719064
chr9	125400000	125500000	31887	3072.0	0.096340201336
chr9	125500000	125600000	26134	2592.0	0.0991811433382
chr9	125600000	125700000	7581	726.0	0.0957657301148
chr9	125700000	125800000	477	44.0	0.0922431865828
chr9	125800000	125900000	9567	995.0	0.104003344831
chr9	125900000	126000000	0	0.0	NA
chr9	126000000	126100000	39294	3812.0	0.0970122665038
chr9	126100000	126200000	10997	1273.0	0.115758843321
chr9	126200000	126300000	0	0.0	NA
chr9	126300000	126400000	0	0.0	NA
chr9	126400000	126500000	0	0.0	NA
chr9	126500000	126600000	0	0.0	NA
chr9	126600000	126700000	5553	532.0	0.0958040698721
chr9	126700000	126800000	46088	4385.0	0.0951440722097
chr9	126800000	126900000	57379	5882.0	0.102511371756
chr9	126900000	127000000	37319	3883.0	0.104048875908
chr9	127000000	127100000	10754	1184.0	0.110098567975
chr9	127100000	127200000	10253	1197.0	0.116746318151
chr9	127200000	127300000	16921	1774.0	0.104840139472
chr9	127300000	127400000	0	0.0	NA
chr9	127400000	127500000	0	0.0	NA
chr9	127500000	127600000	9801	1084.0	0.110600959086
chr9	127600000	127700000	4523	531.0	0.117399955782
chr9	127700000	127800000	959	84.0	0.0875912408759
chr9	127800000	127900000	0	0.0	NA
chr9	127900000	128000000	4170	369.0	0.0884892086331
chr9	128000000	128100000	1839	169.0	0.0918977705275
chr9	128100000	128200000	37254	4129.0	0.110833735975
chr9	128200000	128300000	0	0.0	NA
chr9	128300000	128400000	0	0.0	NA
chr9	128400000	128500000	12973	1206.0	0.0929623063285
chr9	128500000	128600000	4002	368.0	0.0919540229885
chr9	128600000	128700000	0	0.0	NA
chr9	128700000	128800000	43127	4748.0	0.110093444942
chr9	128800000	128900000	17469	1822.0	0.104299044021
chr9	128900000	129000000	53182	5483.0	0.103098792825
chr9	129000000	129100000	54854	5115.0	0.0932475298064
chr9	129100000	129200000	0	0.0	NA
chr9	129200000	129300000	17042	1891.0	0.110961154794
chr9	129300000	129400000	33328	3644.0	0.109337493999
chr9	129400000	129500000	13811	1547.0	0.112012164217
chr9	129500000	129600000	25203	2586.0	0.10260683252
chr9	129600000	129700000	22030	2024.0	0.091874716296
chr9	129700000	129800000	0	0.0	NA
chr9	129800000	129900000	0	0.0	NA
chr9	129900000	130000000	8429	745.0	0.0883853363388
chr9	130000000	130100000	21675	1890.0	0.0871972318339
chr9	130100000	130200000	5297	518.0	0.0977912025675
chr9	130200000	130300000	2710	312.0	0.115129151292
chr9	130300000	130400000	358	34.0	0.0949720670391
chr9	130400000	130500000	605	45.0	0.0743801652893
chr9	130500000	130600000	6081	662.0	0.108863673738
chr9	130600000	130700000	13787	1520.0	0.110248785087
chr9	130700000	130800000	20637	2078.0	0.100692930174
chr9	130800000	130900000	1027	112.0	0.109055501461
chr9	130900000	131000000	8778	978.0	0.111414900889
chr9	131000000	131100000	6077	618.0	0.101694915254
chr9	131100000	131200000	15462	1512.0	0.0977881257276
chr9	131200000	131300000	5516	603.0	0.109318346628
chr9	131300000	131400000	0	0.0	NA
chr9	131400000	131500000	2156	243.0	0.112708719852
chr9	131500000	131600000	2162	278.0	0.128584643848
chr9	131600000	131700000	1295	146.0	0.112741312741
chr9	131700000	131800000	1543	188.0	0.121840570318
chr9	131800000	131900000	5066	591.0	0.116660086854
chr9	131900000	132000000	24383	2723.0	0.111676167822
chr9	132000000	132100000	42571	5062.0	0.118907237321
chr9	132100000	132200000	34003	4109.0	0.120842278622
chr9	132200000	132300000	23741	2875.0	0.121098521545
chr9	132300000	132400000	22794	2701.0	0.118496095464
chr9	132400000	132500000	15442	1926.0	0.124724776583
chr9	132500000	132600000	12836	1529.0	0.119118105329
chr9	132600000	132700000	3131	394.0	0.125838390291
chr9	132700000	132800000	0	0.0	NA
chr9	132800000	132900000	4096	380.0	0.0927734375
chr9	132900000	133000000	8649	1038.0	0.120013874436
chr9	133000000	133100000	14296	1473.0	0.103035814214
chr9	133100000	133200000	0	0.0	NA
chr9	133200000	133300000	0	0.0	NA
chr9	133300000	133400000	14340	1680.0	0.117154811715
chr9	133400000	133500000	20232	2300.0	0.113681296955
chr9	133500000	133600000	11083	1175.0	0.106018226112
chr9	133600000	133700000	0	0.0	NA
chr9	133700000	133800000	6913	856.0	0.123824678143
chr9	133800000	133900000	33345	3930.0	0.117858749438
chr9	133900000	134000000	132	14.0	0.106060606061
chr9	134000000	134100000	417	54.0	0.129496402878
chr9	134100000	134200000	22505	2653.0	0.117884914463
chr9	134200000	134300000	10494	1239.0	0.118067467124
chr9	134300000	134400000	1881	206.0	0.109516214779
chr9	134400000	134500000	4659	544.0	0.116763253917
chr9	134500000	134600000	0	0.0	NA
chr9	134600000	134700000	43294	4711.0	0.108814154386
chr9	134700000	134800000	23990	2847.0	0.118674447687
chr9	134800000	134900000	0	0.0	NA
chr9	134900000	135000000	27012	2569.0	0.0951058788687
chr9	135000000	135100000	28351	3057.0	0.107826884413
chr9	135100000	135200000	6188	741.0	0.11974789916
chr9	135200000	135300000	6805	697.0	0.10242468773
chr9	135300000	135400000	0	0.0	NA
chr9	135400000	135500000	7079	727.0	0.102698121204
chr9	135500000	135600000	6799	732.0	0.107662891602
chr9	135600000	135700000	186	21.0	0.112903225806
chr9	135700000	135800000	777	96.0	0.123552123552
chr9	135800000	135900000	16064	1774.0	0.110433266932
chr9	135900000	136000000	7662	910.0	0.118767945706
chr9	136000000	136100000	20718	2451.0	0.118302924993
chr9	136100000	136200000	19255	2478.0	0.128693845754
chr9	136200000	136300000	1478	180.0	0.121786197564
chr9	136300000	136400000	27503	3317.0	0.120605024906
chr9	136400000	136500000	18126	2149.0	0.118558976056
chr9	136500000	136600000	4628	577.0	0.124675885912
chr9	136600000	136700000	8892	1029.0	0.115721997301
chr9	136700000	136800000	0	0.0	NA
chr9	136800000	136900000	9241	1141.0	0.12347148577
chr9	136900000	137000000	11312	1363.0	0.120491513437
chr9	137000000	137100000	11748	1427.0	0.121467483827
chr9	137100000	137200000	65750	8678.0	0.131984790875
chr9	137200000	137300000	4259	564.0	0.132425451984
chr9	137300000	137400000	38401	5251.0	0.136741230697
chr9	137400000	137500000	38211	5120.0	0.13399282929
chr9	137500000	137600000	25845	3319.0	0.128419423486
chr9	137600000	137700000	0	0.0	NA
chr9	137700000	137800000	15352	2036.0	0.132621156853
chr9	137800000	137900000	50984	7083.0	0.138925937549
chr9	137900000	138000000	42471	5545.0	0.130559676014
chr9	138000000	138100000	51953	7098.0	0.136623486613
chr9	138100000	138200000	35862	5033.0	0.140343539122
chr9	138200000	138300000	51895	6884.0	0.132652471336
chr9	138300000	138400000	16696	2313.0	0.13853617633
chr9	138400000	138500000	23080	3168.0	0.13726169844
chr9	138500000	138600000	15938	2252.0	0.141297527921
chr9	138600000	138700000	7108	979.0	0.137732132808
chr9	138700000	138800000	327	51.0	0.155963302752
chr9	138800000	138900000	31276	4035.0	0.129012661466
chr9	138900000	139000000	7397	1027.0	0.138840070299
chr9	139000000	139100000	47923	6178.0	0.128915134695
chr9	139100000	139200000	15020	2114.0	0.140745672437
chr9	139200000	139300000	3761	524.0	0.1393246477
chr9	139300000	139400000	5433	824.0	0.151665746365
chr9	139400000	139500000	27883	4074.0	0.1461105333
chr9	139500000	139600000	25343	3699.0	0.145957463599
chr9	139600000	139700000	5463	762.0	0.13948380011
chr9	139700000	139800000	5461	837.0	0.153268632119
chr9	139800000	139900000	18470	2584.0	0.139902544667
chr9	139900000	140000000	7425	1009.0	0.135892255892
chr9	140000000	140100000	8774	1162.0	0.132436744928
chr9	140100000	140200000	10414	1308.0	0.125600153639
chr9	140200000	140300000	938	114.0	0.121535181237
chr9	140300000	140400000	1617	220.0	0.136054421769
chr9	140400000	140500000	6215	761.0	0.122445695897
chr9	140500000	140600000	0	0.0	NA
chr9	140600000	140700000	0	0.0	NA
chr9	140700000	140800000	5362	702.0	0.130921298023
chr9	140800000	140900000	0	0.0	NA
chr9	140900000	141000000	0	0.0	NA
chr9	141000000	141100000	76	7.0	0.0921052631579
chr9	141100000	141200000	0	0.0	NA
chr9	141200000	141213431	0	0.0	NA
