chr9	0	100000	0	0.0	NA
chr9	100000	200000	0	0.0	NA
chr9	200000	300000	7313	453.0	0.0619444824286
chr9	300000	400000	0	0.0	NA
chr9	400000	500000	0	0.0	NA
chr9	500000	600000	0	0.0	NA
chr9	600000	700000	0	0.0	NA
chr9	700000	800000	28013	2080.0	0.0742512404955
chr9	800000	900000	11905	700.0	0.0587988240235
chr9	900000	1000000	8885	446.0	0.0501969611705
chr9	1000000	1100000	69300	4103.0	0.0592063492063
chr9	1100000	1200000	65858	3561.0	0.0540708797716
chr9	1200000	1300000	79561	4318.0	0.0542728221113
chr9	1300000	1400000	81849	4608.0	0.0562987941209
chr9	1400000	1500000	83172	4919.0	0.0591424998798
chr9	1500000	1600000	72036	4460.0	0.0619134877006
chr9	1600000	1700000	81941	4909.0	0.0599089588851
chr9	1700000	1800000	76980	4233.0	0.0549883086516
chr9	1800000	1900000	79426	4655.0	0.0586080124896
chr9	1900000	2000000	79880	4415.0	0.0552704056084
chr9	2000000	2100000	11423	554.0	0.0484986430885
chr9	2100000	2200000	5347	314.0	0.0587245184215
chr9	2200000	2300000	47213	2800.0	0.0593056997014
chr9	2300000	2400000	75117	4391.0	0.0584554761239
chr9	2400000	2500000	14855	854.0	0.0574890609222
chr9	2500000	2600000	0	0.0	NA
chr9	2600000	2700000	32024	2014.0	0.0628903322508
chr9	2700000	2800000	71797	4257.0	0.0592921709821
chr9	2800000	2900000	40968	2244.0	0.0547744581136
chr9	2900000	3000000	88763	5127.0	0.0577605533837
chr9	3000000	3100000	85934	5157.0	0.0600111713641
chr9	3100000	3200000	58982	3359.0	0.0569495778373
chr9	3200000	3300000	15755	880.0	0.0558552840368
chr9	3300000	3400000	0	0.0	NA
chr9	3400000	3500000	0	0.0	NA
chr9	3500000	3600000	0	0.0	NA
chr9	3600000	3700000	4323	245.0	0.0566736062919
chr9	3700000	3800000	80907	4462.0	0.0551497398247
chr9	3800000	3900000	15608	843.0	0.0540107637109
chr9	3900000	4000000	0	0.0	NA
chr9	4000000	4100000	0	0.0	NA
chr9	4100000	4200000	0	0.0	NA
chr9	4200000	4300000	0	0.0	NA
chr9	4300000	4400000	73114	4249.0	0.0581147249501
chr9	4400000	4500000	59097	3539.0	0.0598845965108
chr9	4500000	4600000	0	0.0	NA
chr9	4600000	4700000	6443	322.0	0.0499767189198
chr9	4700000	4800000	29524	1815.0	0.0614754098361
chr9	4800000	4900000	9102	512.0	0.0562513733245
chr9	4900000	5000000	49969	2777.0	0.0555744561628
chr9	5000000	5100000	0	0.0	NA
chr9	5100000	5200000	35109	2052.0	0.0584465521661
chr9	5200000	5300000	30487	2182.0	0.0715714894873
chr9	5300000	5400000	24604	1446.0	0.0587709315558
chr9	5400000	5500000	0	0.0	NA
chr9	5500000	5600000	0	0.0	NA
chr9	5600000	5700000	0	0.0	NA
chr9	5700000	5800000	4027	280.0	0.0695306679911
chr9	5800000	5900000	41631	2335.0	0.0560880113377
chr9	5900000	6000000	6419	328.0	0.0510983019162
chr9	6000000	6100000	47800	2685.0	0.0561715481172
chr9	6100000	6200000	63240	3361.0	0.053146742568
chr9	6200000	6300000	19052	1091.0	0.0572643292043
chr9	6300000	6400000	45855	2424.0	0.0528622832843
chr9	6400000	6500000	6459	354.0	0.0548072457037
chr9	6500000	6600000	12864	788.0	0.0612562189055
chr9	6600000	6700000	8974	558.0	0.0621796300423
chr9	6700000	6800000	2836	183.0	0.0645275035261
chr9	6800000	6900000	0	0.0	NA
chr9	6900000	7000000	0	0.0	NA
chr9	7000000	7100000	0	0.0	NA
chr9	7100000	7200000	19836	1074.0	0.0541439806413
chr9	7200000	7300000	72627	4244.0	0.0584355680394
chr9	7300000	7400000	89606	5266.0	0.0587683860456
chr9	7400000	7500000	75406	4479.0	0.0593984563563
chr9	7500000	7600000	85269	5190.0	0.0608661999085
chr9	7600000	7700000	76644	4875.0	0.0636057617035
chr9	7700000	7800000	79481	4610.0	0.0580012833256
chr9	7800000	7900000	73384	4375.0	0.0596179003598
chr9	7900000	8000000	86169	5068.0	0.0588146549223
chr9	8000000	8100000	54755	3350.0	0.0611816272487
chr9	8100000	8200000	83182	4832.0	0.0580894905148
chr9	8200000	8300000	79570	4540.0	0.0570566796531
chr9	8300000	8400000	9661	612.0	0.063347479557
chr9	8400000	8500000	0	0.0	NA
chr9	8500000	8600000	0	0.0	NA
chr9	8600000	8700000	0	0.0	NA
chr9	8700000	8800000	0	0.0	NA
chr9	8800000	8900000	0	0.0	NA
chr9	8900000	9000000	0	0.0	NA
chr9	9000000	9100000	0	0.0	NA
chr9	9100000	9200000	0	0.0	NA
chr9	9200000	9300000	0	0.0	NA
chr9	9300000	9400000	0	0.0	NA
chr9	9400000	9500000	0	0.0	NA
chr9	9500000	9600000	0	0.0	NA
chr9	9600000	9700000	0	0.0	NA
chr9	9700000	9800000	0	0.0	NA
chr9	9800000	9900000	0	0.0	NA
chr9	9900000	10000000	0	0.0	NA
chr9	10000000	10100000	0	0.0	NA
chr9	10100000	10200000	0	0.0	NA
chr9	10200000	10300000	0	0.0	NA
chr9	10300000	10400000	0	0.0	NA
chr9	10400000	10500000	0	0.0	NA
chr9	10500000	10600000	0	0.0	NA
chr9	10600000	10700000	64841	3711.0	0.0572323067195
chr9	10700000	10800000	66746	3988.0	0.0597488988104
chr9	10800000	10900000	64321	3726.0	0.0579282038526
chr9	10900000	11000000	64508	3762.0	0.0583183481119
chr9	11000000	11100000	80315	4817.0	0.0599763431489
chr9	11100000	11200000	78714	4874.0	0.0619203699469
chr9	11200000	11300000	64719	3986.0	0.0615893323444
chr9	11300000	11400000	78610	4710.0	0.0599160412161
chr9	11400000	11500000	77833	4997.0	0.0642015597497
chr9	11500000	11600000	83289	5096.0	0.0611845501807
chr9	11600000	11700000	64282	4260.0	0.0662704956286
chr9	11700000	11800000	75426	5127.0	0.0679739082014
chr9	11800000	11900000	70813	4465.0	0.0630533941508
chr9	11900000	12000000	61000	3982.0	0.0652786885246
chr9	12000000	12100000	72945	4693.0	0.0643361436699
chr9	12100000	12200000	29687	1829.0	0.0616094586856
chr9	12200000	12300000	78607	4844.0	0.0616230106733
chr9	12300000	12400000	68166	4323.0	0.0634187131414
chr9	12400000	12500000	77879	4640.0	0.0595796042579
chr9	12500000	12600000	73992	4424.0	0.0597902475943
chr9	12600000	12700000	82036	5210.0	0.063508703496
chr9	12700000	12800000	0	0.0	NA
chr9	12800000	12900000	52008	3178.0	0.0611059836948
chr9	12900000	13000000	66297	4077.0	0.0614959952939
chr9	13000000	13100000	75858	4585.0	0.0604418782462
chr9	13100000	13200000	4781	249.0	0.0520811545702
chr9	13200000	13300000	11228	600.0	0.0534378339865
chr9	13300000	13400000	73329	4123.0	0.0562260497211
chr9	13400000	13500000	28372	1486.0	0.0523755815593
chr9	13500000	13600000	85344	4856.0	0.0568991376078
chr9	13600000	13700000	72798	4124.0	0.0566499079645
chr9	13700000	13800000	76782	4249.0	0.0553384907921
chr9	13800000	13900000	85097	4594.0	0.0539854518961
chr9	13900000	14000000	67036	3603.0	0.0537472402888
chr9	14000000	14100000	66737	3750.0	0.0561907187917
chr9	14100000	14200000	0	0.0	NA
chr9	14200000	14300000	0	0.0	NA
chr9	14300000	14400000	1018	55.0	0.0540275049116
chr9	14400000	14500000	85662	4532.0	0.0529056057528
chr9	14500000	14600000	49944	2630.0	0.0526589780554
chr9	14600000	14700000	5566	296.0	0.0531800215595
chr9	14700000	14800000	27217	1419.0	0.0521365323144
chr9	14800000	14900000	0	0.0	NA
chr9	14900000	15000000	48779	2788.0	0.0571557432502
chr9	15000000	15100000	0	0.0	NA
chr9	15100000	15200000	14400	809.0	0.0561805555556
chr9	15200000	15300000	0	0.0	NA
chr9	15300000	15400000	36269	2215.0	0.0610714384185
chr9	15400000	15500000	7476	462.0	0.061797752809
chr9	15500000	15600000	25612	1521.0	0.0593862252069
chr9	15600000	15700000	0	0.0	NA
chr9	15700000	15800000	0	0.0	NA
chr9	15800000	15900000	0	0.0	NA
chr9	15900000	16000000	18400	1029.0	0.0559239130435
chr9	16000000	16100000	76234	4076.0	0.0534669570008
chr9	16100000	16200000	90975	4984.0	0.054784281396
chr9	16200000	16300000	23490	1418.0	0.0603661132397
chr9	16300000	16400000	83149	5050.0	0.0607343443697
chr9	16400000	16500000	9369	520.0	0.055502188067
chr9	16500000	16600000	0	0.0	NA
chr9	16600000	16700000	0	0.0	NA
chr9	16700000	16800000	0	0.0	NA
chr9	16800000	16900000	14404	845.0	0.0586642599278
chr9	16900000	17000000	52785	3080.0	0.0583499100123
chr9	17000000	17100000	16888	826.0	0.0489104689721
chr9	17100000	17200000	12228	585.0	0.0478410206084
chr9	17200000	17300000	0	0.0	NA
chr9	17300000	17400000	0	0.0	NA
chr9	17400000	17500000	0	0.0	NA
chr9	17500000	17600000	52662	3192.0	0.0606129657058
chr9	17600000	17700000	0	0.0	NA
chr9	17700000	17800000	1933	106.0	0.0548370408691
chr9	17800000	17900000	83235	4761.0	0.0571994954046
chr9	17900000	18000000	71064	4022.0	0.0565968704267
chr9	18000000	18100000	87559	4906.0	0.0560307906669
chr9	18100000	18200000	86145	4845.0	0.0562423820303
chr9	18200000	18300000	78704	4658.0	0.0591837771905
chr9	18300000	18400000	74164	4170.0	0.0562267407367
chr9	18400000	18500000	61653	3413.0	0.0553582145232
chr9	18500000	18600000	0	0.0	NA
chr9	18600000	18700000	0	0.0	NA
chr9	18700000	18800000	0	0.0	NA
chr9	18800000	18900000	0	0.0	NA
chr9	18900000	19000000	15115	886.0	0.058617267615
chr9	19000000	19100000	1724	99.0	0.0574245939675
chr9	19100000	19200000	22414	1393.0	0.0621486570893
chr9	19200000	19300000	12874	776.0	0.0602765263321
chr9	19300000	19400000	6591	404.0	0.0612957062661
chr9	19400000	19500000	30221	1898.0	0.0628040104563
chr9	19500000	19600000	2964	220.0	0.0742240215924
chr9	19600000	19700000	0	0.0	NA
chr9	19700000	19800000	8851	429.0	0.0484690995368
chr9	19800000	19900000	66243	3482.0	0.0525640445028
chr9	19900000	20000000	74294	3965.0	0.0533690472986
chr9	20000000	20100000	79931	4408.0	0.0551475647746
chr9	20100000	20200000	69837	3784.0	0.0541833125707
chr9	20200000	20300000	80244	4555.0	0.0567643686755
chr9	20300000	20400000	37329	1996.0	0.0534704921107
chr9	20400000	20500000	0	0.0	NA
chr9	20500000	20600000	0	0.0	NA
chr9	20600000	20700000	28011	1543.0	0.0550855021242
chr9	20700000	20800000	0	0.0	NA
chr9	20800000	20900000	0	0.0	NA
chr9	20900000	21000000	3381	151.0	0.044661342798
chr9	21000000	21100000	55249	3083.0	0.0558019149668
chr9	21100000	21200000	59692	3895.0	0.0652516250084
chr9	21200000	21300000	8514	1073.0	0.126027719051
chr9	21300000	21400000	53687	3799.0	0.070762009425
chr9	21400000	21500000	40418	2473.0	0.0611856103716
chr9	21500000	21600000	37126	1960.0	0.0527931907558
chr9	21600000	21700000	71139	4070.0	0.0572119371934
chr9	21700000	21800000	78773	4356.0	0.0552981351478
chr9	21800000	21900000	2239	131.0	0.0585082626172
chr9	21900000	22000000	0	0.0	NA
chr9	22000000	22100000	0	0.0	NA
chr9	22100000	22200000	56535	2907.0	0.0514194746617
chr9	22200000	22300000	64896	3595.0	0.05539632643
chr9	22300000	22400000	77304	4214.0	0.0545120562972
chr9	22400000	22500000	61948	3702.0	0.0597597985407
chr9	22500000	22600000	63213	3594.0	0.056855393669
chr9	22600000	22700000	40321	2270.0	0.0562982068897
chr9	22700000	22800000	0	0.0	NA
chr9	22800000	22900000	0	0.0	NA
chr9	22900000	23000000	0	0.0	NA
chr9	23000000	23100000	0	0.0	NA
chr9	23100000	23200000	0	0.0	NA
chr9	23200000	23300000	0	0.0	NA
chr9	23300000	23400000	0	0.0	NA
chr9	23400000	23500000	50836	2876.0	0.0565740813597
chr9	23500000	23600000	685	37.0	0.0540145985401
chr9	23600000	23700000	15076	916.0	0.0607588219687
chr9	23700000	23800000	0	0.0	NA
chr9	23800000	23900000	29480	1786.0	0.0605834464043
chr9	23900000	24000000	55661	3560.0	0.0639586065647
chr9	24000000	24100000	83746	4704.0	0.0561698469181
chr9	24100000	24200000	70108	4172.0	0.0595081873681
chr9	24200000	24300000	73966	4380.0	0.0592163967228
chr9	24300000	24400000	82470	5033.0	0.061028252698
chr9	24400000	24500000	83555	4996.0	0.059792950751
chr9	24500000	24600000	42353	2557.0	0.060373527259
chr9	24600000	24700000	73187	4520.0	0.0617596021151
chr9	24700000	24800000	77540	5294.0	0.0682744389992
chr9	24800000	24900000	79011	5150.0	0.0651807976105
chr9	24900000	25000000	80064	4934.0	0.0616256994404
chr9	25000000	25100000	65373	4062.0	0.0621357441145
chr9	25100000	25200000	71026	4408.0	0.0620617801932
chr9	25200000	25300000	74022	4588.0	0.0619815730459
chr9	25300000	25400000	57248	3465.0	0.0605261319173
chr9	25400000	25500000	70048	3977.0	0.0567753540429
chr9	25500000	25600000	86435	4999.0	0.0578353676173
chr9	25600000	25700000	70202	4088.0	0.0582319592034
chr9	25700000	25800000	59054	3455.0	0.058505774376
chr9	25800000	25900000	74825	4370.0	0.0584029401938
chr9	25900000	26000000	58142	3624.0	0.0623301572013
chr9	26000000	26100000	55289	3086.0	0.0558158042287
chr9	26100000	26200000	73145	4101.0	0.0560667167954
chr9	26200000	26300000	78356	4432.0	0.0565623564245
chr9	26300000	26400000	72501	3979.0	0.0548820016276
chr9	26400000	26500000	70448	3794.0	0.0538553259141
chr9	26500000	26600000	80277	4543.0	0.0565915517521
chr9	26600000	26700000	83180	4414.0	0.053065640779
chr9	26700000	26800000	40549	2148.0	0.0529729463119
chr9	26800000	26900000	26702	1643.0	0.0615309714628
chr9	26900000	27000000	2859	157.0	0.0549143057013
chr9	27000000	27100000	27981	1553.0	0.0555019477503
chr9	27100000	27200000	5184	270.0	0.0520833333333
chr9	27200000	27300000	7782	474.0	0.0609097918273
chr9	27300000	27400000	15743	945.0	0.0600266785238
chr9	27400000	27500000	0	0.0	NA
chr9	27500000	27600000	23091	1345.0	0.058247802174
chr9	27600000	27700000	68104	3897.0	0.0572213085869
chr9	27700000	27800000	74180	3986.0	0.053734160151
chr9	27800000	27900000	67082	3891.0	0.0580036373394
chr9	27900000	28000000	20682	1094.0	0.0528962382748
chr9	28000000	28100000	0	0.0	NA
chr9	28100000	28200000	0	0.0	NA
chr9	28200000	28300000	0	0.0	NA
chr9	28300000	28400000	0	0.0	NA
chr9	28400000	28500000	0	0.0	NA
chr9	28500000	28600000	0	0.0	NA
chr9	28600000	28700000	0	0.0	NA
chr9	28700000	28800000	0	0.0	NA
chr9	28800000	28900000	0	0.0	NA
chr9	28900000	29000000	0	0.0	NA
chr9	29000000	29100000	0	0.0	NA
chr9	29100000	29200000	0	0.0	NA
chr9	29200000	29300000	67154	3921.0	0.0583881823868
chr9	29300000	29400000	71105	4274.0	0.0601082905562
chr9	29400000	29500000	77183	4671.0	0.0605185079616
chr9	29500000	29600000	77324	4789.0	0.061934198955
chr9	29600000	29700000	81686	5643.0	0.069081605171
chr9	29700000	29800000	75679	4982.0	0.0658306795809
chr9	29800000	29900000	76023	4664.0	0.0613498546493
chr9	29900000	30000000	70196	4434.0	0.0631659923642
chr9	30000000	30100000	72536	4415.0	0.0608663284438
chr9	30100000	30200000	71178	4439.0	0.0623647756329
chr9	30200000	30300000	81866	4996.0	0.0610265555908
chr9	30300000	30400000	66027	3922.0	0.0593999424478
chr9	30400000	30500000	0	0.0	NA
chr9	30500000	30600000	15383	1018.0	0.0661769485796
chr9	30600000	30700000	81309	4756.0	0.058492909764
chr9	30700000	30800000	79278	4910.0	0.0619339539343
chr9	30800000	30900000	77711	4867.0	0.0626294861731
chr9	30900000	31000000	85781	5145.0	0.0599783168767
chr9	31000000	31100000	58181	3469.0	0.0596242759664
chr9	31100000	31200000	61076	3643.0	0.0596469971838
chr9	31200000	31300000	63002	3839.0	0.0609345735056
chr9	31300000	31400000	36352	2013.0	0.0553752200704
chr9	31400000	31500000	79159	4631.0	0.0585025076113
chr9	31500000	31600000	78535	4479.0	0.0570318966066
chr9	31600000	31700000	86780	4784.0	0.0551279096566
chr9	31700000	31800000	77091	4556.0	0.0590989869116
chr9	31800000	31900000	77729	4401.0	0.0566197944139
chr9	31900000	32000000	52327	2987.0	0.0570833412961
chr9	32000000	32100000	71201	3986.0	0.0559823597983
chr9	32100000	32200000	62979	3444.0	0.054684894965
chr9	32200000	32300000	71032	3962.0	0.0557776776664
chr9	32300000	32400000	66532	3620.0	0.0544099080142
chr9	32400000	32500000	175	9.0	0.0514285714286
chr9	32500000	32600000	30953	1612.0	0.0520789584208
chr9	32600000	32700000	58457	3255.0	0.055681954257
chr9	32700000	32800000	63993	3601.0	0.0562717797259
chr9	32800000	32900000	79110	4224.0	0.0533940083428
chr9	32900000	33000000	47474	2627.0	0.0553355520917
chr9	33000000	33100000	24434	1447.0	0.0592207579602
chr9	33100000	33200000	17769	1024.0	0.0576284540492
chr9	33200000	33300000	19792	1092.0	0.055173807599
chr9	33300000	33400000	7284	422.0	0.0579352004393
chr9	33400000	33500000	32526	2111.0	0.0649019246142
chr9	33500000	33600000	939	114.0	0.121405750799
chr9	33600000	33700000	31745	2354.0	0.0741534099858
chr9	33700000	33800000	13725	1018.0	0.0741712204007
chr9	33800000	33900000	0	0.0	NA
chr9	33900000	34000000	666	32.0	0.048048048048
chr9	34000000	34100000	10628	585.0	0.0550432818969
chr9	34100000	34200000	10757	622.0	0.057822813052
chr9	34200000	34300000	0	0.0	NA
chr9	34300000	34400000	9664	497.0	0.0514279801325
chr9	34400000	34500000	0	0.0	NA
chr9	34500000	34600000	21739	1223.0	0.05625833755
chr9	34600000	34700000	32584	1641.0	0.0503621409281
chr9	34700000	34800000	54373	2954.0	0.0543284350689
chr9	34800000	34900000	45684	2294.0	0.0502145171176
chr9	34900000	35000000	35236	1709.0	0.0485015325236
chr9	35000000	35100000	20067	1108.0	0.0552150296507
chr9	35100000	35200000	10561	924.0	0.0874917147997
chr9	35200000	35300000	0	0.0	NA
chr9	35300000	35400000	0	0.0	NA
chr9	35400000	35500000	5675	354.0	0.0623788546256
chr9	35500000	35600000	18074	1063.0	0.0588137656302
chr9	35600000	35700000	12635	675.0	0.0534230312624
chr9	35700000	35800000	10947	514.0	0.0469535032429
chr9	35800000	35900000	23678	1168.0	0.049328490582
chr9	35900000	36000000	62031	3528.0	0.0568747884122
chr9	36000000	36100000	28006	1602.0	0.0572020281368
chr9	36100000	36200000	14589	818.0	0.0560696415107
chr9	36200000	36300000	12623	676.0	0.053553038105
chr9	36300000	36400000	16738	1120.0	0.0669136097503
chr9	36400000	36500000	53526	2765.0	0.0516571385869
chr9	36500000	36600000	23493	1299.0	0.0552930660197
chr9	36600000	36700000	13219	665.0	0.0503063771844
chr9	36700000	36800000	81417	4680.0	0.0574818526843
chr9	36800000	36900000	30906	1788.0	0.0578528441079
chr9	36900000	37000000	0	0.0	NA
chr9	37000000	37100000	25425	1504.0	0.0591543756146
chr9	37100000	37200000	7280	475.0	0.0652472527473
chr9	37200000	37300000	0	0.0	NA
chr9	37300000	37400000	27475	1473.0	0.0536123748863
chr9	37400000	37500000	19618	1317.0	0.0671322255072
chr9	37500000	37600000	1981	128.0	0.0646138313983
chr9	37600000	37700000	0	0.0	NA
chr9	37700000	37800000	0	0.0	NA
chr9	37800000	37900000	0	0.0	NA
chr9	37900000	38000000	0	0.0	NA
chr9	38000000	38100000	23056	1395.0	0.0605048577377
chr9	38100000	38200000	78866	4584.0	0.0581239063728
chr9	38200000	38300000	77794	4202.0	0.054014448415
chr9	38300000	38400000	62649	3579.0	0.0571278073074
chr9	38400000	38500000	50089	3026.0	0.0604124658109
chr9	38500000	38600000	2550	194.0	0.0760784313725
chr9	38600000	38700000	32861	2288.0	0.0696266090502
chr9	38700000	38800000	35653	2226.0	0.062435138698
chr9	38800000	38900000	0	0.0	NA
chr9	38900000	39000000	0	0.0	NA
chr9	39000000	39100000	0	0.0	NA
chr9	39100000	39200000	0	0.0	NA
chr9	39200000	39300000	0	0.0	NA
chr9	39300000	39400000	0	0.0	NA
chr9	39400000	39500000	0	0.0	NA
chr9	39500000	39600000	0	0.0	NA
chr9	39600000	39700000	0	0.0	NA
chr9	39700000	39800000	0	0.0	NA
chr9	39800000	39900000	0	0.0	NA
chr9	39900000	40000000	0	0.0	NA
chr9	40000000	40100000	0	0.0	NA
chr9	40100000	40200000	0	0.0	NA
chr9	40200000	40300000	0	0.0	NA
chr9	40300000	40400000	0	0.0	NA
chr9	40400000	40500000	0	0.0	NA
chr9	40500000	40600000	0	0.0	NA
chr9	40600000	40700000	0	0.0	NA
chr9	40700000	40800000	0	0.0	NA
chr9	40800000	40900000	0	0.0	NA
chr9	40900000	41000000	0	0.0	NA
chr9	41000000	41100000	0	0.0	NA
chr9	41100000	41200000	0	0.0	NA
chr9	41200000	41300000	0	0.0	NA
chr9	41300000	41400000	0	0.0	NA
chr9	41400000	41500000	0	0.0	NA
chr9	41500000	41600000	0	0.0	NA
chr9	41600000	41700000	0	0.0	NA
chr9	41700000	41800000	0	0.0	NA
chr9	41800000	41900000	0	0.0	NA
chr9	41900000	42000000	0	0.0	NA
chr9	42000000	42100000	0	0.0	NA
chr9	42100000	42200000	0	0.0	NA
chr9	42200000	42300000	0	0.0	NA
chr9	42300000	42400000	0	0.0	NA
chr9	42400000	42500000	0	0.0	NA
chr9	42500000	42600000	0	0.0	NA
chr9	42600000	42700000	0	0.0	NA
chr9	42700000	42800000	0	0.0	NA
chr9	42800000	42900000	0	0.0	NA
chr9	42900000	43000000	0	0.0	NA
chr9	43000000	43100000	0	0.0	NA
chr9	43100000	43200000	0	0.0	NA
chr9	43200000	43300000	0	0.0	NA
chr9	43300000	43400000	0	0.0	NA
chr9	43400000	43500000	0	0.0	NA
chr9	43500000	43600000	652	46.0	0.0705521472393
chr9	43600000	43700000	595	43.0	0.072268907563
chr9	43700000	43800000	0	0.0	NA
chr9	43800000	43900000	0	0.0	NA
chr9	43900000	44000000	0	0.0	NA
chr9	44000000	44100000	0	0.0	NA
chr9	44100000	44200000	405	43.0	0.106172839506
chr9	44200000	44300000	898	103.0	0.114699331849
chr9	44300000	44400000	0	0.0	NA
chr9	44400000	44500000	0	0.0	NA
chr9	44500000	44600000	0	0.0	NA
chr9	44600000	44700000	0	0.0	NA
chr9	44700000	44800000	48	2.0	0.0416666666667
chr9	44800000	44900000	959	172.0	0.179353493222
chr9	44900000	45000000	16	2.0	0.125
chr9	45000000	45100000	0	0.0	NA
chr9	45100000	45200000	0	0.0	NA
chr9	45200000	45300000	0	0.0	NA
chr9	45300000	45400000	0	0.0	NA
chr9	45400000	45500000	0	0.0	NA
chr9	45500000	45600000	0	0.0	NA
chr9	45600000	45700000	0	0.0	NA
chr9	45700000	45800000	0	0.0	NA
chr9	45800000	45900000	0	0.0	NA
chr9	45900000	46000000	0	0.0	NA
chr9	46000000	46100000	0	0.0	NA
chr9	46100000	46200000	0	0.0	NA
chr9	46200000	46300000	0	0.0	NA
chr9	46300000	46400000	0	0.0	NA
chr9	46400000	46500000	0	0.0	NA
chr9	46500000	46600000	0	0.0	NA
chr9	46600000	46700000	0	0.0	NA
chr9	46700000	46800000	0	0.0	NA
chr9	46800000	46900000	0	0.0	NA
chr9	46900000	47000000	0	0.0	NA
chr9	47000000	47100000	0	0.0	NA
chr9	47100000	47200000	0	0.0	NA
chr9	47200000	47300000	0	0.0	NA
chr9	47300000	47400000	0	0.0	NA
chr9	47400000	47500000	0	0.0	NA
chr9	47500000	47600000	0	0.0	NA
chr9	47600000	47700000	0	0.0	NA
chr9	47700000	47800000	0	0.0	NA
chr9	47800000	47900000	0	0.0	NA
chr9	47900000	48000000	0	0.0	NA
chr9	48000000	48100000	0	0.0	NA
chr9	48100000	48200000	0	0.0	NA
chr9	48200000	48300000	0	0.0	NA
chr9	48300000	48400000	0	0.0	NA
chr9	48400000	48500000	0	0.0	NA
chr9	48500000	48600000	0	0.0	NA
chr9	48600000	48700000	0	0.0	NA
chr9	48700000	48800000	0	0.0	NA
chr9	48800000	48900000	0	0.0	NA
chr9	48900000	49000000	0	0.0	NA
chr9	49000000	49100000	0	0.0	NA
chr9	49100000	49200000	0	0.0	NA
chr9	49200000	49300000	0	0.0	NA
chr9	49300000	49400000	0	0.0	NA
chr9	49400000	49500000	0	0.0	NA
chr9	49500000	49600000	0	0.0	NA
chr9	49600000	49700000	0	0.0	NA
chr9	49700000	49800000	0	0.0	NA
chr9	49800000	49900000	0	0.0	NA
chr9	49900000	50000000	0	0.0	NA
chr9	50000000	50100000	0	0.0	NA
chr9	50100000	50200000	0	0.0	NA
chr9	50200000	50300000	0	0.0	NA
chr9	50300000	50400000	0	0.0	NA
chr9	50400000	50500000	0	0.0	NA
chr9	50500000	50600000	0	0.0	NA
chr9	50600000	50700000	0	0.0	NA
chr9	50700000	50800000	0	0.0	NA
chr9	50800000	50900000	0	0.0	NA
chr9	50900000	51000000	0	0.0	NA
chr9	51000000	51100000	0	0.0	NA
chr9	51100000	51200000	0	0.0	NA
chr9	51200000	51300000	0	0.0	NA
chr9	51300000	51400000	0	0.0	NA
chr9	51400000	51500000	0	0.0	NA
chr9	51500000	51600000	0	0.0	NA
chr9	51600000	51700000	0	0.0	NA
chr9	51700000	51800000	0	0.0	NA
chr9	51800000	51900000	0	0.0	NA
chr9	51900000	52000000	0	0.0	NA
chr9	52000000	52100000	0	0.0	NA
chr9	52100000	52200000	0	0.0	NA
chr9	52200000	52300000	0	0.0	NA
chr9	52300000	52400000	0	0.0	NA
chr9	52400000	52500000	0	0.0	NA
chr9	52500000	52600000	0	0.0	NA
chr9	52600000	52700000	0	0.0	NA
chr9	52700000	52800000	0	0.0	NA
chr9	52800000	52900000	0	0.0	NA
chr9	52900000	53000000	0	0.0	NA
chr9	53000000	53100000	0	0.0	NA
chr9	53100000	53200000	0	0.0	NA
chr9	53200000	53300000	0	0.0	NA
chr9	53300000	53400000	0	0.0	NA
chr9	53400000	53500000	0	0.0	NA
chr9	53500000	53600000	0	0.0	NA
chr9	53600000	53700000	0	0.0	NA
chr9	53700000	53800000	0	0.0	NA
chr9	53800000	53900000	0	0.0	NA
chr9	53900000	54000000	0	0.0	NA
chr9	54000000	54100000	0	0.0	NA
chr9	54100000	54200000	0	0.0	NA
chr9	54200000	54300000	0	0.0	NA
chr9	54300000	54400000	0	0.0	NA
chr9	54400000	54500000	0	0.0	NA
chr9	54500000	54600000	0	0.0	NA
chr9	54600000	54700000	0	0.0	NA
chr9	54700000	54800000	0	0.0	NA
chr9	54800000	54900000	0	0.0	NA
chr9	54900000	55000000	0	0.0	NA
chr9	55000000	55100000	0	0.0	NA
chr9	55100000	55200000	0	0.0	NA
chr9	55200000	55300000	0	0.0	NA
chr9	55300000	55400000	0	0.0	NA
chr9	55400000	55500000	0	0.0	NA
chr9	55500000	55600000	0	0.0	NA
chr9	55600000	55700000	0	0.0	NA
chr9	55700000	55800000	0	0.0	NA
chr9	55800000	55900000	0	0.0	NA
chr9	55900000	56000000	0	0.0	NA
chr9	56000000	56100000	0	0.0	NA
chr9	56100000	56200000	0	0.0	NA
chr9	56200000	56300000	0	0.0	NA
chr9	56300000	56400000	0	0.0	NA
chr9	56400000	56500000	0	0.0	NA
chr9	56500000	56600000	0	0.0	NA
chr9	56600000	56700000	0	0.0	NA
chr9	56700000	56800000	0	0.0	NA
chr9	56800000	56900000	0	0.0	NA
chr9	56900000	57000000	0	0.0	NA
chr9	57000000	57100000	0	0.0	NA
chr9	57100000	57200000	0	0.0	NA
chr9	57200000	57300000	0	0.0	NA
chr9	57300000	57400000	0	0.0	NA
chr9	57400000	57500000	0	0.0	NA
chr9	57500000	57600000	0	0.0	NA
chr9	57600000	57700000	0	0.0	NA
chr9	57700000	57800000	0	0.0	NA
chr9	57800000	57900000	0	0.0	NA
chr9	57900000	58000000	0	0.0	NA
chr9	58000000	58100000	0	0.0	NA
chr9	58100000	58200000	0	0.0	NA
chr9	58200000	58300000	0	0.0	NA
chr9	58300000	58400000	0	0.0	NA
chr9	58400000	58500000	0	0.0	NA
chr9	58500000	58600000	0	0.0	NA
chr9	58600000	58700000	0	0.0	NA
chr9	58700000	58800000	0	0.0	NA
chr9	58800000	58900000	0	0.0	NA
chr9	58900000	59000000	0	0.0	NA
chr9	59000000	59100000	0	0.0	NA
chr9	59100000	59200000	0	0.0	NA
chr9	59200000	59300000	0	0.0	NA
chr9	59300000	59400000	0	0.0	NA
chr9	59400000	59500000	0	0.0	NA
chr9	59500000	59600000	0	0.0	NA
chr9	59600000	59700000	0	0.0	NA
chr9	59700000	59800000	0	0.0	NA
chr9	59800000	59900000	0	0.0	NA
chr9	59900000	60000000	0	0.0	NA
chr9	60000000	60100000	0	0.0	NA
chr9	60100000	60200000	0	0.0	NA
chr9	60200000	60300000	0	0.0	NA
chr9	60300000	60400000	0	0.0	NA
chr9	60400000	60500000	0	0.0	NA
chr9	60500000	60600000	0	0.0	NA
chr9	60600000	60700000	0	0.0	NA
chr9	60700000	60800000	0	0.0	NA
chr9	60800000	60900000	0	0.0	NA
chr9	60900000	61000000	0	0.0	NA
chr9	61000000	61100000	0	0.0	NA
chr9	61100000	61200000	0	0.0	NA
chr9	61200000	61300000	0	0.0	NA
chr9	61300000	61400000	0	0.0	NA
chr9	61400000	61500000	0	0.0	NA
chr9	61500000	61600000	0	0.0	NA
chr9	61600000	61700000	0	0.0	NA
chr9	61700000	61800000	0	0.0	NA
chr9	61800000	61900000	0	0.0	NA
chr9	61900000	62000000	0	0.0	NA
chr9	62000000	62100000	0	0.0	NA
chr9	62100000	62200000	0	0.0	NA
chr9	62200000	62300000	0	0.0	NA
chr9	62300000	62400000	0	0.0	NA
chr9	62400000	62500000	0	0.0	NA
chr9	62500000	62600000	0	0.0	NA
chr9	62600000	62700000	0	0.0	NA
chr9	62700000	62800000	0	0.0	NA
chr9	62800000	62900000	0	0.0	NA
chr9	62900000	63000000	0	0.0	NA
chr9	63000000	63100000	0	0.0	NA
chr9	63100000	63200000	0	0.0	NA
chr9	63200000	63300000	0	0.0	NA
chr9	63300000	63400000	0	0.0	NA
chr9	63400000	63500000	0	0.0	NA
chr9	63500000	63600000	0	0.0	NA
chr9	63600000	63700000	0	0.0	NA
chr9	63700000	63800000	0	0.0	NA
chr9	63800000	63900000	0	0.0	NA
chr9	63900000	64000000	0	0.0	NA
chr9	64000000	64100000	0	0.0	NA
chr9	64100000	64200000	0	0.0	NA
chr9	64200000	64300000	0	0.0	NA
chr9	64300000	64400000	0	0.0	NA
chr9	64400000	64500000	0	0.0	NA
chr9	64500000	64600000	0	0.0	NA
chr9	64600000	64700000	0	0.0	NA
chr9	64700000	64800000	0	0.0	NA
chr9	64800000	64900000	0	0.0	NA
chr9	64900000	65000000	0	0.0	NA
chr9	65000000	65100000	0	0.0	NA
chr9	65100000	65200000	0	0.0	NA
chr9	65200000	65300000	0	0.0	NA
chr9	65300000	65400000	0	0.0	NA
chr9	65400000	65500000	0	0.0	NA
chr9	65500000	65600000	0	0.0	NA
chr9	65600000	65700000	0	0.0	NA
chr9	65700000	65800000	0	0.0	NA
chr9	65800000	65900000	0	0.0	NA
chr9	65900000	66000000	0	0.0	NA
chr9	66000000	66100000	0	0.0	NA
chr9	66100000	66200000	0	0.0	NA
chr9	66200000	66300000	0	0.0	NA
chr9	66300000	66400000	0	0.0	NA
chr9	66400000	66500000	0	0.0	NA
chr9	66500000	66600000	0	0.0	NA
chr9	66600000	66700000	0	0.0	NA
chr9	66700000	66800000	74	5.0	0.0675675675676
chr9	66800000	66900000	12	3.0	0.25
chr9	66900000	67000000	0	0.0	NA
chr9	67000000	67100000	0	0.0	NA
chr9	67100000	67200000	0	0.0	NA
chr9	67200000	67300000	0	0.0	NA
chr9	67300000	67400000	0	0.0	NA
chr9	67400000	67500000	0	0.0	NA
chr9	67500000	67600000	0	0.0	NA
chr9	67600000	67700000	0	0.0	NA
chr9	67700000	67800000	0	0.0	NA
chr9	67800000	67900000	0	0.0	NA
chr9	67900000	68000000	0	0.0	NA
chr9	68000000	68100000	0	0.0	NA
chr9	68100000	68200000	14	2.0	0.142857142857
chr9	68200000	68300000	0	0.0	NA
chr9	68300000	68400000	2	0.0	0.0
chr9	68400000	68500000	33	1.0	0.030303030303
chr9	68500000	68600000	17	3.0	0.176470588235
chr9	68600000	68700000	0	0.0	NA
chr9	68700000	68800000	0	0.0	NA
chr9	68800000	68900000	0	0.0	NA
chr9	68900000	69000000	0	0.0	NA
chr9	69000000	69100000	0	0.0	NA
chr9	69100000	69200000	0	0.0	NA
chr9	69200000	69300000	0	0.0	NA
chr9	69300000	69400000	0	0.0	NA
chr9	69400000	69500000	0	0.0	NA
chr9	69500000	69600000	0	0.0	NA
chr9	69600000	69700000	0	0.0	NA
chr9	69700000	69800000	0	0.0	NA
chr9	69800000	69900000	28	5.0	0.178571428571
chr9	69900000	70000000	0	0.0	NA
chr9	70000000	70100000	0	0.0	NA
chr9	70100000	70200000	0	0.0	NA
chr9	70200000	70300000	0	0.0	NA
chr9	70300000	70400000	0	0.0	NA
chr9	70400000	70500000	0	0.0	NA
chr9	70500000	70600000	0	0.0	NA
chr9	70600000	70700000	0	0.0	NA
chr9	70700000	70800000	0	0.0	NA
chr9	70800000	70900000	0	0.0	NA
chr9	70900000	71000000	0	0.0	NA
chr9	71000000	71100000	0	0.0	NA
chr9	71100000	71200000	4243	245.0	0.0577421635635
chr9	71200000	71300000	32872	1915.0	0.0582562667316
chr9	71300000	71400000	17496	957.0	0.0546982167353
chr9	71400000	71500000	0	0.0	NA
chr9	71500000	71600000	0	0.0	NA
chr9	71600000	71700000	15827	843.0	0.0532634106274
chr9	71700000	71800000	0	0.0	NA
chr9	71800000	71900000	16848	1013.0	0.0601258309592
chr9	71900000	72000000	5314	320.0	0.060218291306
chr9	72000000	72100000	15762	1029.0	0.0652835934526
chr9	72100000	72200000	0	0.0	NA
chr9	72200000	72300000	6479	332.0	0.0512424756907
chr9	72300000	72400000	37733	2067.0	0.0547796358625
chr9	72400000	72500000	25504	1480.0	0.0580301129235
chr9	72500000	72600000	53721	2914.0	0.0542432195976
chr9	72600000	72700000	48260	2628.0	0.0544550352259
chr9	72700000	72800000	0	0.0	NA
chr9	72800000	72900000	0	0.0	NA
chr9	72900000	73000000	18559	1006.0	0.0542055067622
chr9	73000000	73100000	49950	2813.0	0.0563163163163
chr9	73100000	73200000	33119	1962.0	0.0592409191099
chr9	73200000	73300000	0	0.0	NA
chr9	73300000	73400000	0	0.0	NA
chr9	73400000	73500000	0	0.0	NA
chr9	73500000	73600000	0	0.0	NA
chr9	73600000	73700000	0	0.0	NA
chr9	73700000	73800000	0	0.0	NA
chr9	73800000	73900000	0	0.0	NA
chr9	73900000	74000000	0	0.0	NA
chr9	74000000	74100000	30921	1590.0	0.0514213641215
chr9	74100000	74200000	83477	4573.0	0.0547815565964
chr9	74200000	74300000	76143	4302.0	0.0564989559119
chr9	74300000	74400000	10567	695.0	0.0657707958739
chr9	74400000	74500000	50458	2914.0	0.0577510008324
chr9	74500000	74600000	0	0.0	NA
chr9	74600000	74700000	36044	2200.0	0.0610365109311
chr9	74700000	74800000	8220	440.0	0.0535279805353
chr9	74800000	74900000	21151	1324.0	0.0625975131199
chr9	74900000	75000000	28522	1701.0	0.0596381740411
chr9	75000000	75100000	68299	3828.0	0.0560476727331
chr9	75100000	75200000	22178	1287.0	0.0580304806565
chr9	75200000	75300000	0	0.0	NA
chr9	75300000	75400000	0	0.0	NA
chr9	75400000	75500000	30149	1887.0	0.0625891406017
chr9	75500000	75600000	12878	762.0	0.0591706786768
chr9	75600000	75700000	3387	200.0	0.0590493061707
chr9	75700000	75800000	63681	3864.0	0.0606774391106
chr9	75800000	75900000	78594	4621.0	0.0587958368323
chr9	75900000	76000000	82406	4959.0	0.0601776569667
chr9	76000000	76100000	89870	5306.0	0.0590408367642
chr9	76100000	76200000	75565	4608.0	0.0609806127175
chr9	76200000	76300000	81396	4917.0	0.0604083738759
chr9	76300000	76400000	85610	5180.0	0.0605069501226
chr9	76400000	76500000	75313	4329.0	0.0574801163146
chr9	76500000	76600000	68704	4160.0	0.0605496040987
chr9	76600000	76700000	73462	4515.0	0.061460346846
chr9	76700000	76800000	73839	4416.0	0.0598057936863
chr9	76800000	76900000	67059	3907.0	0.0582621273804
chr9	76900000	77000000	72752	4224.0	0.0580602595118
chr9	77000000	77100000	75961	4426.0	0.058266742144
chr9	77100000	77200000	0	0.0	NA
chr9	77200000	77300000	0	0.0	NA
chr9	77300000	77400000	23455	1226.0	0.0522703048391
chr9	77400000	77500000	0	0.0	NA
chr9	77500000	77600000	34096	2040.0	0.0598310652276
chr9	77600000	77700000	18730	1067.0	0.0569674319274
chr9	77700000	77800000	25065	1335.0	0.0532615200479
chr9	77800000	77900000	59217	3771.0	0.0636810375399
chr9	77900000	78000000	45814	3077.0	0.0671628759768
chr9	78000000	78100000	68224	4226.0	0.061943011257
chr9	78100000	78200000	16539	954.0	0.0576818429167
chr9	78200000	78300000	0	0.0	NA
chr9	78300000	78400000	36703	2357.0	0.0642181837997
chr9	78400000	78500000	78034	4484.0	0.0574621318912
chr9	78500000	78600000	4086	199.0	0.0487028879099
chr9	78600000	78700000	0	0.0	NA
chr9	78700000	78800000	0	0.0	NA
chr9	78800000	78900000	0	0.0	NA
chr9	78900000	79000000	15822	955.0	0.0603589938061
chr9	79000000	79100000	11945	712.0	0.0596065299288
chr9	79100000	79200000	52304	3158.0	0.0603777913735
chr9	79200000	79300000	20530	1274.0	0.0620555284949
chr9	79300000	79400000	0	0.0	NA
chr9	79400000	79500000	0	0.0	NA
chr9	79500000	79600000	57070	3439.0	0.0602593306466
chr9	79600000	79700000	49776	2916.0	0.0585824493732
chr9	79700000	79800000	53030	3232.0	0.0609466339808
chr9	79800000	79900000	0	0.0	NA
chr9	79900000	80000000	0	0.0	NA
chr9	80000000	80100000	1287	68.0	0.0528360528361
chr9	80100000	80200000	0	0.0	NA
chr9	80200000	80300000	23276	1421.0	0.0610500085925
chr9	80300000	80400000	9364	594.0	0.0634344297309
chr9	80400000	80500000	0	0.0	NA
chr9	80500000	80600000	0	0.0	NA
chr9	80600000	80700000	31193	1750.0	0.0561023306511
chr9	80700000	80800000	66162	3859.0	0.0583265318461
chr9	80800000	80900000	26532	1614.0	0.0608322026232
chr9	80900000	81000000	48484	2915.0	0.0601229271512
chr9	81000000	81100000	67085	3823.0	0.0569874040397
chr9	81100000	81200000	85559	4793.0	0.0560198225786
chr9	81200000	81300000	83704	4713.0	0.0563055529007
chr9	81300000	81400000	84847	4943.0	0.0582578052259
chr9	81400000	81500000	81785	4500.0	0.0550223146054
chr9	81500000	81600000	87557	4911.0	0.0560891761938
chr9	81600000	81700000	84653	4848.0	0.0572690867423
chr9	81700000	81800000	59977	3310.0	0.0551878219984
chr9	81800000	81900000	90914	4867.0	0.0535341091581
chr9	81900000	82000000	89438	5377.0	0.0601198595675
chr9	82000000	82100000	83657	5019.0	0.0599949794996
chr9	82100000	82200000	50133	2779.0	0.0554325494185
chr9	82200000	82300000	0	0.0	NA
chr9	82300000	82400000	48120	2687.0	0.0558395677473
chr9	82400000	82500000	35305	1774.0	0.0502478402493
chr9	82500000	82600000	0	0.0	NA
chr9	82600000	82700000	46374	2577.0	0.0555699314271
chr9	82700000	82800000	72164	4351.0	0.0602932209966
chr9	82800000	82900000	61005	3752.0	0.0615031554791
chr9	82900000	83000000	73231	4482.0	0.0612035886442
chr9	83000000	83100000	78541	4675.0	0.0595230516545
chr9	83100000	83200000	75175	4478.0	0.059567675424
chr9	83200000	83300000	70267	4128.0	0.0587473493959
chr9	83300000	83400000	75244	4456.0	0.0592206687576
chr9	83400000	83500000	70520	4020.0	0.0570051049348
chr9	83500000	83600000	75482	4486.0	0.0594313876156
chr9	83600000	83700000	78726	4417.0	0.0561059878566
chr9	83700000	83800000	77640	4605.0	0.0593122102009
chr9	83800000	83900000	71553	4198.0	0.0586697972133
chr9	83900000	84000000	69696	3855.0	0.0553116391185
chr9	84000000	84100000	79570	4263.0	0.0535754681413
chr9	84100000	84200000	62800	3283.0	0.0522770700637
chr9	84200000	84300000	0	0.0	NA
chr9	84300000	84400000	4866	294.0	0.0604192355117
chr9	84400000	84500000	58398	2997.0	0.0513202506935
chr9	84500000	84600000	27114	1583.0	0.0583831231098
chr9	84600000	84700000	69442	3742.0	0.0538866968117
chr9	84700000	84800000	79159	4059.0	0.0512765446759
chr9	84800000	84900000	73292	4080.0	0.0556677399989
chr9	84900000	85000000	85669	4676.0	0.0545821709136
chr9	85000000	85100000	67499	3361.0	0.0497933302716
chr9	85100000	85200000	74202	3861.0	0.0520336379073
chr9	85200000	85300000	83038	4471.0	0.0538428189504
chr9	85300000	85400000	67106	3652.0	0.0544213632164
chr9	85400000	85500000	84471	4784.0	0.056634821418
chr9	85500000	85600000	76354	4198.0	0.0549807475705
chr9	85600000	85700000	19496	1061.0	0.0544214197784
chr9	85700000	85800000	74424	4234.0	0.0568902504568
chr9	85800000	85900000	36178	2210.0	0.0610868483609
chr9	85900000	86000000	0	0.0	NA
chr9	86000000	86100000	0	0.0	NA
chr9	86100000	86200000	37481	2184.0	0.0582695232251
chr9	86200000	86300000	34167	2077.0	0.0607896508327
chr9	86300000	86400000	17047	952.0	0.055845603332
chr9	86400000	86500000	0	0.0	NA
chr9	86500000	86600000	11735	671.0	0.0571793779293
chr9	86600000	86700000	33373	1863.0	0.0558235699518
chr9	86700000	86800000	68903	3668.0	0.0532342568538
chr9	86800000	86900000	65823	3718.0	0.0564848153381
chr9	86900000	87000000	11663	773.0	0.0662779730773
chr9	87000000	87100000	68853	4306.0	0.0625390324314
chr9	87100000	87200000	70748	4256.0	0.0601571775881
chr9	87200000	87300000	66089	4026.0	0.060917853198
chr9	87300000	87400000	0	0.0	NA
chr9	87400000	87500000	0	0.0	NA
chr9	87500000	87600000	0	0.0	NA
chr9	87600000	87700000	44759	2553.0	0.0570388078375
chr9	87700000	87800000	81771	4749.0	0.058076824302
chr9	87800000	87900000	81553	4958.0	0.0607948205461
chr9	87900000	88000000	61168	3931.0	0.0642656290871
chr9	88000000	88100000	68969	4257.0	0.0617233829692
chr9	88100000	88200000	51593	3117.0	0.0604151726009
chr9	88200000	88300000	0	0.0	NA
chr9	88300000	88400000	5074	316.0	0.0622782814348
chr9	88400000	88500000	12183	785.0	0.0644340474432
chr9	88500000	88600000	36481	2209.0	0.0605520681999
chr9	88600000	88700000	561	44.0	0.078431372549
chr9	88700000	88800000	0	0.0	NA
chr9	88800000	88900000	1533	77.0	0.0502283105023
chr9	88900000	89000000	16635	1091.0	0.0655846107604
chr9	89000000	89100000	67245	4195.0	0.0623838203584
chr9	89100000	89200000	68535	4315.0	0.0629605311155
chr9	89200000	89300000	32097	1764.0	0.0549584073278
chr9	89300000	89400000	72536	4358.0	0.0600805117459
chr9	89400000	89500000	81056	5044.0	0.0622285827083
chr9	89500000	89600000	47101	2872.0	0.0609753508418
chr9	89600000	89700000	29981	1808.0	0.0603048597445
chr9	89700000	89800000	67177	3869.0	0.0575941170341
chr9	89800000	89900000	47449	2777.0	0.0585259963329
chr9	89900000	90000000	68824	4249.0	0.061737184703
chr9	90000000	90100000	48994	2926.0	0.0597215985631
chr9	90100000	90200000	4963	302.0	0.060850292162
chr9	90200000	90300000	0	0.0	NA
chr9	90300000	90400000	34323	2342.0	0.0682341287184
chr9	90400000	90500000	54566	4130.0	0.0756881574607
chr9	90500000	90600000	20281	1277.0	0.0629653370149
chr9	90600000	90700000	33278	2137.0	0.0642165995553
chr9	90700000	90800000	45778	2819.0	0.0615797981563
chr9	90800000	90900000	61843	3823.0	0.0618178290186
chr9	90900000	91000000	41261	2585.0	0.0626499600107
chr9	91000000	91100000	6547	443.0	0.0676645791966
chr9	91100000	91200000	28794	1830.0	0.0635549072723
chr9	91200000	91300000	43084	2776.0	0.0644322718411
chr9	91300000	91400000	74782	4900.0	0.0655237891471
chr9	91400000	91500000	76163	4822.0	0.0633115817392
chr9	91500000	91600000	69587	4271.0	0.0613764065127
chr9	91600000	91700000	5749	361.0	0.0627935293094
chr9	91700000	91800000	5483	256.0	0.046689768375
chr9	91800000	91900000	76964	4453.0	0.0578582194273
chr9	91900000	92000000	17631	1229.0	0.0697067664908
chr9	92000000	92100000	0	0.0	NA
chr9	92100000	92200000	62763	4220.0	0.0672370664245
chr9	92200000	92300000	46572	3198.0	0.0686678691059
chr9	92300000	92400000	6260	401.0	0.0640575079872
chr9	92400000	92500000	37410	2377.0	0.0635391606522
chr9	92500000	92600000	5253	393.0	0.0748143917761
chr9	92600000	92700000	15836	1081.0	0.0682621874211
chr9	92700000	92800000	51761	3573.0	0.0690288054713
chr9	92800000	92900000	79049	5218.0	0.0660096901922
chr9	92900000	93000000	46257	2968.0	0.0641632617766
chr9	93000000	93100000	44129	2770.0	0.0627705137211
chr9	93100000	93200000	3968	275.0	0.0693044354839
chr9	93200000	93300000	19813	1369.0	0.0690960480493
chr9	93300000	93400000	24707	1618.0	0.0654875136601
chr9	93400000	93500000	50913	3456.0	0.0678805020329
chr9	93500000	93600000	33796	2064.0	0.0610723162504
chr9	93600000	93700000	24506	1766.0	0.0720639843304
chr9	93700000	93800000	71869	4556.0	0.0633931180342
chr9	93800000	93900000	54595	3433.0	0.0628812162286
chr9	93900000	94000000	18833	1161.0	0.0616471087984
chr9	94000000	94100000	0	0.0	NA
chr9	94100000	94200000	43586	2646.0	0.0607075666498
chr9	94200000	94300000	74925	4437.0	0.0592192192192
chr9	94300000	94400000	18380	1116.0	0.060718171926
chr9	94400000	94500000	0	0.0	NA
chr9	94500000	94600000	0	0.0	NA
chr9	94600000	94700000	0	0.0	NA
chr9	94700000	94800000	39060	2386.0	0.0610855094726
chr9	94800000	94900000	8160	539.0	0.0660539215686
chr9	94900000	95000000	17523	1197.0	0.0683102208526
chr9	95000000	95100000	2659	156.0	0.0586686724332
chr9	95100000	95200000	0	0.0	NA
chr9	95200000	95300000	0	0.0	NA
chr9	95300000	95400000	0	0.0	NA
chr9	95400000	95500000	13262	835.0	0.0629618458754
chr9	95500000	95600000	20141	1296.0	0.0643463581749
chr9	95600000	95700000	14269	1670.0	0.117036933212
chr9	95700000	95800000	6467	471.0	0.0728312973558
chr9	95800000	95900000	25017	1730.0	0.0691529759763
chr9	95900000	96000000	28510	1935.0	0.0678709224833
chr9	96000000	96100000	0	0.0	NA
chr9	96100000	96200000	34084	1996.0	0.0585612017369
chr9	96200000	96300000	1293	70.0	0.0541376643465
chr9	96300000	96400000	6084	363.0	0.0596646942801
chr9	96400000	96500000	49305	3048.0	0.0618192881047
chr9	96500000	96600000	51691	3138.0	0.0607068928827
chr9	96600000	96700000	76539	4772.0	0.0623473000692
chr9	96700000	96800000	54456	3148.0	0.0578081386808
chr9	96800000	96900000	10566	515.0	0.0487412455044
chr9	96900000	97000000	33534	1967.0	0.058656885549
chr9	97000000	97100000	11231	548.0	0.0487935179414
chr9	97100000	97200000	0	0.0	NA
chr9	97200000	97300000	10850	1231.0	0.113456221198
chr9	97300000	97400000	6095	751.0	0.123215750615
chr9	97400000	97500000	43100	2926.0	0.0678886310905
chr9	97500000	97600000	0	0.0	NA
chr9	97600000	97700000	0	0.0	NA
chr9	97700000	97800000	0	0.0	NA
chr9	97800000	97900000	10182	931.0	0.0914358672167
chr9	97900000	98000000	0	0.0	NA
chr9	98000000	98100000	10515	690.0	0.0656205420827
chr9	98100000	98200000	62265	4061.0	0.0652212318317
chr9	98200000	98300000	17743	1223.0	0.0689285915572
chr9	98300000	98400000	69808	5174.0	0.074117579647
chr9	98400000	98500000	28474	1745.0	0.0612839783662
chr9	98500000	98600000	17042	1167.0	0.0684778781833
chr9	98600000	98700000	0	0.0	NA
chr9	98700000	98800000	0	0.0	NA
chr9	98800000	98900000	43117	2854.0	0.0661919892386
chr9	98900000	99000000	73292	5003.0	0.0682612017683
chr9	99000000	99100000	0	0.0	NA
chr9	99100000	99200000	9110	603.0	0.0661909989023
chr9	99200000	99300000	13958	981.0	0.0702822753976
chr9	99300000	99400000	8075	442.0	0.0547368421053
chr9	99400000	99500000	10216	637.0	0.0623531714957
chr9	99500000	99600000	19280	1108.0	0.057468879668
chr9	99600000	99700000	10923	640.0	0.0585919619152
chr9	99700000	99800000	1458	103.0	0.0706447187929
chr9	99800000	99900000	13702	1124.0	0.0820318201722
chr9	99900000	100000000	6599	787.0	0.119260494014
chr9	100000000	100100000	0	0.0	NA
chr9	100100000	100200000	22234	1212.0	0.0545111091122
chr9	100200000	100300000	2558	123.0	0.0480844409695
chr9	100300000	100400000	0	0.0	NA
chr9	100400000	100500000	31895	1829.0	0.0573444113497
chr9	100500000	100600000	74737	4160.0	0.0556618542355
chr9	100600000	100700000	41608	2324.0	0.0558546433378
chr9	100700000	100800000	36764	1928.0	0.0524426068981
chr9	100800000	100900000	7364	442.0	0.0600217273221
chr9	100900000	101000000	3571	219.0	0.0613273592831
chr9	101000000	101100000	17719	958.0	0.0540662565608
chr9	101100000	101200000	0	0.0	NA
chr9	101200000	101300000	0	0.0	NA
chr9	101300000	101400000	0	0.0	NA
chr9	101400000	101500000	15392	861.0	0.0559381496881
chr9	101500000	101600000	7399	391.0	0.0528449790512
chr9	101600000	101700000	54428	3160.0	0.0580583523187
chr9	101700000	101800000	5373	326.0	0.0606737390657
chr9	101800000	101900000	28746	1559.0	0.0542336325054
chr9	101900000	102000000	55331	3115.0	0.0562975547162
chr9	102000000	102100000	79899	4310.0	0.0539431031677
chr9	102100000	102200000	63279	3449.0	0.0545046539926
chr9	102200000	102300000	79481	4114.0	0.0517607981782
chr9	102300000	102400000	43926	2328.0	0.0529982242863
chr9	102400000	102500000	0	0.0	NA
chr9	102500000	102600000	0	0.0	NA
chr9	102600000	102700000	15439	791.0	0.0512338882052
chr9	102700000	102800000	4587	206.0	0.0449095269239
chr9	102800000	102900000	0	0.0	NA
chr9	102900000	103000000	0	0.0	NA
chr9	103000000	103100000	0	0.0	NA
chr9	103100000	103200000	22229	1298.0	0.0583921903819
chr9	103200000	103300000	0	0.0	NA
chr9	103300000	103400000	35301	1939.0	0.054927622447
chr9	103400000	103500000	64486	3834.0	0.0594547653754
chr9	103500000	103600000	60812	3624.0	0.0595935012826
chr9	103600000	103700000	69355	3869.0	0.0557854516617
chr9	103700000	103800000	73751	3994.0	0.0541551978956
chr9	103800000	103900000	0	0.0	NA
chr9	103900000	104000000	0	0.0	NA
chr9	104000000	104100000	11040	649.0	0.0587862318841
chr9	104100000	104200000	26517	1454.0	0.0548327488027
chr9	104200000	104300000	22820	1303.0	0.0570990359334
chr9	104300000	104400000	4887	248.0	0.0507468794762
chr9	104400000	104500000	0	0.0	NA
chr9	104500000	104600000	74270	4338.0	0.0584085094924
chr9	104600000	104700000	80991	4842.0	0.0597844204912
chr9	104700000	104800000	73217	4596.0	0.0627723069779
chr9	104800000	104900000	67743	4606.0	0.0679922648835
chr9	104900000	105000000	69008	4613.0	0.0668473220496
chr9	105000000	105100000	69823	4604.0	0.0659381579136
chr9	105100000	105200000	59335	4175.0	0.0703631920452
chr9	105200000	105300000	52150	3399.0	0.0651773729626
chr9	105300000	105400000	0	0.0	NA
chr9	105400000	105500000	50820	3680.0	0.0724124360488
chr9	105500000	105600000	69776	5052.0	0.0724031185508
chr9	105600000	105700000	67739	4890.0	0.0721888424689
chr9	105700000	105800000	65919	4650.0	0.0705411186456
chr9	105800000	105900000	69471	4913.0	0.0707201566121
chr9	105900000	106000000	2804	152.0	0.0542082738944
chr9	106000000	106100000	10109	717.0	0.0709268968246
chr9	106100000	106200000	23912	1520.0	0.0635664101706
chr9	106200000	106300000	73043	4686.0	0.0641539914845
chr9	106300000	106400000	65704	3984.0	0.0606355777426
chr9	106400000	106500000	45086	2722.0	0.0603735084062
chr9	106500000	106600000	42205	2566.0	0.060798483592
chr9	106600000	106700000	81724	4919.0	0.0601903969458
chr9	106700000	106800000	80249	4941.0	0.0615708606961
chr9	106800000	106900000	25854	1558.0	0.0602614682448
chr9	106900000	107000000	72900	4421.0	0.0606447187929
chr9	107000000	107100000	67725	4025.0	0.0594315245478
chr9	107100000	107200000	72172	4331.0	0.0600094219365
chr9	107200000	107300000	66548	4002.0	0.0601370439382
chr9	107300000	107400000	73094	4356.0	0.0595944947602
chr9	107400000	107500000	56024	3265.0	0.0582785948879
chr9	107500000	107600000	6042	333.0	0.0551142005958
chr9	107600000	107700000	5265	308.0	0.0584995251662
chr9	107700000	107800000	56589	3221.0	0.0569191892417
chr9	107800000	107900000	58773	3576.0	0.0608442652238
chr9	107900000	108000000	67497	3860.0	0.0571877268619
chr9	108000000	108100000	5676	287.0	0.050563777308
chr9	108100000	108200000	0	0.0	NA
chr9	108200000	108300000	6094	343.0	0.0562848703643
chr9	108300000	108400000	1469	70.0	0.0476514635807
chr9	108400000	108500000	41494	2280.0	0.0549477032824
chr9	108500000	108600000	10409	560.0	0.053799596503
chr9	108600000	108700000	82480	4519.0	0.0547890397672
chr9	108700000	108800000	51560	2417.0	0.04687742436
chr9	108800000	108900000	0	0.0	NA
chr9	108900000	109000000	0	0.0	NA
chr9	109000000	109100000	0	0.0	NA
chr9	109100000	109200000	0	0.0	NA
chr9	109200000	109300000	0	0.0	NA
chr9	109300000	109400000	0	0.0	NA
chr9	109400000	109500000	0	0.0	NA
chr9	109500000	109600000	72470	3856.0	0.0532082240927
chr9	109600000	109700000	20672	1015.0	0.0491002321981
chr9	109700000	109800000	0	0.0	NA
chr9	109800000	109900000	27572	1558.0	0.0565066008995
chr9	109900000	110000000	86669	4868.0	0.0561677185614
chr9	110000000	110100000	34656	1949.0	0.0562384579871
chr9	110100000	110200000	54616	3223.0	0.0590120111323
chr9	110200000	110300000	33608	1888.0	0.0561771006903
chr9	110300000	110400000	70443	3973.0	0.0564002100989
chr9	110400000	110500000	73009	4268.0	0.0584585462066
chr9	110500000	110600000	76442	4320.0	0.0565134350226
chr9	110600000	110700000	84780	4965.0	0.0585633404105
chr9	110700000	110800000	83728	4908.0	0.0586183833365
chr9	110800000	110900000	83211	4522.0	0.0543437766641
chr9	110900000	111000000	79528	4446.0	0.0559048385474
chr9	111000000	111100000	86886	4818.0	0.0554519715489
chr9	111100000	111200000	80825	4741.0	0.0586575935663
chr9	111200000	111300000	72022	4189.0	0.0581627835939
chr9	111300000	111400000	83238	4766.0	0.057257502583
chr9	111400000	111500000	75240	4552.0	0.0604997341839
chr9	111500000	111600000	82452	5050.0	0.0612477562703
chr9	111600000	111700000	19106	1185.0	0.0620224013399
chr9	111700000	111800000	691	36.0	0.0520984081042
chr9	111800000	111900000	7931	454.0	0.0572437271466
chr9	111900000	112000000	3692	188.0	0.0509209100758
chr9	112000000	112100000	11260	608.0	0.0539964476021
chr9	112100000	112200000	26720	1580.0	0.0591317365269
chr9	112200000	112300000	28387	1599.0	0.0563286011202
chr9	112300000	112400000	77390	4352.0	0.0562346556403
chr9	112400000	112500000	1924	115.0	0.0597713097713
chr9	112500000	112600000	0	0.0	NA
chr9	112600000	112700000	0	0.0	NA
chr9	112700000	112800000	0	0.0	NA
chr9	112800000	112900000	0	0.0	NA
chr9	112900000	113000000	33930	2060.0	0.060713233127
chr9	113000000	113100000	35269	2067.0	0.0586067084408
chr9	113100000	113200000	16955	987.0	0.0582129165438
chr9	113200000	113300000	0	0.0	NA
chr9	113300000	113400000	38186	2239.0	0.0586340543655
chr9	113400000	113500000	22575	1244.0	0.0551052048726
chr9	113500000	113600000	27398	1529.0	0.0558069932112
chr9	113600000	113700000	25127	1358.0	0.0540454491185
chr9	113700000	113800000	0	0.0	NA
chr9	113800000	113900000	65502	3611.0	0.055128087692
chr9	113900000	114000000	1379	92.0	0.0667150108774
chr9	114000000	114100000	31607	1779.0	0.0562850001582
chr9	114100000	114200000	13253	791.0	0.0596845997133
chr9	114200000	114300000	17293	972.0	0.056207714104
chr9	114300000	114400000	13222	872.0	0.0659506882469
chr9	114400000	114500000	12247	658.0	0.0537274434555
chr9	114500000	114600000	30185	1669.0	0.0552923637568
chr9	114600000	114700000	40462	2320.0	0.0573377489991
chr9	114700000	114800000	32486	1916.0	0.0589792526011
chr9	114800000	114900000	0	0.0	NA
chr9	114900000	115000000	0	0.0	NA
chr9	115000000	115100000	0	0.0	NA
chr9	115100000	115200000	14688	893.0	0.0607979302832
chr9	115200000	115300000	0	0.0	NA
chr9	115300000	115400000	0	0.0	NA
chr9	115400000	115500000	15816	901.0	0.0569676277188
chr9	115500000	115600000	5813	297.0	0.0510923791502
chr9	115600000	115700000	34540	2227.0	0.06447596989
chr9	115700000	115800000	38110	2247.0	0.0589609026502
chr9	115800000	115900000	16165	1148.0	0.0710176306836
chr9	115900000	116000000	8270	485.0	0.0586457073761
chr9	116000000	116100000	7575	465.0	0.0613861386139
chr9	116100000	116200000	17999	1055.0	0.0586143674649
chr9	116200000	116300000	750	24.0	0.032
chr9	116300000	116400000	17500	1119.0	0.0639428571429
chr9	116400000	116500000	56632	3353.0	0.0592068088713
chr9	116500000	116600000	81581	4464.0	0.0547186232088
chr9	116600000	116700000	26398	1529.0	0.0579210546254
chr9	116700000	116800000	0	0.0	NA
chr9	116800000	116900000	46696	2685.0	0.0574995716978
chr9	116900000	117000000	15073	822.0	0.0545345982883
chr9	117000000	117100000	5953	388.0	0.065177221569
chr9	117100000	117200000	2927	174.0	0.0594465322856
chr9	117200000	117300000	25189	1544.0	0.0612965977212
chr9	117300000	117400000	33466	1913.0	0.0571624932768
chr9	117400000	117500000	51062	3210.0	0.0628647526536
chr9	117500000	117600000	52675	3090.0	0.0586616041766
chr9	117600000	117700000	42403	2521.0	0.0594533405655
chr9	117700000	117800000	67781	4022.0	0.0593381626119
chr9	117800000	117900000	1281	54.0	0.0421545667447
chr9	117900000	118000000	3337	178.0	0.053341324543
chr9	118000000	118100000	0	0.0	NA
chr9	118100000	118200000	0	0.0	NA
chr9	118200000	118300000	0	0.0	NA
chr9	118300000	118400000	0	0.0	NA
chr9	118400000	118500000	0	0.0	NA
chr9	118500000	118600000	76406	4458.0	0.0583462031778
chr9	118600000	118700000	44235	2494.0	0.0563806940206
chr9	118700000	118800000	84530	4691.0	0.0554950905004
chr9	118800000	118900000	84503	5127.0	0.0606724021632
chr9	118900000	119000000	13153	701.0	0.0532958260473
chr9	119000000	119100000	0	0.0	NA
chr9	119100000	119200000	20838	1142.0	0.0548037239658
chr9	119200000	119300000	0	0.0	NA
chr9	119300000	119400000	0	0.0	NA
chr9	119400000	119500000	0	0.0	NA
chr9	119500000	119600000	0	0.0	NA
chr9	119600000	119700000	0	0.0	NA
chr9	119700000	119800000	0	0.0	NA
chr9	119800000	119900000	0	0.0	NA
chr9	119900000	120000000	0	0.0	NA
chr9	120000000	120100000	0	0.0	NA
chr9	120100000	120200000	21467	1142.0	0.0531979317091
chr9	120200000	120300000	85614	4712.0	0.0550377274745
chr9	120300000	120400000	89176	5273.0	0.0591302592626
chr9	120400000	120500000	48520	2866.0	0.0590684253916
chr9	120500000	120600000	0	0.0	NA
chr9	120600000	120700000	23348	1303.0	0.0558077779681
chr9	120700000	120800000	83256	4824.0	0.0579417699625
chr9	120800000	120900000	76134	4664.0	0.0612604092784
chr9	120900000	121000000	86198	5201.0	0.0603378268637
chr9	121000000	121100000	90879	5470.0	0.0601899228645
chr9	121100000	121200000	87614	5286.0	0.0603328235214
chr9	121200000	121300000	74022	4588.0	0.0619815730459
chr9	121300000	121400000	88982	5423.0	0.0609449102066
chr9	121400000	121500000	66015	4042.0	0.0612285086723
chr9	121500000	121600000	71948	4414.0	0.0613498637905
chr9	121600000	121700000	72432	4217.0	0.0582201237022
chr9	121700000	121800000	87803	4865.0	0.0554081295628
chr9	121800000	121900000	72207	4152.0	0.0575013502846
chr9	121900000	122000000	26774	1453.0	0.0542690670053
chr9	122000000	122100000	0	0.0	NA
chr9	122100000	122200000	62452	3477.0	0.0556747582143
chr9	122200000	122300000	61394	3426.0	0.0558034987132
chr9	122300000	122400000	79549	4652.0	0.0584796791914
chr9	122400000	122500000	87364	4783.0	0.0547479511011
chr9	122500000	122600000	87950	4864.0	0.0553041500853
chr9	122600000	122700000	82796	4448.0	0.0537224020484
chr9	122700000	122800000	86419	4881.0	0.0564806350455
chr9	122800000	122900000	76170	4319.0	0.0567021136931
chr9	122900000	123000000	84936	4941.0	0.058173212772
chr9	123000000	123100000	80665	4715.0	0.0584516209013
chr9	123100000	123200000	40536	2468.0	0.0608841523584
chr9	123200000	123300000	0	0.0	NA
chr9	123300000	123400000	10813	608.0	0.0562286137057
chr9	123400000	123500000	17617	1025.0	0.0581824374184
chr9	123500000	123600000	15687	950.0	0.0605596991139
chr9	123600000	123700000	12520	639.0	0.0510383386581
chr9	123700000	123800000	12327	698.0	0.0566236716152
chr9	123800000	123900000	0	0.0	NA
chr9	123900000	124000000	487	24.0	0.0492813141684
chr9	124000000	124100000	4380	255.0	0.0582191780822
chr9	124100000	124200000	909	56.0	0.0616061606161
chr9	124200000	124300000	12654	856.0	0.0676465939624
chr9	124300000	124400000	17808	1154.0	0.0648023360288
chr9	124400000	124500000	0	0.0	NA
chr9	124500000	124600000	13289	833.0	0.0626834223794
chr9	124600000	124700000	0	0.0	NA
chr9	124700000	124800000	0	0.0	NA
chr9	124800000	124900000	30003	1860.0	0.0619938006199
chr9	124900000	125000000	9379	537.0	0.0572555709564
chr9	125000000	125100000	4848	231.0	0.0476485148515
chr9	125100000	125200000	29627	1765.0	0.0595740371958
chr9	125200000	125300000	13390	933.0	0.0696788648245
chr9	125300000	125400000	6569	416.0	0.0633277515604
chr9	125400000	125500000	42136	2540.0	0.0602809948737
chr9	125500000	125600000	30522	1887.0	0.0618242579123
chr9	125600000	125700000	7633	434.0	0.0568583780951
chr9	125700000	125800000	486	33.0	0.0679012345679
chr9	125800000	125900000	9527	558.0	0.0585703789231
chr9	125900000	126000000	0	0.0	NA
chr9	126000000	126100000	40632	2389.0	0.0587960228391
chr9	126100000	126200000	12835	907.0	0.0706661472536
chr9	126200000	126300000	0	0.0	NA
chr9	126300000	126400000	0	0.0	NA
chr9	126400000	126500000	0	0.0	NA
chr9	126500000	126600000	0	0.0	NA
chr9	126600000	126700000	5490	307.0	0.0559198542805
chr9	126700000	126800000	46234	2578.0	0.0557598304278
chr9	126800000	126900000	67903	4484.0	0.0660353739894
chr9	126900000	127000000	56655	3577.0	0.0631365281087
chr9	127000000	127100000	12710	805.0	0.0633359559402
chr9	127100000	127200000	13474	936.0	0.0694671218643
chr9	127200000	127300000	18358	1146.0	0.0624251007735
chr9	127300000	127400000	0	0.0	NA
chr9	127400000	127500000	0	0.0	NA
chr9	127500000	127600000	11018	777.0	0.0705209656925
chr9	127600000	127700000	7456	502.0	0.0673283261803
chr9	127700000	127800000	981	56.0	0.0570846075433
chr9	127800000	127900000	0	0.0	NA
chr9	127900000	128000000	5734	340.0	0.0592954307639
chr9	128000000	128100000	2770	150.0	0.0541516245487
chr9	128100000	128200000	46382	3105.0	0.0669440731318
chr9	128200000	128300000	0	0.0	NA
chr9	128300000	128400000	0	0.0	NA
chr9	128400000	128500000	15916	994.0	0.0624528776074
chr9	128500000	128600000	3383	203.0	0.0600059119125
chr9	128600000	128700000	0	0.0	NA
chr9	128700000	128800000	45470	3153.0	0.069342423576
chr9	128800000	128900000	18367	1146.0	0.0623945118963
chr9	128900000	129000000	34514	2263.0	0.0655675957582
chr9	129000000	129100000	65151	3733.0	0.0572976623536
chr9	129100000	129200000	0	0.0	NA
chr9	129200000	129300000	19055	1186.0	0.0622408816584
chr9	129300000	129400000	35775	2320.0	0.0648497554158
chr9	129400000	129500000	19933	1274.0	0.0639141122761
chr9	129500000	129600000	21793	1284.0	0.058918001193
chr9	129600000	129700000	26795	1449.0	0.0540772532189
chr9	129700000	129800000	0	0.0	NA
chr9	129800000	129900000	0	0.0	NA
chr9	129900000	130000000	9499	483.0	0.0508474576271
chr9	130000000	130100000	21546	1055.0	0.0489650051054
chr9	130100000	130200000	10607	635.0	0.0598661261431
chr9	130200000	130300000	3715	255.0	0.0686406460296
chr9	130300000	130400000	362	20.0	0.0552486187845
chr9	130400000	130500000	717	41.0	0.0571827057183
chr9	130500000	130600000	5398	346.0	0.0640978140052
chr9	130600000	130700000	13739	899.0	0.0654341655142
chr9	130700000	130800000	22697	1320.0	0.0581574657444
chr9	130800000	130900000	3547	281.0	0.0792218776431
chr9	130900000	131000000	5634	382.0	0.0678026269081
chr9	131000000	131100000	6842	398.0	0.0581701256942
chr9	131100000	131200000	13048	698.0	0.0534947884733
chr9	131200000	131300000	8323	515.0	0.0618767271417
chr9	131300000	131400000	0	0.0	NA
chr9	131400000	131500000	2930	234.0	0.0798634812287
chr9	131500000	131600000	3072	178.0	0.0579427083333
chr9	131600000	131700000	1285	61.0	0.0474708171206
chr9	131700000	131800000	1423	82.0	0.0576247364722
chr9	131800000	131900000	7585	539.0	0.0710613052076
chr9	131900000	132000000	22401	1456.0	0.0649970983438
chr9	132000000	132100000	48338	3174.0	0.0656626256775
chr9	132100000	132200000	40320	2788.0	0.0691468253968
chr9	132200000	132300000	25869	1795.0	0.0693880706637
chr9	132300000	132400000	26793	1819.0	0.0678908670175
chr9	132400000	132500000	18858	1269.0	0.0672923958002
chr9	132500000	132600000	16431	1162.0	0.0707199805246
chr9	132600000	132700000	3720	291.0	0.0782258064516
chr9	132700000	132800000	0	0.0	NA
chr9	132800000	132900000	4781	271.0	0.0566827023635
chr9	132900000	133000000	12540	878.0	0.0700159489633
chr9	133000000	133100000	17887	1132.0	0.0632861854978
chr9	133100000	133200000	0	0.0	NA
chr9	133200000	133300000	0	0.0	NA
chr9	133300000	133400000	16133	1075.0	0.0666336081324
chr9	133400000	133500000	26570	1747.0	0.0657508468197
chr9	133500000	133600000	17613	1162.0	0.0659739964799
chr9	133600000	133700000	0	0.0	NA
chr9	133700000	133800000	8386	634.0	0.0756021941331
chr9	133800000	133900000	37448	2633.0	0.070310831019
chr9	133900000	134000000	1438	104.0	0.0723226703755
chr9	134000000	134100000	474	33.0	0.0696202531646
chr9	134100000	134200000	25352	1723.0	0.0679630798359
chr9	134200000	134300000	15595	1119.0	0.0717537672331
chr9	134300000	134400000	2015	129.0	0.0640198511166
chr9	134400000	134500000	6742	489.0	0.0725304064076
chr9	134500000	134600000	0	0.0	NA
chr9	134600000	134700000	51902	3577.0	0.0689183461138
chr9	134700000	134800000	26775	1852.0	0.0691690009337
chr9	134800000	134900000	0	0.0	NA
chr9	134900000	135000000	31704	1986.0	0.0626419379258
chr9	135000000	135100000	26999	1761.0	0.0652246379496
chr9	135100000	135200000	4949	385.0	0.0777934936351
chr9	135200000	135300000	7624	441.0	0.0578436516264
chr9	135300000	135400000	0	0.0	NA
chr9	135400000	135500000	6989	424.0	0.0606667620547
chr9	135500000	135600000	10986	739.0	0.0672674312762
chr9	135600000	135700000	334	23.0	0.0688622754491
chr9	135700000	135800000	866	60.0	0.0692840646651
chr9	135800000	135900000	19522	1317.0	0.067462350169
chr9	135900000	136000000	11728	822.0	0.0700886766712
chr9	136000000	136100000	21985	1614.0	0.0734136911531
chr9	136100000	136200000	27596	2306.0	0.0835628351935
chr9	136200000	136300000	1654	115.0	0.0695284159613
chr9	136300000	136400000	29163	2112.0	0.072420532867
chr9	136400000	136500000	19776	1314.0	0.0664441747573
chr9	136500000	136600000	4503	350.0	0.0777259604708
chr9	136600000	136700000	9828	662.0	0.0673585673586
chr9	136700000	136800000	0	0.0	NA
chr9	136800000	136900000	7903	591.0	0.0747817284575
chr9	136900000	137000000	15098	1083.0	0.0717313551464
chr9	137000000	137100000	14292	992.0	0.0694094598377
chr9	137100000	137200000	64071	5077.0	0.0792402178833
chr9	137200000	137300000	6210	446.0	0.0718196457327
chr9	137300000	137400000	39823	3167.0	0.0795269065615
chr9	137400000	137500000	42526	3183.0	0.0748483280816
chr9	137500000	137600000	26774	1911.0	0.0713752147606
chr9	137600000	137700000	0	0.0	NA
chr9	137700000	137800000	19375	1381.0	0.0712774193548
chr9	137800000	137900000	57842	4455.0	0.0770201583624
chr9	137900000	138000000	45712	3575.0	0.0782070353518
chr9	138000000	138100000	58087	4620.0	0.0795358686109
chr9	138100000	138200000	33812	2807.0	0.0830178634804
chr9	138200000	138300000	50382	4057.0	0.0805247905998
chr9	138300000	138400000	26892	2181.0	0.0811021865239
chr9	138400000	138500000	36529	2967.0	0.0812231377809
chr9	138500000	138600000	27339	2275.0	0.0832144555397
chr9	138600000	138700000	8129	720.0	0.0885717800467
chr9	138700000	138800000	332	19.0	0.0572289156627
chr9	138800000	138900000	40933	3138.0	0.0766618620673
chr9	138900000	139000000	7070	549.0	0.0776520509194
chr9	139000000	139100000	54144	4132.0	0.0763150118203
chr9	139100000	139200000	14085	1050.0	0.0745473908413
chr9	139200000	139300000	4179	365.0	0.087341469251
chr9	139300000	139400000	7759	658.0	0.0848047428792
chr9	139400000	139500000	34888	2903.0	0.0832091263472
chr9	139500000	139600000	30393	2479.0	0.0815648340078
chr9	139600000	139700000	17143	1432.0	0.083532637228
chr9	139700000	139800000	7067	590.0	0.0834866279892
chr9	139800000	139900000	20760	1630.0	0.0785163776493
chr9	139900000	140000000	6033	437.0	0.072434941157
chr9	140000000	140100000	12673	1037.0	0.081827507299
chr9	140100000	140200000	13101	897.0	0.0684680558736
chr9	140200000	140300000	1338	95.0	0.0710014947683
chr9	140300000	140400000	2617	233.0	0.0890332441727
chr9	140400000	140500000	6945	515.0	0.0741540676746
chr9	140500000	140600000	0	0.0	NA
chr9	140600000	140700000	0	0.0	NA
chr9	140700000	140800000	6258	488.0	0.0779801853627
chr9	140800000	140900000	0	0.0	NA
chr9	140900000	141000000	0	0.0	NA
chr9	141000000	141100000	141	10.0	0.0709219858156
chr9	141100000	141200000	0	0.0	NA
chr9	141200000	141213431	0	0.0	NA
