chrX	0	100000	0	0.0	NA
chrX	100000	200000	0	0.0	NA
chrX	200000	300000	0	0.0	NA
chrX	300000	400000	0	0.0	NA
chrX	400000	500000	0	0.0	NA
chrX	500000	600000	0	0.0	NA
chrX	600000	700000	0	0.0	NA
chrX	700000	800000	0	0.0	NA
chrX	800000	900000	8167	973.0	0.119137994368
chrX	900000	1000000	4219	595.0	0.141028679782
chrX	1000000	1100000	0	0.0	NA
chrX	1100000	1200000	0	0.0	NA
chrX	1200000	1300000	0	0.0	NA
chrX	1300000	1400000	0	0.0	NA
chrX	1400000	1500000	0	0.0	NA
chrX	1500000	1600000	0	0.0	NA
chrX	1600000	1700000	0	0.0	NA
chrX	1700000	1800000	0	0.0	NA
chrX	1800000	1900000	0	0.0	NA
chrX	1900000	2000000	0	0.0	NA
chrX	2000000	2100000	0	0.0	NA
chrX	2100000	2200000	0	0.0	NA
chrX	2200000	2300000	0	0.0	NA
chrX	2300000	2400000	0	0.0	NA
chrX	2400000	2500000	29578	1996.0	0.0674825884103
chrX	2500000	2600000	18869	1232.0	0.0652922783401
chrX	2600000	2700000	0	0.0	NA
chrX	2700000	2800000	0	0.0	NA
chrX	2800000	2900000	0	0.0	NA
chrX	2900000	3000000	5250	330.0	0.0628571428571
chrX	3000000	3100000	33228	1955.0	0.058835921512
chrX	3100000	3200000	57501	3352.0	0.0582946383541
chrX	3200000	3300000	18903	1213.0	0.0641697085119
chrX	3300000	3400000	62010	3638.0	0.0586679567812
chrX	3400000	3500000	30141	1734.0	0.0575296108291
chrX	3500000	3600000	6016	356.0	0.0591755319149
chrX	3600000	3700000	21922	1374.0	0.0626767630691
chrX	3700000	3800000	13430	707.0	0.0526433358153
chrX	3800000	3900000	15125	833.0	0.0550743801653
chrX	3900000	4000000	75110	4057.0	0.0540141126348
chrX	4000000	4100000	68343	3749.0	0.0548556545659
chrX	4100000	4200000	65087	3682.0	0.0565704364927
chrX	4200000	4300000	73193	4207.0	0.0574781741423
chrX	4300000	4400000	77103	4467.0	0.0579354888915
chrX	4400000	4500000	62244	3547.0	0.0569854122486
chrX	4500000	4600000	45596	2695.0	0.0591060619353
chrX	4600000	4700000	52511	3015.0	0.0574165412961
chrX	4700000	4800000	74013	4384.0	0.0592328374745
chrX	4800000	4900000	73328	4447.0	0.0606453196596
chrX	4900000	5000000	76629	4785.0	0.0624437223505
chrX	5000000	5100000	64362	3868.0	0.0600975731021
chrX	5100000	5200000	75659	4564.0	0.0603232926684
chrX	5200000	5300000	78008	4768.0	0.0611219362117
chrX	5300000	5400000	56457	3354.0	0.0594080450608
chrX	5400000	5500000	75492	4538.0	0.0601123297833
chrX	5500000	5600000	48422	2780.0	0.0574119202016
chrX	5600000	5700000	28082	1548.0	0.0551242788975
chrX	5700000	5800000	74811	4259.0	0.0569301305958
chrX	5800000	5900000	0	0.0	NA
chrX	5900000	6000000	0	0.0	NA
chrX	6000000	6100000	0	0.0	NA
chrX	6100000	6200000	29379	1608.0	0.0547329725314
chrX	6200000	6300000	70405	3898.0	0.0553653859811
chrX	6300000	6400000	64561	3566.0	0.0552345843466
chrX	6400000	6500000	65224	3593.0	0.0550870845088
chrX	6500000	6600000	55846	3065.0	0.0548830713032
chrX	6600000	6700000	41243	2269.0	0.0550153965521
chrX	6700000	6800000	79726	4360.0	0.0546873040163
chrX	6800000	6900000	61205	3238.0	0.0529041744955
chrX	6900000	7000000	26184	1481.0	0.056561258784
chrX	7000000	7100000	0	0.0	NA
chrX	7100000	7200000	0	0.0	NA
chrX	7200000	7300000	11832	613.0	0.0518086544963
chrX	7300000	7400000	81286	3962.0	0.0487414806978
chrX	7400000	7500000	60996	2896.0	0.0474785231818
chrX	7500000	7600000	73953	3629.0	0.0490717077062
chrX	7600000	7700000	38871	2044.0	0.0525841887268
chrX	7700000	7800000	83111	4146.0	0.0498850934293
chrX	7800000	7900000	30802	1593.0	0.0517174209467
chrX	7900000	8000000	46282	2397.0	0.0517911931204
chrX	8000000	8100000	68897	3446.0	0.0500166915831
chrX	8100000	8200000	48108	2309.0	0.0479961752723
chrX	8200000	8300000	76738	3694.0	0.0481378195939
chrX	8300000	8400000	76412	3805.0	0.0497958435848
chrX	8400000	8500000	44004	2368.0	0.0538132897009
chrX	8500000	8600000	0	0.0	NA
chrX	8600000	8700000	0	0.0	NA
chrX	8700000	8800000	43128	2333.0	0.054094787609
chrX	8800000	8900000	67376	3272.0	0.0485632866303
chrX	8900000	9000000	57324	3035.0	0.0529446654106
chrX	9000000	9100000	63021	3220.0	0.0510940797512
chrX	9100000	9200000	75640	3677.0	0.0486118455843
chrX	9200000	9300000	42017	2125.0	0.0505747673561
chrX	9300000	9400000	47696	2492.0	0.0522475679302
chrX	9400000	9500000	15472	770.0	0.0497673216132
chrX	9500000	9600000	0	0.0	NA
chrX	9600000	9700000	0	0.0	NA
chrX	9700000	9800000	445	16.0	0.0359550561798
chrX	9800000	9900000	0	0.0	NA
chrX	9900000	10000000	15940	860.0	0.0539523212045
chrX	10000000	10100000	0	0.0	NA
chrX	10100000	10200000	0	0.0	NA
chrX	10200000	10300000	0	0.0	NA
chrX	10300000	10400000	47828	1982.0	0.0414401605754
chrX	10400000	10500000	3197	151.0	0.0472317797936
chrX	10500000	10600000	0	0.0	NA
chrX	10600000	10700000	0	0.0	NA
chrX	10700000	10800000	0	0.0	NA
chrX	10800000	10900000	0	0.0	NA
chrX	10900000	11000000	0	0.0	NA
chrX	11000000	11100000	0	0.0	NA
chrX	11100000	11200000	0	0.0	NA
chrX	11200000	11300000	0	0.0	NA
chrX	11300000	11400000	0	0.0	NA
chrX	11400000	11500000	0	0.0	NA
chrX	11500000	11600000	0	0.0	NA
chrX	11600000	11700000	0	0.0	NA
chrX	11700000	11800000	0	0.0	NA
chrX	11800000	11900000	71657	3353.0	0.046792358039
chrX	11900000	12000000	81530	3818.0	0.0468293879554
chrX	12000000	12100000	69363	3159.0	0.0455430128455
chrX	12100000	12200000	35054	1622.0	0.0462714668797
chrX	12200000	12300000	0	0.0	NA
chrX	12300000	12400000	0	0.0	NA
chrX	12400000	12500000	0	0.0	NA
chrX	12500000	12600000	0	0.0	NA
chrX	12600000	12700000	0	0.0	NA
chrX	12700000	12800000	34517	1661.0	0.0481212156329
chrX	12800000	12900000	9461	505.0	0.0533770214565
chrX	12900000	13000000	6153	291.0	0.0472940029254
chrX	13000000	13100000	52111	2366.0	0.0454030818829
chrX	13100000	13200000	60362	2589.0	0.0428912229548
chrX	13200000	13300000	58052	2829.0	0.0487321711569
chrX	13300000	13400000	0	0.0	NA
chrX	13400000	13500000	56622	2618.0	0.046236445198
chrX	13500000	13600000	62034	2987.0	0.0481510139601
chrX	13600000	13700000	0	0.0	NA
chrX	13700000	13800000	0	0.0	NA
chrX	13800000	13900000	0	0.0	NA
chrX	13900000	14000000	0	0.0	NA
chrX	14000000	14100000	22309	1054.0	0.0472455062979
chrX	14100000	14200000	73448	3551.0	0.0483471299423
chrX	14200000	14300000	50368	2402.0	0.0476890088945
chrX	14300000	14400000	76942	3703.0	0.0481271607185
chrX	14400000	14500000	76553	3615.0	0.0472221859365
chrX	14500000	14600000	31741	1516.0	0.0477615702089
chrX	14600000	14700000	0	0.0	NA
chrX	14700000	14800000	17744	802.0	0.0451983769161
chrX	14800000	14900000	35833	1572.0	0.0438701755365
chrX	14900000	15000000	30716	1522.0	0.0495507227504
chrX	15000000	15100000	78654	3547.0	0.0450962443105
chrX	15100000	15200000	79001	3765.0	0.047657624587
chrX	15200000	15300000	39958	1900.0	0.0475499274238
chrX	15300000	15400000	0	0.0	NA
chrX	15400000	15500000	0	0.0	NA
chrX	15500000	15600000	0	0.0	NA
chrX	15600000	15700000	0	0.0	NA
chrX	15700000	15800000	1180	65.0	0.0550847457627
chrX	15800000	15900000	13186	632.0	0.0479296223267
chrX	15900000	16000000	56576	2684.0	0.0474406108597
chrX	16000000	16100000	79773	3458.0	0.0433479999499
chrX	16100000	16200000	25936	1191.0	0.0459207279457
chrX	16200000	16300000	67865	3136.0	0.0462093862816
chrX	16300000	16400000	34945	1583.0	0.0452997567606
chrX	16400000	16500000	76471	3486.0	0.0455859083836
chrX	16500000	16600000	43254	2102.0	0.0485966615804
chrX	16600000	16700000	0	0.0	NA
chrX	16700000	16800000	0	0.0	NA
chrX	16800000	16900000	0	0.0	NA
chrX	16900000	17000000	21950	1036.0	0.0471981776765
chrX	17000000	17100000	0	0.0	NA
chrX	17100000	17200000	16437	636.0	0.0386931921884
chrX	17200000	17300000	74101	3290.0	0.044398861014
chrX	17300000	17400000	44393	2016.0	0.045412565044
chrX	17400000	17500000	0	0.0	NA
chrX	17500000	17600000	0	0.0	NA
chrX	17600000	17700000	0	0.0	NA
chrX	17700000	17800000	9259	446.0	0.0481693487418
chrX	17800000	17900000	11401	526.0	0.046136303833
chrX	17900000	18000000	67770	3261.0	0.0481186365649
chrX	18000000	18100000	0	0.0	NA
chrX	18100000	18200000	34348	1674.0	0.0487364620939
chrX	18200000	18300000	0	0.0	NA
chrX	18300000	18400000	9197	482.0	0.0524083940415
chrX	18400000	18500000	6478	301.0	0.0464649583205
chrX	18500000	18600000	0	0.0	NA
chrX	18600000	18700000	0	0.0	NA
chrX	18700000	18800000	0	0.0	NA
chrX	18800000	18900000	12811	738.0	0.0576067442042
chrX	18900000	19000000	0	0.0	NA
chrX	19000000	19100000	0	0.0	NA
chrX	19100000	19200000	29332	1329.0	0.0453088776763
chrX	19200000	19300000	68713	3310.0	0.0481713795061
chrX	19300000	19400000	40747	1775.0	0.0435614891894
chrX	19400000	19500000	0	0.0	NA
chrX	19500000	19600000	0	0.0	NA
chrX	19600000	19700000	0	0.0	NA
chrX	19700000	19800000	0	0.0	NA
chrX	19800000	19900000	0	0.0	NA
chrX	19900000	20000000	3356	148.0	0.0441001191895
chrX	20000000	20100000	0	0.0	NA
chrX	20100000	20200000	0	0.0	NA
chrX	20200000	20300000	2144	95.0	0.0443097014925
chrX	20300000	20400000	58073	2615.0	0.0450295317962
chrX	20400000	20500000	41031	1792.0	0.0436742950452
chrX	20500000	20600000	64142	2895.0	0.0451342334196
chrX	20600000	20700000	79554	3708.0	0.0466098499133
chrX	20700000	20800000	55061	2654.0	0.0482010860682
chrX	20800000	20900000	0	0.0	NA
chrX	20900000	21000000	0	0.0	NA
chrX	21000000	21100000	0	0.0	NA
chrX	21100000	21200000	26218	1247.0	0.0475627431536
chrX	21200000	21300000	35403	1795.0	0.0507019179166
chrX	21300000	21400000	29062	1405.0	0.048344917762
chrX	21400000	21500000	0	0.0	NA
chrX	21500000	21600000	0	0.0	NA
chrX	21600000	21700000	10394	491.0	0.0472387916105
chrX	21700000	21800000	18917	875.0	0.0462546915473
chrX	21800000	21900000	31472	1384.0	0.0439755973564
chrX	21900000	22000000	24177	1158.0	0.0478967613848
chrX	22000000	22100000	12000	639.0	0.05325
chrX	22100000	22200000	0	0.0	NA
chrX	22200000	22300000	0	0.0	NA
chrX	22300000	22400000	0	0.0	NA
chrX	22400000	22500000	0	0.0	NA
chrX	22500000	22600000	0	0.0	NA
chrX	22600000	22700000	0	0.0	NA
chrX	22700000	22800000	0	0.0	NA
chrX	22800000	22900000	0	0.0	NA
chrX	22900000	23000000	0	0.0	NA
chrX	23000000	23100000	0	0.0	NA
chrX	23100000	23200000	0	0.0	NA
chrX	23200000	23300000	0	0.0	NA
chrX	23300000	23400000	18484	998.0	0.0539926422852
chrX	23400000	23500000	42418	2586.0	0.0609646848036
chrX	23500000	23600000	44761	2255.0	0.0503786778669
chrX	23600000	23700000	50755	2569.0	0.0506157028864
chrX	23700000	23800000	0	0.0	NA
chrX	23800000	23900000	11367	476.0	0.041875604821
chrX	23900000	24000000	11265	552.0	0.0490013315579
chrX	24000000	24100000	590	30.0	0.0508474576271
chrX	24100000	24200000	6545	304.0	0.0464476699771
chrX	24200000	24300000	29316	1490.0	0.0508254877882
chrX	24300000	24400000	15474	710.0	0.0458834173452
chrX	24400000	24500000	51924	2329.0	0.0448540174101
chrX	24500000	24600000	0	0.0	NA
chrX	24600000	24700000	0	0.0	NA
chrX	24700000	24800000	404	16.0	0.039603960396
chrX	24800000	24900000	0	0.0	NA
chrX	24900000	25000000	0	0.0	NA
chrX	25000000	25100000	24335	1101.0	0.0452434764742
chrX	25100000	25200000	76282	3472.0	0.0455153247162
chrX	25200000	25300000	66217	2967.0	0.0448072247308
chrX	25300000	25400000	60522	2957.0	0.0488582664155
chrX	25400000	25500000	71692	3395.0	0.0473553534565
chrX	25500000	25600000	84973	4203.0	0.0494627705271
chrX	25600000	25700000	80576	3977.0	0.0493571286736
chrX	25700000	25800000	74453	3819.0	0.0512941050058
chrX	25800000	25900000	66488	3152.0	0.0474070508964
chrX	25900000	26000000	58222	3049.0	0.0523685204905
chrX	26000000	26100000	67578	3450.0	0.051052117553
chrX	26100000	26200000	39159	1915.0	0.0489031895605
chrX	26200000	26300000	46335	2333.0	0.0503507068091
chrX	26300000	26400000	63979	3126.0	0.048859782116
chrX	26400000	26500000	79593	3724.0	0.0467880341236
chrX	26500000	26600000	52511	2512.0	0.0478375959323
chrX	26600000	26700000	76832	3560.0	0.0463348604748
chrX	26700000	26800000	73580	3432.0	0.0466431095406
chrX	26800000	26900000	62055	2999.0	0.0483280960438
chrX	26900000	27000000	81655	4170.0	0.0510685199927
chrX	27000000	27100000	32890	1749.0	0.0531772575251
chrX	27100000	27200000	0	0.0	NA
chrX	27200000	27300000	0	0.0	NA
chrX	27300000	27400000	0	0.0	NA
chrX	27400000	27500000	41998	2220.0	0.0528596599838
chrX	27500000	27600000	67868	3431.0	0.0505540166205
chrX	27600000	27700000	0	0.0	NA
chrX	27700000	27800000	15746	754.0	0.0478851771879
chrX	27800000	27900000	50797	2528.0	0.049766718507
chrX	27900000	28000000	71238	3586.0	0.0503383025913
chrX	28000000	28100000	74233	3553.0	0.0478628103404
chrX	28100000	28200000	75899	3620.0	0.047694963043
chrX	28200000	28300000	72081	3395.0	0.0470997905135
chrX	28300000	28400000	64131	3017.0	0.0470443311347
chrX	28400000	28500000	63943	3058.0	0.0478238431103
chrX	28500000	28600000	46491	2127.0	0.0457507904756
chrX	28600000	28700000	0	0.0	NA
chrX	28700000	28800000	0	0.0	NA
chrX	28800000	28900000	0	0.0	NA
chrX	28900000	29000000	0	0.0	NA
chrX	29000000	29100000	0	0.0	NA
chrX	29100000	29200000	0	0.0	NA
chrX	29200000	29300000	0	0.0	NA
chrX	29300000	29400000	0	0.0	NA
chrX	29400000	29500000	0	0.0	NA
chrX	29500000	29600000	0	0.0	NA
chrX	29600000	29700000	0	0.0	NA
chrX	29700000	29800000	0	0.0	NA
chrX	29800000	29900000	0	0.0	NA
chrX	29900000	30000000	6933	299.0	0.043127073417
chrX	30000000	30100000	66741	3287.0	0.0492500861539
chrX	30100000	30200000	74547	3784.0	0.0507599232699
chrX	30200000	30300000	37220	1813.0	0.0487103707684
chrX	30300000	30400000	51843	2651.0	0.0511351580734
chrX	30400000	30500000	80537	4124.0	0.0512062778599
chrX	30500000	30600000	47779	2501.0	0.0523451725654
chrX	30600000	30700000	31322	1559.0	0.0497733222655
chrX	30700000	30800000	20170	1024.0	0.0507684680218
chrX	30800000	30900000	8037	410.0	0.0510140599726
chrX	30900000	31000000	0	0.0	NA
chrX	31000000	31100000	34495	1672.0	0.0484707928685
chrX	31100000	31200000	21393	1031.0	0.0481933342682
chrX	31200000	31300000	0	0.0	NA
chrX	31300000	31400000	0	0.0	NA
chrX	31400000	31500000	0	0.0	NA
chrX	31500000	31600000	0	0.0	NA
chrX	31600000	31700000	0	0.0	NA
chrX	31700000	31800000	0	0.0	NA
chrX	31800000	31900000	0	0.0	NA
chrX	31900000	32000000	0	0.0	NA
chrX	32000000	32100000	0	0.0	NA
chrX	32100000	32200000	0	0.0	NA
chrX	32200000	32300000	0	0.0	NA
chrX	32300000	32400000	0	0.0	NA
chrX	32400000	32500000	0	0.0	NA
chrX	32500000	32600000	0	0.0	NA
chrX	32600000	32700000	0	0.0	NA
chrX	32700000	32800000	0	0.0	NA
chrX	32800000	32900000	0	0.0	NA
chrX	32900000	33000000	0	0.0	NA
chrX	33000000	33100000	0	0.0	NA
chrX	33100000	33200000	0	0.0	NA
chrX	33200000	33300000	0	0.0	NA
chrX	33300000	33400000	24251	1368.0	0.0564100449466
chrX	33400000	33500000	72598	4092.0	0.0563651891237
chrX	33500000	33600000	73927	4400.0	0.0595181733332
chrX	33600000	33700000	64721	3408.0	0.0526567883685
chrX	33700000	33800000	25772	1322.0	0.0512959801335
chrX	33800000	33900000	0	0.0	NA
chrX	33900000	34000000	15869	849.0	0.0535005356355
chrX	34000000	34100000	72737	3875.0	0.0532741245858
chrX	34100000	34200000	51855	2881.0	0.0555587696461
chrX	34200000	34300000	3876	189.0	0.0487616099071
chrX	34300000	34400000	0	0.0	NA
chrX	34400000	34500000	38456	2280.0	0.0592885375494
chrX	34500000	34600000	72487	4082.0	0.0563135458772
chrX	34600000	34700000	43879	2348.0	0.053510791039
chrX	34700000	34800000	69011	3629.0	0.0525858196519
chrX	34800000	34900000	70929	4124.0	0.0581426496919
chrX	34900000	35000000	60111	3322.0	0.0552644274758
chrX	35000000	35100000	57432	3303.0	0.0575114918512
chrX	35100000	35200000	77391	4387.0	0.0566861779794
chrX	35200000	35300000	69635	3864.0	0.0554893372586
chrX	35300000	35400000	60791	3411.0	0.0561102794822
chrX	35400000	35500000	67649	3784.0	0.0559357861905
chrX	35500000	35600000	68920	3769.0	0.0546865931515
chrX	35600000	35700000	49250	2604.0	0.0528730964467
chrX	35700000	35800000	76734	4155.0	0.05414809602
chrX	35800000	35900000	58109	3139.0	0.0540191708685
chrX	35900000	36000000	14534	677.0	0.0465804320903
chrX	36000000	36100000	0	0.0	NA
chrX	36100000	36200000	0	0.0	NA
chrX	36200000	36300000	0	0.0	NA
chrX	36300000	36400000	0	0.0	NA
chrX	36400000	36500000	13587	717.0	0.0527710311327
chrX	36500000	36600000	56655	3026.0	0.0534109963816
chrX	36600000	36700000	60184	3201.0	0.0531868935265
chrX	36700000	36800000	49314	2750.0	0.0557650971327
chrX	36800000	36900000	50639	2453.0	0.0484409249788
chrX	36900000	37000000	61552	2834.0	0.0460423706785
chrX	37000000	37100000	22774	1235.0	0.0542285061913
chrX	37100000	37200000	27473	1490.0	0.0542350671568
chrX	37200000	37300000	0	0.0	NA
chrX	37300000	37400000	0	0.0	NA
chrX	37400000	37500000	0	0.0	NA
chrX	37500000	37600000	0	0.0	NA
chrX	37600000	37700000	0	0.0	NA
chrX	37700000	37800000	0	0.0	NA
chrX	37800000	37900000	0	0.0	NA
chrX	37900000	38000000	0	0.0	NA
chrX	38000000	38100000	0	0.0	NA
chrX	38100000	38200000	0	0.0	NA
chrX	38200000	38300000	0	0.0	NA
chrX	38300000	38400000	0	0.0	NA
chrX	38400000	38500000	0	0.0	NA
chrX	38500000	38600000	30790	1479.0	0.0480350763235
chrX	38600000	38700000	34869	1668.0	0.0478361868709
chrX	38700000	38800000	83656	3883.0	0.0464162761786
chrX	38800000	38900000	86124	4219.0	0.0489875063861
chrX	38900000	39000000	65269	3188.0	0.0488440147696
chrX	39000000	39100000	63625	3059.0	0.0480785854617
chrX	39100000	39200000	3107	159.0	0.0511747666559
chrX	39200000	39300000	8015	465.0	0.0580162195883
chrX	39300000	39400000	85874	4068.0	0.0473717306752
chrX	39400000	39500000	80179	3797.0	0.0473565397423
chrX	39500000	39600000	69504	3170.0	0.0456088858195
chrX	39600000	39700000	51169	2456.0	0.0479978111747
chrX	39700000	39800000	62812	3149.0	0.0501337324078
chrX	39800000	39900000	54131	2733.0	0.050488629436
chrX	39900000	40000000	0	0.0	NA
chrX	40000000	40100000	24832	1258.0	0.0506604381443
chrX	40100000	40200000	39352	1815.0	0.0461221793047
chrX	40200000	40300000	59154	2910.0	0.0491936301856
chrX	40300000	40400000	54152	2727.0	0.0503582508495
chrX	40400000	40500000	14508	722.0	0.0497656465398
chrX	40500000	40600000	0	0.0	NA
chrX	40600000	40700000	33290	1546.0	0.0464403724842
chrX	40700000	40800000	48888	2278.0	0.0465963017509
chrX	40800000	40900000	49563	2296.0	0.0463248794464
chrX	40900000	41000000	18200	894.0	0.0491208791209
chrX	41000000	41100000	0	0.0	NA
chrX	41100000	41200000	9314	472.0	0.0506764011166
chrX	41200000	41300000	18093	902.0	0.0498535345161
chrX	41300000	41400000	10101	481.0	0.047619047619
chrX	41400000	41500000	0	0.0	NA
chrX	41500000	41600000	0	0.0	NA
chrX	41600000	41700000	0	0.0	NA
chrX	41700000	41800000	5355	253.0	0.0472455648926
chrX	41800000	41900000	75439	3767.0	0.0499343840719
chrX	41900000	42000000	54713	2660.0	0.0486173304334
chrX	42000000	42100000	51467	2434.0	0.0472924398158
chrX	42100000	42200000	1488	76.0	0.0510752688172
chrX	42200000	42300000	0	0.0	NA
chrX	42300000	42400000	0	0.0	NA
chrX	42400000	42500000	0	0.0	NA
chrX	42500000	42600000	23300	1117.0	0.0479399141631
chrX	42600000	42700000	57073	2908.0	0.0509522891735
chrX	42700000	42800000	59548	2730.0	0.0458453684423
chrX	42800000	42900000	81365	4022.0	0.0494315737725
chrX	42900000	43000000	82972	3994.0	0.0481367208215
chrX	43000000	43100000	27045	1303.0	0.0481789609909
chrX	43100000	43200000	58684	2798.0	0.0476790948129
chrX	43200000	43300000	75702	3438.0	0.0454149163827
chrX	43300000	43400000	72293	3423.0	0.0473489826124
chrX	43400000	43500000	60150	2889.0	0.048029925187
chrX	43500000	43600000	0	0.0	NA
chrX	43600000	43700000	0	0.0	NA
chrX	43700000	43800000	33390	1916.0	0.0573824498353
chrX	43800000	43900000	42885	1923.0	0.0448408534453
chrX	43900000	44000000	76154	3535.0	0.0464190981432
chrX	44000000	44100000	0	0.0	NA
chrX	44100000	44200000	0	0.0	NA
chrX	44200000	44300000	43785	2207.0	0.0504053899737
chrX	44300000	44400000	40177	2023.0	0.0503521915524
chrX	44400000	44500000	22529	1234.0	0.0547738470416
chrX	44500000	44600000	53387	2587.0	0.048457489651
chrX	44600000	44700000	32106	1639.0	0.0510496480409
chrX	44700000	44800000	2975	131.0	0.0440336134454
chrX	44800000	44900000	0	0.0	NA
chrX	44900000	45000000	11150	537.0	0.0481614349776
chrX	45000000	45100000	0	0.0	NA
chrX	45100000	45200000	0	0.0	NA
chrX	45200000	45300000	71155	3586.0	0.0503970205889
chrX	45300000	45400000	40352	2017.0	0.0499851308485
chrX	45400000	45500000	0	0.0	NA
chrX	45500000	45600000	48033	2368.0	0.0492994399684
chrX	45600000	45700000	45735	2090.0	0.0456980430742
chrX	45700000	45800000	27655	1296.0	0.046863135057
chrX	45800000	45900000	69904	3578.0	0.0511844815747
chrX	45900000	46000000	54170	2858.0	0.0527598301643
chrX	46000000	46100000	75544	3703.0	0.0490177909563
chrX	46100000	46200000	53927	2611.0	0.0484173048751
chrX	46200000	46300000	55905	2689.0	0.0480994544316
chrX	46300000	46400000	0	0.0	NA
chrX	46400000	46500000	3583	138.0	0.0385152107173
chrX	46500000	46600000	0	0.0	NA
chrX	46600000	46700000	37303	1862.0	0.0499155563896
chrX	46700000	46800000	0	0.0	NA
chrX	46800000	46900000	0	0.0	NA
chrX	46900000	47000000	3407	146.0	0.0428529498092
chrX	47000000	47100000	0	0.0	NA
chrX	47100000	47200000	11881	641.0	0.0539516875684
chrX	47200000	47300000	2682	134.0	0.0499627143922
chrX	47300000	47400000	24057	1162.0	0.0483019495365
chrX	47400000	47500000	3463	169.0	0.048801617095
chrX	47500000	47600000	18568	865.0	0.0465855234813
chrX	47600000	47700000	48903	2181.0	0.0445984908901
chrX	47700000	47800000	747	24.0	0.0321285140562
chrX	47800000	47900000	12399	580.0	0.046777965965
chrX	47900000	48000000	1141	70.0	0.0613496932515
chrX	48000000	48100000	6634	689.0	0.103858908652
chrX	48100000	48200000	6363	709.0	0.111425428257
chrX	48200000	48300000	1631	168.0	0.103004291845
chrX	48300000	48400000	2919	209.0	0.0715998629668
chrX	48400000	48500000	10030	512.0	0.0510468594217
chrX	48500000	48600000	13969	678.0	0.0485360440976
chrX	48600000	48700000	2329	109.0	0.0468012022327
chrX	48700000	48800000	2282	138.0	0.0604732690622
chrX	48800000	48900000	0	0.0	NA
chrX	48900000	49000000	1918	121.0	0.063086548488
chrX	49000000	49100000	0	0.0	NA
chrX	49100000	49200000	0	0.0	NA
chrX	49200000	49300000	0	0.0	NA
chrX	49300000	49400000	5419	308.0	0.0568370548072
chrX	49400000	49500000	49951	2596.0	0.0519709315129
chrX	49500000	49600000	57862	2826.0	0.0488403442674
chrX	49600000	49700000	33319	1544.0	0.0463399261683
chrX	49700000	49800000	0	0.0	NA
chrX	49800000	49900000	19720	917.0	0.0465010141988
chrX	49900000	50000000	20172	1185.0	0.058744794765
chrX	50000000	50100000	0	0.0	NA
chrX	50100000	50200000	0	0.0	NA
chrX	50200000	50300000	56305	2606.0	0.0462836337803
chrX	50300000	50400000	15027	672.0	0.0447195048912
chrX	50400000	50500000	0	0.0	NA
chrX	50500000	50600000	22533	1150.0	0.0510362579328
chrX	50600000	50700000	59088	3008.0	0.0509071215814
chrX	50700000	50800000	64898	3420.0	0.0526980800641
chrX	50800000	50900000	20791	1400.0	0.0673368284354
chrX	50900000	51000000	41055	2021.0	0.0492266471806
chrX	51000000	51100000	30901	1445.0	0.0467622407042
chrX	51100000	51200000	0	0.0	NA
chrX	51200000	51300000	14612	772.0	0.0528332877087
chrX	51300000	51400000	27296	1386.0	0.0507766705744
chrX	51400000	51500000	8231	471.0	0.0572226946908
chrX	51500000	51600000	14953	698.0	0.0466795960677
chrX	51600000	51700000	24733	1244.0	0.0502971738164
chrX	51700000	51800000	22828	1245.0	0.0545382863151
chrX	51800000	51900000	8504	488.0	0.0573847601129
chrX	51900000	52000000	28519	1414.0	0.0495809811003
chrX	52000000	52100000	40407	2030.0	0.0502388200064
chrX	52100000	52200000	0	0.0	NA
chrX	52200000	52300000	0	0.0	NA
chrX	52300000	52400000	0	0.0	NA
chrX	52400000	52500000	0	0.0	NA
chrX	52500000	52600000	6391	807.0	0.126271319042
chrX	52600000	52700000	13963	1871.0	0.13399699205
chrX	52700000	52800000	0	0.0	NA
chrX	52800000	52900000	11680	777.0	0.0665239726027
chrX	52900000	53000000	7210	387.0	0.0536754507628
chrX	53000000	53100000	9905	508.0	0.0512872286724
chrX	53100000	53200000	9969	469.0	0.0470458421105
chrX	53200000	53300000	3824	151.0	0.0394874476987
chrX	53300000	53400000	10046	422.0	0.0420067688632
chrX	53400000	53500000	4073	173.0	0.0424748342745
chrX	53500000	53600000	4774	244.0	0.0511101801424
chrX	53600000	53700000	0	0.0	NA
chrX	53700000	53800000	28372	1310.0	0.0461722825321
chrX	53800000	53900000	26565	1206.0	0.0453980801807
chrX	53900000	54000000	9296	439.0	0.0472246127367
chrX	54000000	54100000	0	0.0	NA
chrX	54100000	54200000	0	0.0	NA
chrX	54200000	54300000	0	0.0	NA
chrX	54300000	54400000	1021	45.0	0.0440744368266
chrX	54400000	54500000	10876	478.0	0.0439499816109
chrX	54500000	54600000	3171	143.0	0.045096184169
chrX	54600000	54700000	43604	2000.0	0.0458673516191
chrX	54700000	54800000	35982	1744.0	0.0484686787838
chrX	54800000	54900000	18930	1335.0	0.0705229793978
chrX	54900000	55000000	15946	817.0	0.051235419541
chrX	55000000	55100000	11355	602.0	0.0530162923822
chrX	55100000	55200000	19676	969.0	0.0492478145965
chrX	55200000	55300000	13380	718.0	0.0536621823617
chrX	55300000	55400000	43446	2237.0	0.0514892049901
chrX	55400000	55500000	33796	1764.0	0.0521955260978
chrX	55500000	55600000	25959	1489.0	0.0573596825764
chrX	55600000	55700000	30420	1885.0	0.0619658119658
chrX	55700000	55800000	112	7.0	0.0625
chrX	55800000	55900000	43458	2438.0	0.0561001426665
chrX	55900000	56000000	112	10.0	0.0892857142857
chrX	56000000	56100000	0	0.0	NA
chrX	56100000	56200000	0	0.0	NA
chrX	56200000	56300000	0	0.0	NA
chrX	56300000	56400000	17071	1053.0	0.0616835569094
chrX	56400000	56500000	11902	718.0	0.060325995631
chrX	56500000	56600000	23440	1365.0	0.0582337883959
chrX	56600000	56700000	10587	624.0	0.0589402096911
chrX	56700000	56800000	647	42.0	0.064914992272
chrX	56800000	56900000	6644	428.0	0.0644190246839
chrX	56900000	57000000	0	0.0	NA
chrX	57000000	57100000	13817	857.0	0.0620250416154
chrX	57100000	57200000	9910	582.0	0.0587285570131
chrX	57200000	57300000	2297	125.0	0.0544188071397
chrX	57300000	57400000	723	82.0	0.113416320885
chrX	57400000	57500000	0	0.0	NA
chrX	57500000	57600000	23846	1594.0	0.0668455925522
chrX	57600000	57700000	5202	370.0	0.0711264898116
chrX	57700000	57800000	14650	972.0	0.0663481228669
chrX	57800000	57900000	522	34.0	0.0651340996169
chrX	57900000	58000000	24767	1516.0	0.0612104816893
chrX	58000000	58100000	8732	692.0	0.0792487402657
chrX	58100000	58200000	0	0.0	NA
chrX	58200000	58300000	0	0.0	NA
chrX	58300000	58400000	0	0.0	NA
chrX	58400000	58500000	0	0.0	NA
chrX	58500000	58600000	0	0.0	NA
chrX	58600000	58700000	0	0.0	NA
chrX	58700000	58800000	0	0.0	NA
chrX	58800000	58900000	0	0.0	NA
chrX	58900000	59000000	0	0.0	NA
chrX	59000000	59100000	0	0.0	NA
chrX	59100000	59200000	0	0.0	NA
chrX	59200000	59300000	0	0.0	NA
chrX	59300000	59400000	0	0.0	NA
chrX	59400000	59500000	0	0.0	NA
chrX	59500000	59600000	0	0.0	NA
chrX	59600000	59700000	0	0.0	NA
chrX	59700000	59800000	0	0.0	NA
chrX	59800000	59900000	0	0.0	NA
chrX	59900000	60000000	0	0.0	NA
chrX	60000000	60100000	0	0.0	NA
chrX	60100000	60200000	0	0.0	NA
chrX	60200000	60300000	0	0.0	NA
chrX	60300000	60400000	0	0.0	NA
chrX	60400000	60500000	0	0.0	NA
chrX	60500000	60600000	0	0.0	NA
chrX	60600000	60700000	0	0.0	NA
chrX	60700000	60800000	0	0.0	NA
chrX	60800000	60900000	0	0.0	NA
chrX	60900000	61000000	0	0.0	NA
chrX	61000000	61100000	0	0.0	NA
chrX	61100000	61200000	0	0.0	NA
chrX	61200000	61300000	0	0.0	NA
chrX	61300000	61400000	0	0.0	NA
chrX	61400000	61500000	0	0.0	NA
chrX	61500000	61600000	0	0.0	NA
chrX	61600000	61700000	0	0.0	NA
chrX	61700000	61800000	0	0.0	NA
chrX	61800000	61900000	0	0.0	NA
chrX	61900000	62000000	0	0.0	NA
chrX	62000000	62100000	0	0.0	NA
chrX	62100000	62200000	0	0.0	NA
chrX	62200000	62300000	0	0.0	NA
chrX	62300000	62400000	557	49.0	0.0879712746858
chrX	62400000	62500000	8542	515.0	0.0602903301335
chrX	62500000	62600000	23803	1497.0	0.0628912321976
chrX	62600000	62700000	0	0.0	NA
chrX	62700000	62800000	7066	400.0	0.0566091140674
chrX	62800000	62900000	15428	933.0	0.0604744620171
chrX	62900000	63000000	0	0.0	NA
chrX	63000000	63100000	45902	2665.0	0.0580584723977
chrX	63100000	63200000	41938	2770.0	0.0660498831609
chrX	63200000	63300000	8955	571.0	0.0637632607482
chrX	63300000	63400000	37620	2276.0	0.0604997341839
chrX	63400000	63500000	0	0.0	NA
chrX	63500000	63600000	0	0.0	NA
chrX	63600000	63700000	31673	2077.0	0.0655763584125
chrX	63700000	63800000	2862	172.0	0.0600978336827
chrX	63800000	63900000	6234	391.0	0.0627205646455
chrX	63900000	64000000	40706	2675.0	0.065715127991
chrX	64000000	64100000	427	56.0	0.131147540984
chrX	64100000	64200000	571	29.0	0.0507880910683
chrX	64200000	64300000	5124	267.0	0.0521077283372
chrX	64300000	64400000	26974	1599.0	0.0592793059984
chrX	64400000	64500000	30642	1848.0	0.0603093792833
chrX	64500000	64600000	44307	2534.0	0.0571918658451
chrX	64600000	64700000	10403	550.0	0.0528693646064
chrX	64700000	64800000	8529	514.0	0.0602649783093
chrX	64800000	64900000	11054	537.0	0.0485796996562
chrX	64900000	65000000	16600	990.0	0.0596385542169
chrX	65000000	65100000	63221	3878.0	0.0613403774062
chrX	65100000	65200000	33915	2089.0	0.0615951643815
chrX	65200000	65300000	26253	1566.0	0.0596503256771
chrX	65300000	65400000	28088	1851.0	0.0659000284819
chrX	65400000	65500000	978	82.0	0.0838445807771
chrX	65500000	65600000	47489	3472.0	0.0731116679652
chrX	65600000	65700000	49046	3390.0	0.0691187864454
chrX	65700000	65800000	21913	1677.0	0.0765299137498
chrX	65800000	65900000	9716	653.0	0.0672087278716
chrX	65900000	66000000	48824	3307.0	0.0677330820908
chrX	66000000	66100000	40350	2638.0	0.0653779429988
chrX	66100000	66200000	46298	2772.0	0.0598729966737
chrX	66200000	66300000	42575	2846.0	0.0668467410452
chrX	66300000	66400000	56122	3525.0	0.0628095933858
chrX	66400000	66500000	39783	2807.0	0.0705577759344
chrX	66500000	66600000	56767	3798.0	0.0669050680853
chrX	66600000	66700000	35562	2480.0	0.0697373601035
chrX	66700000	66800000	12696	729.0	0.0574196597353
chrX	66800000	66900000	0	0.0	NA
chrX	66900000	67000000	29149	1628.0	0.0558509725891
chrX	67000000	67100000	45370	2646.0	0.0583204760855
chrX	67100000	67200000	24459	1434.0	0.0586287256225
chrX	67200000	67300000	12168	692.0	0.0568704799474
chrX	67300000	67400000	0	0.0	NA
chrX	67400000	67500000	0	0.0	NA
chrX	67500000	67600000	0	0.0	NA
chrX	67600000	67700000	12339	675.0	0.054704595186
chrX	67700000	67800000	13772	742.0	0.0538774324717
chrX	67800000	67900000	26117	1381.0	0.0528774361527
chrX	67900000	68000000	29557	1541.0	0.0521365497175
chrX	68000000	68100000	46185	2245.0	0.0486088556891
chrX	68100000	68200000	76994	3481.0	0.0452113151674
chrX	68200000	68300000	84227	3987.0	0.0473363648236
chrX	68300000	68400000	63752	2872.0	0.0450495670724
chrX	68400000	68500000	43340	2084.0	0.0480849100138
chrX	68500000	68600000	68537	3291.0	0.0480178589667
chrX	68600000	68700000	66239	3203.0	0.048355198599
chrX	68700000	68800000	21803	975.0	0.0447186167041
chrX	68800000	68900000	18298	788.0	0.0430648158269
chrX	68900000	69000000	0	0.0	NA
chrX	69000000	69100000	0	0.0	NA
chrX	69100000	69200000	0	0.0	NA
chrX	69200000	69300000	4476	229.0	0.0511617515639
chrX	69300000	69400000	20758	979.0	0.0471625397437
chrX	69400000	69500000	0	0.0	NA
chrX	69500000	69600000	0	0.0	NA
chrX	69600000	69700000	0	0.0	NA
chrX	69700000	69800000	0	0.0	NA
chrX	69800000	69900000	0	0.0	NA
chrX	69900000	70000000	0	0.0	NA
chrX	70000000	70100000	0	0.0	NA
chrX	70100000	70200000	21049	1044.0	0.0495985557509
chrX	70200000	70300000	11021	526.0	0.0477270665094
chrX	70300000	70400000	0	0.0	NA
chrX	70400000	70500000	0	0.0	NA
chrX	70500000	70600000	0	0.0	NA
chrX	70600000	70700000	0	0.0	NA
chrX	70700000	70800000	0	0.0	NA
chrX	70800000	70900000	0	0.0	NA
chrX	70900000	71000000	0	0.0	NA
chrX	71000000	71100000	34096	2492.0	0.073087752229
chrX	71100000	71200000	8377	448.0	0.053479766026
chrX	71200000	71300000	0	0.0	NA
chrX	71300000	71400000	0	0.0	NA
chrX	71400000	71500000	0	0.0	NA
chrX	71500000	71600000	2060	104.0	0.0504854368932
chrX	71600000	71700000	0	0.0	NA
chrX	71700000	71800000	0	0.0	NA
chrX	71800000	71900000	0	0.0	NA
chrX	71900000	72000000	0	0.0	NA
chrX	72000000	72100000	0	0.0	NA
chrX	72100000	72200000	196	9.0	0.0459183673469
chrX	72200000	72300000	1523	102.0	0.0669730794485
chrX	72300000	72400000	4967	296.0	0.0595933158848
chrX	72400000	72500000	26302	1748.0	0.066458824424
chrX	72500000	72600000	8094	485.0	0.0599209290833
chrX	72600000	72700000	16018	927.0	0.0578723935572
chrX	72700000	72800000	0	0.0	NA
chrX	72800000	72900000	0	0.0	NA
chrX	72900000	73000000	29300	1600.0	0.0546075085324
chrX	73000000	73100000	9009	437.0	0.048507048507
chrX	73100000	73200000	15301	778.0	0.0508463499118
chrX	73200000	73300000	0	0.0	NA
chrX	73300000	73400000	0	0.0	NA
chrX	73400000	73500000	0	0.0	NA
chrX	73500000	73600000	36962	1937.0	0.0524051728803
chrX	73600000	73700000	3529	160.0	0.0453386228393
chrX	73700000	73800000	15019	732.0	0.0487382648645
chrX	73800000	73900000	18481	900.0	0.0486986634922
chrX	73900000	74000000	9960	488.0	0.0489959839357
chrX	74000000	74100000	0	0.0	NA
chrX	74100000	74200000	25067	1166.0	0.0465153388918
chrX	74200000	74300000	19549	1066.0	0.05452964346
chrX	74300000	74400000	3136	161.0	0.0513392857143
chrX	74400000	74500000	16532	851.0	0.0514759254779
chrX	74500000	74600000	8518	395.0	0.0463723878845
chrX	74600000	74700000	0	0.0	NA
chrX	74700000	74800000	13146	741.0	0.056366955728
chrX	74800000	74900000	33303	2015.0	0.0605050596042
chrX	74900000	75000000	4881	281.0	0.0575701700471
chrX	75000000	75100000	224	23.0	0.102678571429
chrX	75100000	75200000	11870	726.0	0.0611625947767
chrX	75200000	75300000	33252	2135.0	0.0642066642608
chrX	75300000	75400000	40986	2318.0	0.0565558971356
chrX	75400000	75500000	19211	1101.0	0.0573109156213
chrX	75500000	75600000	4293	279.0	0.0649895178197
chrX	75600000	75700000	3976	235.0	0.0591046277666
chrX	75700000	75800000	0	0.0	NA
chrX	75800000	75900000	2428	171.0	0.0704283360791
chrX	75900000	76000000	0	0.0	NA
chrX	76000000	76100000	0	0.0	NA
chrX	76100000	76200000	0	0.0	NA
chrX	76200000	76300000	11163	817.0	0.0731882110544
chrX	76300000	76400000	39998	2621.0	0.0655282764138
chrX	76400000	76500000	16067	1144.0	0.0712018422854
chrX	76500000	76600000	18143	1101.0	0.0606845615389
chrX	76600000	76700000	34912	1892.0	0.05419340055
chrX	76700000	76800000	10197	519.0	0.050897322742
chrX	76800000	76900000	0	0.0	NA
chrX	76900000	77000000	0	0.0	NA
chrX	77000000	77100000	2696	119.0	0.0441394658754
chrX	77100000	77200000	0	0.0	NA
chrX	77200000	77300000	0	0.0	NA
chrX	77300000	77400000	0	0.0	NA
chrX	77400000	77500000	11653	555.0	0.0476272204583
chrX	77500000	77600000	4679	290.0	0.0619790553537
chrX	77600000	77700000	14077	812.0	0.057682744903
chrX	77700000	77800000	45273	2767.0	0.0611181057142
chrX	77800000	77900000	43561	2555.0	0.0586533826129
chrX	77900000	78000000	50302	2953.0	0.0587054192676
chrX	78000000	78100000	36282	2369.0	0.0652940852213
chrX	78100000	78200000	37439	2411.0	0.0643980875558
chrX	78200000	78300000	21531	1499.0	0.0696205471181
chrX	78300000	78400000	47334	3017.0	0.0637385388938
chrX	78400000	78500000	14878	1130.0	0.075951068692
chrX	78500000	78600000	50321	3187.0	0.0633333995747
chrX	78600000	78700000	36457	2301.0	0.0631154510794
chrX	78700000	78800000	25705	1650.0	0.0641898463334
chrX	78800000	78900000	55755	3371.0	0.0604609452067
chrX	78900000	79000000	46763	2857.0	0.061095310395
chrX	79000000	79100000	33104	2084.0	0.062953117448
chrX	79100000	79200000	14980	954.0	0.0636849132176
chrX	79200000	79300000	1013	48.0	0.0473840078973
chrX	79300000	79400000	52211	2782.0	0.0532837907721
chrX	79400000	79500000	30741	1709.0	0.0555935070427
chrX	79500000	79600000	0	0.0	NA
chrX	79600000	79700000	0	0.0	NA
chrX	79700000	79800000	28444	1777.0	0.0624736324005
chrX	79800000	79900000	21181	1193.0	0.0563240640196
chrX	79900000	80000000	7300	378.0	0.0517808219178
chrX	80000000	80100000	6563	354.0	0.053938747524
chrX	80100000	80200000	24608	1319.0	0.0536004551365
chrX	80200000	80300000	26816	1619.0	0.0603744033413
chrX	80300000	80400000	30657	1755.0	0.0572463059008
chrX	80400000	80500000	0	0.0	NA
chrX	80500000	80600000	13083	736.0	0.0562562103493
chrX	80600000	80700000	79321	4630.0	0.0583704189307
chrX	80700000	80800000	43777	2871.0	0.0655823834434
chrX	80800000	80900000	39361	2489.0	0.063235182033
chrX	80900000	81000000	15131	975.0	0.0644372480338
chrX	81000000	81100000	33966	2238.0	0.0658894188306
chrX	81100000	81200000	68939	4416.0	0.0640566297741
chrX	81200000	81300000	38416	2519.0	0.065571636818
chrX	81300000	81400000	61672	4329.0	0.0701939291737
chrX	81400000	81500000	44474	3088.0	0.0694338265054
chrX	81500000	81600000	58836	3712.0	0.0630906247875
chrX	81600000	81700000	68645	4450.0	0.0648262801369
chrX	81700000	81800000	45712	2995.0	0.065518900945
chrX	81800000	81900000	28189	1882.0	0.0667636312037
chrX	81900000	82000000	64326	3793.0	0.0589652706526
chrX	82000000	82100000	60793	3855.0	0.063411905976
chrX	82100000	82200000	52065	3340.0	0.0641505810045
chrX	82200000	82300000	25594	1655.0	0.0646635930296
chrX	82300000	82400000	47650	3120.0	0.0654774396642
chrX	82400000	82500000	40184	2595.0	0.0645779414692
chrX	82500000	82600000	51306	3210.0	0.0625657817799
chrX	82600000	82700000	54524	3538.0	0.0648888562835
chrX	82700000	82800000	54956	3438.0	0.0625591382197
chrX	82800000	82900000	51646	3210.0	0.0621538938156
chrX	82900000	83000000	30515	2037.0	0.0667540553826
chrX	83000000	83100000	30729	1804.0	0.0587067590875
chrX	83100000	83200000	25098	1528.0	0.0608813451271
chrX	83200000	83300000	46339	2819.0	0.0608342864542
chrX	83300000	83400000	0	0.0	NA
chrX	83400000	83500000	20688	1096.0	0.0529775715391
chrX	83500000	83600000	35407	2122.0	0.0599316519332
chrX	83600000	83700000	0	0.0	NA
chrX	83700000	83800000	17292	958.0	0.0554013416609
chrX	83800000	83900000	60021	3663.0	0.061028639976
chrX	83900000	84000000	60796	3487.0	0.0573557470886
chrX	84000000	84100000	58205	3489.0	0.0599433038399
chrX	84100000	84200000	39284	2498.0	0.0635882293046
chrX	84200000	84300000	13635	730.0	0.0535386872021
chrX	84300000	84400000	0	0.0	NA
chrX	84400000	84500000	0	0.0	NA
chrX	84500000	84600000	0	0.0	NA
chrX	84600000	84700000	13976	901.0	0.0644676588437
chrX	84700000	84800000	81621	4690.0	0.0574607025153
chrX	84800000	84900000	66215	4107.0	0.0620252208714
chrX	84900000	85000000	37053	2503.0	0.0675518851375
chrX	85000000	85100000	43563	2828.0	0.0649174758396
chrX	85100000	85200000	2476	129.0	0.0521001615509
chrX	85200000	85300000	0	0.0	NA
chrX	85300000	85400000	44616	2668.0	0.0597991751838
chrX	85400000	85500000	0	0.0	NA
chrX	85500000	85600000	0	0.0	NA
chrX	85600000	85700000	0	0.0	NA
chrX	85700000	85800000	0	0.0	NA
chrX	85800000	85900000	0	0.0	NA
chrX	85900000	86000000	0	0.0	NA
chrX	86000000	86100000	2122	122.0	0.057492931197
chrX	86100000	86200000	46200	2854.0	0.0617748917749
chrX	86200000	86300000	59592	3894.0	0.0653443415224
chrX	86300000	86400000	28988	1756.0	0.060576790396
chrX	86400000	86500000	34112	2169.0	0.0635846622889
chrX	86500000	86600000	67334	4279.0	0.0635488757537
chrX	86600000	86700000	63841	3896.0	0.0610266129917
chrX	86700000	86800000	17905	1191.0	0.066517732477
chrX	86800000	86900000	0	0.0	NA
chrX	86900000	87000000	7807	479.0	0.0613551940566
chrX	87000000	87100000	49577	3029.0	0.0610968796014
chrX	87100000	87200000	76653	4614.0	0.0601933388126
chrX	87200000	87300000	55273	3469.0	0.0627612034809
chrX	87300000	87400000	69595	4157.0	0.0597313025361
chrX	87400000	87500000	33861	2119.0	0.0625793685951
chrX	87500000	87600000	54077	3326.0	0.0615048911737
chrX	87600000	87700000	68438	4243.0	0.0619977205646
chrX	87700000	87800000	53970	3296.0	0.0610709653511
chrX	87800000	87900000	66539	3973.0	0.0597093433926
chrX	87900000	88000000	62998	3792.0	0.0601923870599
chrX	88000000	88100000	25515	1584.0	0.0620811287478
chrX	88100000	88200000	67960	4022.0	0.0591818716892
chrX	88200000	88300000	65873	4076.0	0.0618766414161
chrX	88300000	88400000	57045	3578.0	0.0627224121308
chrX	88400000	88500000	42280	2745.0	0.0649243140965
chrX	88500000	88600000	9	1.0	0.111111111111
chrX	88600000	88700000	45	3.0	0.0666666666667
chrX	88700000	88800000	25	3.0	0.12
chrX	88800000	88900000	918	55.0	0.0599128540305
chrX	88900000	89000000	7924	439.0	0.0554013124685
chrX	89000000	89100000	387	32.0	0.0826873385013
chrX	89100000	89200000	15	2.0	0.133333333333
chrX	89200000	89300000	19613	1177.0	0.0600112170499
chrX	89300000	89400000	34497	2016.0	0.058439864336
chrX	89400000	89500000	2953	171.0	0.0579072130037
chrX	89500000	89600000	1420	91.0	0.0640845070423
chrX	89600000	89700000	507	41.0	0.0808678500986
chrX	89700000	89800000	156	15.0	0.0961538461538
chrX	89800000	89900000	1650	138.0	0.0836363636364
chrX	89900000	90000000	1359	106.0	0.0779985283297
chrX	90000000	90100000	704	50.0	0.0710227272727
chrX	90100000	90200000	7515	465.0	0.061876247505
chrX	90200000	90300000	6180	440.0	0.0711974110032
chrX	90300000	90400000	65824	3937.0	0.0598110111813
chrX	90400000	90500000	160	6.0	0.0375
chrX	90500000	90600000	11425	607.0	0.0531291028446
chrX	90600000	90700000	29576	1734.0	0.0586286177982
chrX	90700000	90800000	23268	1487.0	0.0639075124635
chrX	90800000	90900000	352	37.0	0.105113636364
chrX	90900000	91000000	9512	579.0	0.0608704793944
chrX	91000000	91100000	102	4.0	0.0392156862745
chrX	91100000	91200000	0	0.0	NA
chrX	91200000	91300000	0	0.0	NA
chrX	91300000	91400000	0	0.0	NA
chrX	91400000	91500000	0	0.0	NA
chrX	91500000	91600000	0	0.0	NA
chrX	91600000	91700000	0	0.0	NA
chrX	91700000	91800000	0	0.0	NA
chrX	91800000	91900000	0	0.0	NA
chrX	91900000	92000000	187	8.0	0.0427807486631
chrX	92000000	92100000	201	16.0	0.0796019900498
chrX	92100000	92200000	3090	226.0	0.0731391585761
chrX	92200000	92300000	663	46.0	0.0693815987934
chrX	92300000	92400000	21083	1195.0	0.0566807380354
chrX	92400000	92500000	69667	4492.0	0.0644781603916
chrX	92500000	92600000	49007	2921.0	0.0596037300794
chrX	92600000	92700000	72829	4279.0	0.0587540677477
chrX	92700000	92800000	76185	4323.0	0.0567434534357
chrX	92800000	92900000	62913	3581.0	0.0569198734761
chrX	92900000	93000000	28896	1748.0	0.0604928017719
chrX	93000000	93100000	84960	4778.0	0.0562382297552
chrX	93100000	93200000	62000	3887.0	0.0626935483871
chrX	93200000	93300000	49110	2951.0	0.0600895947872
chrX	93300000	93400000	66312	3992.0	0.060200265412
chrX	93400000	93500000	53352	3197.0	0.059922777028
chrX	93500000	93600000	73495	4613.0	0.0627661745697
chrX	93600000	93700000	70443	4194.0	0.059537498403
chrX	93700000	93800000	56311	3502.0	0.0621903358136
chrX	93800000	93900000	73272	4623.0	0.0630936783492
chrX	93900000	94000000	39583	2433.0	0.0614657807645
chrX	94000000	94100000	35381	2217.0	0.0626607501201
chrX	94100000	94200000	27457	1823.0	0.0663947262993
chrX	94200000	94300000	38345	2471.0	0.0644412570087
chrX	94300000	94400000	17632	1162.0	0.0659029038113
chrX	94400000	94500000	41028	2460.0	0.0599590523545
chrX	94500000	94600000	54452	3427.0	0.0629361639609
chrX	94600000	94700000	68242	3895.0	0.0570762873304
chrX	94700000	94800000	66660	3764.0	0.0564656465647
chrX	94800000	94900000	47172	2636.0	0.0558806071398
chrX	94900000	95000000	81271	4061.0	0.0499686234942
chrX	95000000	95100000	65050	3348.0	0.0514681014604
chrX	95100000	95200000	70094	3630.0	0.0517875995092
chrX	95200000	95300000	50076	2687.0	0.0536584391725
chrX	95300000	95400000	61459	3088.0	0.0502448786996
chrX	95400000	95500000	66176	3466.0	0.052375483559
chrX	95500000	95600000	39979	2220.0	0.0555291528052
chrX	95600000	95700000	58529	2630.0	0.0449349894924
chrX	95700000	95800000	71652	3341.0	0.0466281471557
chrX	95800000	95900000	63437	3044.0	0.0479846146571
chrX	95900000	96000000	21003	1069.0	0.0508974908346
chrX	96000000	96100000	0	0.0	NA
chrX	96100000	96200000	0	0.0	NA
chrX	96200000	96300000	0	0.0	NA
chrX	96300000	96400000	0	0.0	NA
chrX	96400000	96500000	0	0.0	NA
chrX	96500000	96600000	0	0.0	NA
chrX	96600000	96700000	0	0.0	NA
chrX	96700000	96800000	0	0.0	NA
chrX	96800000	96900000	0	0.0	NA
chrX	96900000	97000000	77605	3668.0	0.0472649958121
chrX	97000000	97100000	74194	3501.0	0.0471871040785
chrX	97100000	97200000	73786	3581.0	0.0485322418887
chrX	97200000	97300000	71678	3445.0	0.0480621669131
chrX	97300000	97400000	58553	2822.0	0.0481956518026
chrX	97400000	97500000	79551	3760.0	0.0472652763636
chrX	97500000	97600000	71341	3447.0	0.0483172369325
chrX	97600000	97700000	50074	2507.0	0.0500659024644
chrX	97700000	97800000	77897	4091.0	0.0525180687318
chrX	97800000	97900000	11832	579.0	0.0489350912779
chrX	97900000	98000000	0	0.0	NA
chrX	98000000	98100000	0	0.0	NA
chrX	98100000	98200000	51801	2925.0	0.0564660913882
chrX	98200000	98300000	88336	4625.0	0.0523569099801
chrX	98300000	98400000	73242	3832.0	0.0523197072718
chrX	98400000	98500000	56693	3099.0	0.054662833154
chrX	98500000	98600000	63456	3439.0	0.0541950327786
chrX	98600000	98700000	38790	2185.0	0.0563289507605
chrX	98700000	98800000	5685	281.0	0.0494283201407
chrX	98800000	98900000	0	0.0	NA
chrX	98900000	99000000	0	0.0	NA
chrX	99000000	99100000	0	0.0	NA
chrX	99100000	99200000	0	0.0	NA
chrX	99200000	99300000	77955	3907.0	0.0501186582002
chrX	99300000	99400000	52583	2457.0	0.0467261282163
chrX	99400000	99500000	65697	3224.0	0.0490737781025
chrX	99500000	99600000	18653	894.0	0.0479279472471
chrX	99600000	99700000	19760	805.0	0.0407388663968
chrX	99700000	99800000	75093	3560.0	0.0474078808944
chrX	99800000	99900000	12867	609.0	0.047330380042
chrX	99900000	100000000	2287	116.0	0.0507214691736
chrX	100000000	100100000	18330	887.0	0.0483906164757
chrX	100100000	100200000	16732	744.0	0.0444656944776
chrX	100200000	100300000	10075	437.0	0.0433746898263
chrX	100300000	100400000	0	0.0	NA
chrX	100400000	100500000	19282	876.0	0.0454309718909
chrX	100500000	100600000	4653	220.0	0.0472813238771
chrX	100600000	100700000	0	0.0	NA
chrX	100700000	100800000	0	0.0	NA
chrX	100800000	100900000	15973	852.0	0.053340011269
chrX	100900000	101000000	39777	1891.0	0.047540035699
chrX	101000000	101100000	44564	2217.0	0.0497486760614
chrX	101100000	101200000	820	53.0	0.0646341463415
chrX	101200000	101300000	0	0.0	NA
chrX	101300000	101400000	0	0.0	NA
chrX	101400000	101500000	5810	337.0	0.0580034423408
chrX	101500000	101600000	0	0.0	NA
chrX	101600000	101700000	0	0.0	NA
chrX	101700000	101800000	14110	818.0	0.0579730687456
chrX	101800000	101900000	3924	182.0	0.046381243629
chrX	101900000	102000000	0	0.0	NA
chrX	102000000	102100000	0	0.0	NA
chrX	102100000	102200000	7371	384.0	0.0520960520961
chrX	102200000	102300000	11713	533.0	0.0455049944506
chrX	102300000	102400000	13471	746.0	0.0553782198797
chrX	102400000	102500000	32179	1646.0	0.0511513720128
chrX	102500000	102600000	12073	569.0	0.0471299594136
chrX	102600000	102700000	19321	816.0	0.0422338388282
chrX	102700000	102800000	27344	1358.0	0.0496635459333
chrX	102800000	102900000	4921	246.0	0.0499898394635
chrX	102900000	103000000	14946	791.0	0.0529238592265
chrX	103000000	103100000	12032	619.0	0.051446143617
chrX	103100000	103200000	8354	463.0	0.0554225520709
chrX	103200000	103300000	11232	856.0	0.0762108262108
chrX	103300000	103400000	937	55.0	0.0586979722519
chrX	103400000	103500000	25450	1275.0	0.0500982318271
chrX	103500000	103600000	68590	3124.0	0.0455459979589
chrX	103600000	103700000	72791	3282.0	0.0450879916473
chrX	103700000	103800000	47499	2165.0	0.0455799069454
chrX	103800000	103900000	892	42.0	0.0470852017937
chrX	103900000	104000000	0	0.0	NA
chrX	104000000	104100000	0	0.0	NA
chrX	104100000	104200000	0	0.0	NA
chrX	104200000	104300000	0	0.0	NA
chrX	104300000	104400000	0	0.0	NA
chrX	104400000	104500000	0	0.0	NA
chrX	104500000	104600000	0	0.0	NA
chrX	104600000	104700000	0	0.0	NA
chrX	104700000	104800000	0	0.0	NA
chrX	104800000	104900000	0	0.0	NA
chrX	104900000	105000000	0	0.0	NA
chrX	105000000	105100000	18645	939.0	0.0503620273532
chrX	105100000	105200000	0	0.0	NA
chrX	105200000	105300000	37987	2149.0	0.0565719851528
chrX	105300000	105400000	56510	3023.0	0.0534949566448
chrX	105400000	105500000	21988	1148.0	0.0522102965254
chrX	105500000	105600000	56808	2978.0	0.0524221940572
chrX	105600000	105700000	54471	2993.0	0.0549466688697
chrX	105700000	105800000	64802	3341.0	0.0515570507083
chrX	105800000	105900000	29932	1480.0	0.0494454095951
chrX	105900000	106000000	0	0.0	NA
chrX	106000000	106100000	0	0.0	NA
chrX	106100000	106200000	0	0.0	NA
chrX	106200000	106300000	25350	1262.0	0.0497830374753
chrX	106300000	106400000	0	0.0	NA
chrX	106400000	106500000	0	0.0	NA
chrX	106500000	106600000	75557	3731.0	0.0493799383247
chrX	106600000	106700000	58927	2828.0	0.0479915828058
chrX	106700000	106800000	38240	1663.0	0.0434884937238
chrX	106800000	106900000	1282	63.0	0.0491419656786
chrX	106900000	107000000	29744	1291.0	0.0434037116729
chrX	107000000	107100000	7694	391.0	0.0508188198596
chrX	107100000	107200000	1836	113.0	0.0615468409586
chrX	107200000	107300000	39647	2024.0	0.0510505208465
chrX	107300000	107400000	0	0.0	NA
chrX	107400000	107500000	0	0.0	NA
chrX	107500000	107600000	0	0.0	NA
chrX	107600000	107700000	0	0.0	NA
chrX	107700000	107800000	0	0.0	NA
chrX	107800000	107900000	0	0.0	NA
chrX	107900000	108000000	6927	349.0	0.0503825609932
chrX	108000000	108100000	42925	2489.0	0.0579848573093
chrX	108100000	108200000	56612	3143.0	0.0555182646789
chrX	108200000	108300000	39943	2273.0	0.0569060911799
chrX	108300000	108400000	43063	2508.0	0.0582402526531
chrX	108400000	108500000	45181	2669.0	0.0590735043492
chrX	108500000	108600000	66779	3810.0	0.0570538642388
chrX	108600000	108700000	6079	277.0	0.0455667050502
chrX	108700000	108800000	6921	374.0	0.0540384337523
chrX	108800000	108900000	43020	2126.0	0.0494188749419
chrX	108900000	109000000	1472	72.0	0.0489130434783
chrX	109000000	109100000	69025	3290.0	0.047663889895
chrX	109100000	109200000	65705	3294.0	0.0501331709916
chrX	109200000	109300000	25778	1310.0	0.0508185274265
chrX	109300000	109400000	0	0.0	NA
chrX	109400000	109500000	0	0.0	NA
chrX	109500000	109600000	0	0.0	NA
chrX	109600000	109700000	0	0.0	NA
chrX	109700000	109800000	30707	1545.0	0.050314260592
chrX	109800000	109900000	33239	1618.0	0.0486777580553
chrX	109900000	110000000	952	65.0	0.0682773109244
chrX	110000000	110100000	37395	1942.0	0.0519320764808
chrX	110100000	110200000	43109	2236.0	0.0518685193347
chrX	110200000	110300000	0	0.0	NA
chrX	110300000	110400000	0	0.0	NA
chrX	110400000	110500000	0	0.0	NA
chrX	110500000	110600000	3222	165.0	0.0512104283054
chrX	110600000	110700000	20904	994.0	0.0475507079985
chrX	110700000	110800000	51693	2612.0	0.0505290851759
chrX	110800000	110900000	39184	1944.0	0.0496120865659
chrX	110900000	111000000	2222	96.0	0.043204320432
chrX	111000000	111100000	0	0.0	NA
chrX	111100000	111200000	0	0.0	NA
chrX	111200000	111300000	0	0.0	NA
chrX	111300000	111400000	0	0.0	NA
chrX	111400000	111500000	0	0.0	NA
chrX	111500000	111600000	0	0.0	NA
chrX	111600000	111700000	0	0.0	NA
chrX	111700000	111800000	47590	2629.0	0.0552426980458
chrX	111800000	111900000	35243	2111.0	0.0598984195443
chrX	111900000	112000000	43708	2258.0	0.0516610231537
chrX	112000000	112100000	6592	313.0	0.0474817961165
chrX	112100000	112200000	53695	2483.0	0.046242666915
chrX	112200000	112300000	34868	1772.0	0.0508202363198
chrX	112300000	112400000	0	0.0	NA
chrX	112400000	112500000	0	0.0	NA
chrX	112500000	112600000	0	0.0	NA
chrX	112600000	112700000	0	0.0	NA
chrX	112700000	112800000	19050	975.0	0.0511811023622
chrX	112800000	112900000	39877	2222.0	0.0557213431301
chrX	112900000	113000000	0	0.0	NA
chrX	113000000	113100000	0	0.0	NA
chrX	113100000	113200000	0	0.0	NA
chrX	113200000	113300000	27734	1482.0	0.0534362154756
chrX	113300000	113400000	74403	4008.0	0.0538687956131
chrX	113400000	113500000	76024	4092.0	0.0538251078607
chrX	113500000	113600000	34546	1881.0	0.0544491402767
chrX	113600000	113700000	74126	3940.0	0.0531527399293
chrX	113700000	113800000	60457	3176.0	0.0525332054187
chrX	113800000	113900000	6345	386.0	0.0608353033885
chrX	113900000	114000000	0	0.0	NA
chrX	114000000	114100000	0	0.0	NA
chrX	114100000	114200000	29088	1656.0	0.0569306930693
chrX	114200000	114300000	35104	1929.0	0.0549510027347
chrX	114300000	114400000	24316	1232.0	0.050666227998
chrX	114400000	114500000	14154	761.0	0.0537657199378
chrX	114500000	114600000	46702	2332.0	0.0499336216864
chrX	114600000	114700000	76492	3747.0	0.0489855148251
chrX	114700000	114800000	16443	871.0	0.0529708690628
chrX	114800000	114900000	1399	98.0	0.0700500357398
chrX	114900000	115000000	9477	534.0	0.0563469452358
chrX	115000000	115100000	2787	167.0	0.0599210620739
chrX	115100000	115200000	32714	2004.0	0.0612581769273
chrX	115200000	115300000	43997	2665.0	0.0605723117485
chrX	115300000	115400000	44828	2572.0	0.0573748550013
chrX	115400000	115500000	56881	2995.0	0.0526537859742
chrX	115500000	115600000	32631	1638.0	0.0501976647973
chrX	115600000	115700000	36705	1913.0	0.0521182400218
chrX	115700000	115800000	36389	1946.0	0.0534776993047
chrX	115800000	115900000	30079	1643.0	0.0546228265567
chrX	115900000	116000000	11560	692.0	0.0598615916955
chrX	116000000	116100000	39689	2289.0	0.0576734107687
chrX	116100000	116200000	47573	2755.0	0.0579109999369
chrX	116200000	116300000	58880	3535.0	0.0600373641304
chrX	116300000	116400000	55865	3295.0	0.0589814731943
chrX	116400000	116500000	57897	3199.0	0.0552532946439
chrX	116500000	116600000	63235	3402.0	0.0537993199968
chrX	116600000	116700000	61175	3046.0	0.0497915815284
chrX	116700000	116800000	60711	3054.0	0.0503038987992
chrX	116800000	116900000	64630	3195.0	0.0494352467894
chrX	116900000	117000000	51903	2728.0	0.0525595822977
chrX	117000000	117100000	9276	518.0	0.0558430357913
chrX	117100000	117200000	0	0.0	NA
chrX	117200000	117300000	31144	1510.0	0.0484844592859
chrX	117300000	117400000	71716	3220.0	0.0448993251157
chrX	117400000	117500000	39046	2107.0	0.0539619935461
chrX	117500000	117600000	3835	205.0	0.0534550195567
chrX	117600000	117700000	7166	403.0	0.0562377895618
chrX	117700000	117800000	0	0.0	NA
chrX	117800000	117900000	10424	507.0	0.0486377590177
chrX	117900000	118000000	7249	330.0	0.0455235204856
chrX	118000000	118100000	17855	878.0	0.0491739008681
chrX	118100000	118200000	22003	1090.0	0.0495386992683
chrX	118200000	118300000	1928	98.0	0.0508298755187
chrX	118300000	118400000	51502	2446.0	0.047493301231
chrX	118400000	118500000	5038	233.0	0.046248511314
chrX	118500000	118600000	0	0.0	NA
chrX	118600000	118700000	24920	1231.0	0.0493980738363
chrX	118700000	118800000	0	0.0	NA
chrX	118800000	118900000	13541	673.0	0.0497009083524
chrX	118900000	119000000	8243	707.0	0.0857697440252
chrX	119000000	119100000	2056	103.0	0.0500972762646
chrX	119100000	119200000	16252	1275.0	0.0784518828452
chrX	119200000	119300000	0	0.0	NA
chrX	119300000	119400000	13444	611.0	0.0454477833978
chrX	119400000	119500000	19833	958.0	0.0483033328291
chrX	119500000	119600000	17076	839.0	0.049133286484
chrX	119600000	119700000	20797	964.0	0.0463528393518
chrX	119700000	119800000	20921	952.0	0.0455045169925
chrX	119800000	119900000	72164	3478.0	0.0481957762873
chrX	119900000	120000000	54614	2695.0	0.049346321456
chrX	120000000	120100000	0	0.0	NA
chrX	120100000	120200000	33388	1591.0	0.0476518509644
chrX	120200000	120300000	69105	3328.0	0.0481585992331
chrX	120300000	120400000	59189	2881.0	0.0486745848046
chrX	120400000	120500000	38221	1822.0	0.0476701289867
chrX	120500000	120600000	22653	1153.0	0.0508983357613
chrX	120600000	120700000	68321	3729.0	0.0545805828369
chrX	120700000	120800000	73505	3835.0	0.0521733215428
chrX	120800000	120900000	57824	2980.0	0.0515356945213
chrX	120900000	121000000	55869	2840.0	0.0508331990907
chrX	121000000	121100000	66660	3540.0	0.0531053105311
chrX	121100000	121200000	67088	3735.0	0.0556731457191
chrX	121200000	121300000	55055	3128.0	0.0568159113614
chrX	121300000	121400000	50621	2860.0	0.056498291223
chrX	121400000	121500000	57393	3341.0	0.0582126740195
chrX	121500000	121600000	61660	3433.0	0.0556762893286
chrX	121600000	121700000	45740	2694.0	0.0588981198076
chrX	121700000	121800000	50474	2749.0	0.0544636842731
chrX	121800000	121900000	60922	3288.0	0.0539706509964
chrX	121900000	122000000	65934	3489.0	0.0529165529166
chrX	122000000	122100000	68829	3412.0	0.0495721280274
chrX	122100000	122200000	69314	3454.0	0.0498312029316
chrX	122200000	122300000	69990	3366.0	0.048092584655
chrX	122300000	122400000	7816	346.0	0.0442681678608
chrX	122400000	122500000	0	0.0	NA
chrX	122500000	122600000	0	0.0	NA
chrX	122600000	122700000	28706	1297.0	0.0451821918763
chrX	122700000	122800000	8189	390.0	0.0476248626206
chrX	122800000	122900000	4887	240.0	0.049109883364
chrX	122900000	123000000	20162	1054.0	0.0522765598651
chrX	123000000	123100000	10347	484.0	0.0467768435295
chrX	123100000	123200000	0	0.0	NA
chrX	123200000	123300000	21249	1081.0	0.050872982258
chrX	123300000	123400000	52338	2358.0	0.0450533073484
chrX	123400000	123500000	43843	2080.0	0.0474420089866
chrX	123500000	123600000	0	0.0	NA
chrX	123600000	123700000	0	0.0	NA
chrX	123700000	123800000	0	0.0	NA
chrX	123800000	123900000	0	0.0	NA
chrX	123900000	124000000	0	0.0	NA
chrX	124000000	124100000	0	0.0	NA
chrX	124100000	124200000	71011	3600.0	0.0506963709848
chrX	124200000	124300000	85228	4083.0	0.0479067911954
chrX	124300000	124400000	79853	3792.0	0.0474872578363
chrX	124400000	124500000	32625	1774.0	0.0543754789272
chrX	124500000	124600000	69427	3829.0	0.0551514540453
chrX	124600000	124700000	74066	4126.0	0.0557070720709
chrX	124700000	124800000	49882	2944.0	0.0590192855138
chrX	124800000	124900000	58281	3043.0	0.0522125564077
chrX	124900000	125000000	57963	2984.0	0.0514811172645
chrX	125000000	125100000	46362	2692.0	0.0580647944437
chrX	125100000	125200000	45026	2430.0	0.0539688180163
chrX	125200000	125300000	41613	2466.0	0.0592603273016
chrX	125300000	125400000	59386	3143.0	0.0529249318021
chrX	125400000	125500000	65887	3838.0	0.0582512483494
chrX	125500000	125600000	53962	3116.0	0.0577443386087
chrX	125600000	125700000	45140	2454.0	0.0543642002658
chrX	125700000	125800000	78316	4233.0	0.0540502579294
chrX	125800000	125900000	62556	3349.0	0.0535360317156
chrX	125900000	126000000	31636	1816.0	0.0574029586547
chrX	126000000	126100000	34487	1872.0	0.0542813233972
chrX	126100000	126200000	76311	4438.0	0.0581567532859
chrX	126200000	126300000	48571	2912.0	0.0599534701777
chrX	126300000	126400000	54152	3201.0	0.059111390161
chrX	126400000	126500000	64119	3847.0	0.0599978165598
chrX	126500000	126600000	39460	2245.0	0.0568930562595
chrX	126600000	126700000	56518	3389.0	0.0599631975654
chrX	126700000	126800000	55081	3311.0	0.0601114721955
chrX	126800000	126900000	50233	2855.0	0.0568351482093
chrX	126900000	127000000	60292	3763.0	0.062412923771
chrX	127000000	127100000	57033	3339.0	0.0585450528641
chrX	127100000	127200000	46877	2558.0	0.0545683384176
chrX	127200000	127300000	58932	3375.0	0.0572693952352
chrX	127300000	127400000	45790	2570.0	0.0561257916576
chrX	127400000	127500000	29554	1623.0	0.0549164241727
chrX	127500000	127600000	0	0.0	NA
chrX	127600000	127700000	0	0.0	NA
chrX	127700000	127800000	48133	2298.0	0.0477427128997
chrX	127800000	127900000	67195	3288.0	0.0489322122182
chrX	127900000	128000000	68270	3442.0	0.050417460085
chrX	128000000	128100000	79770	3921.0	0.0491538172245
chrX	128100000	128200000	70924	3449.0	0.0486295189217
chrX	128200000	128300000	81247	3555.0	0.0437554617401
chrX	128300000	128400000	69910	3269.0	0.0467601201545
chrX	128400000	128500000	46915	2272.0	0.0484280080998
chrX	128500000	128600000	35383	1685.0	0.0476217392533
chrX	128600000	128700000	0	0.0	NA
chrX	128700000	128800000	18650	933.0	0.0500268096515
chrX	128800000	128900000	48018	2418.0	0.0503561164563
chrX	128900000	129000000	0	0.0	NA
chrX	129000000	129100000	0	0.0	NA
chrX	129100000	129200000	587	17.0	0.0289608177172
chrX	129200000	129300000	0	0.0	NA
chrX	129300000	129400000	0	0.0	NA
chrX	129400000	129500000	19158	970.0	0.0506315899363
chrX	129500000	129600000	28239	1358.0	0.0480895215836
chrX	129600000	129700000	25129	1277.0	0.0508177802539
chrX	129700000	129800000	33438	1645.0	0.0491955260482
chrX	129800000	129900000	0	0.0	NA
chrX	129900000	130000000	0	0.0	NA
chrX	130000000	130100000	28496	1388.0	0.0487085906794
chrX	130100000	130200000	5529	269.0	0.0486525592331
chrX	130200000	130300000	13867	726.0	0.0523545107089
chrX	130300000	130400000	79750	3843.0	0.0481880877743
chrX	130400000	130500000	0	0.0	NA
chrX	130500000	130600000	0	0.0	NA
chrX	130600000	130700000	0	0.0	NA
chrX	130700000	130800000	57885	3107.0	0.0536753908612
chrX	130800000	130900000	5960	325.0	0.0545302013423
chrX	130900000	131000000	18599	986.0	0.0530136028819
chrX	131000000	131100000	35229	1888.0	0.0535922109626
chrX	131100000	131200000	20046	1016.0	0.0506834281153
chrX	131200000	131300000	15910	806.0	0.0506599622879
chrX	131300000	131400000	24290	1143.0	0.0470564018114
chrX	131400000	131500000	0	0.0	NA
chrX	131500000	131600000	0	0.0	NA
chrX	131600000	131700000	51827	2490.0	0.0480444555926
chrX	131700000	131800000	26501	1233.0	0.0465265461681
chrX	131800000	131900000	0	0.0	NA
chrX	131900000	132000000	0	0.0	NA
chrX	132000000	132100000	0	0.0	NA
chrX	132100000	132200000	32005	1502.0	0.0469301671614
chrX	132200000	132300000	22180	1097.0	0.0494589720469
chrX	132300000	132400000	45186	2119.0	0.0468950559908
chrX	132400000	132500000	11125	583.0	0.052404494382
chrX	132500000	132600000	21445	1008.0	0.0470039636279
chrX	132600000	132700000	37766	1629.0	0.0431340359053
chrX	132700000	132800000	0	0.0	NA
chrX	132800000	132900000	0	0.0	NA
chrX	132900000	133000000	0	0.0	NA
chrX	133000000	133100000	0	0.0	NA
chrX	133100000	133200000	39243	1795.0	0.0457406416431
chrX	133200000	133300000	43388	2151.0	0.0495759196091
chrX	133300000	133400000	18540	852.0	0.0459546925566
chrX	133400000	133500000	39027	1951.0	0.0499910318497
chrX	133500000	133600000	5463	223.0	0.0408200622369
chrX	133600000	133700000	11918	643.0	0.05395200537
chrX	133700000	133800000	0	0.0	NA
chrX	133800000	133900000	0	0.0	NA
chrX	133900000	134000000	748	27.0	0.0360962566845
chrX	134000000	134100000	18377	865.0	0.0470697066986
chrX	134100000	134200000	18699	919.0	0.0491470132093
chrX	134200000	134300000	9259	466.0	0.0503294092235
chrX	134300000	134400000	11445	882.0	0.0770642201835
chrX	134400000	134500000	0	0.0	NA
chrX	134500000	134600000	27077	1415.0	0.052258374266
chrX	134600000	134700000	35864	1870.0	0.0521414231541
chrX	134700000	134800000	21827	2520.0	0.115453337609
chrX	134800000	134900000	13757	1106.0	0.0803954350512
chrX	134900000	135000000	4690	342.0	0.072921108742
chrX	135000000	135100000	13728	880.0	0.0641025641026
chrX	135100000	135200000	35541	1831.0	0.051517965167
chrX	135200000	135300000	4378	212.0	0.0484239378712
chrX	135300000	135400000	18694	852.0	0.0455761206804
chrX	135400000	135500000	0	0.0	NA
chrX	135500000	135600000	36998	1691.0	0.0457051732526
chrX	135600000	135700000	15592	723.0	0.0463699332991
chrX	135700000	135800000	11121	437.0	0.0392950274256
chrX	135800000	135900000	7745	335.0	0.0432537120723
chrX	135900000	136000000	7141	349.0	0.0488727069038
chrX	136000000	136100000	5383	260.0	0.048300204347
chrX	136100000	136200000	60949	2851.0	0.0467768134014
chrX	136200000	136300000	70210	3498.0	0.0498219626834
chrX	136300000	136400000	85373	4000.0	0.0468532205732
chrX	136400000	136500000	74895	3680.0	0.0491354563055
chrX	136500000	136600000	73670	3568.0	0.0484321976381
chrX	136600000	136700000	21274	963.0	0.0452665225157
chrX	136700000	136800000	0	0.0	NA
chrX	136800000	136900000	0	0.0	NA
chrX	136900000	137000000	0	0.0	NA
chrX	137000000	137100000	22811	1099.0	0.0481785103678
chrX	137100000	137200000	52768	2705.0	0.0512621285628
chrX	137200000	137300000	69726	3650.0	0.0523477612368
chrX	137300000	137400000	67823	3588.0	0.0529024077378
chrX	137400000	137500000	53602	2839.0	0.0529644416253
chrX	137500000	137600000	67530	3668.0	0.0543166000296
chrX	137600000	137700000	72527	3848.0	0.0530561032443
chrX	137700000	137800000	0	0.0	NA
chrX	137800000	137900000	0	0.0	NA
chrX	137900000	138000000	0	0.0	NA
chrX	138000000	138100000	0	0.0	NA
chrX	138100000	138200000	0	0.0	NA
chrX	138200000	138300000	1458	76.0	0.0521262002743
chrX	138300000	138400000	75555	3850.0	0.0509562570313
chrX	138400000	138500000	70249	3407.0	0.0484989110165
chrX	138500000	138600000	53715	2612.0	0.0486270129387
chrX	138600000	138700000	2510	123.0	0.0490039840637
chrX	138700000	138800000	0	0.0	NA
chrX	138800000	138900000	0	0.0	NA
chrX	138900000	139000000	0	0.0	NA
chrX	139000000	139100000	8371	430.0	0.0513678174651
chrX	139100000	139200000	41708	1944.0	0.046609763115
chrX	139200000	139300000	66636	3218.0	0.0482922144186
chrX	139300000	139400000	49139	2401.0	0.0488613931907
chrX	139400000	139500000	48142	2092.0	0.0434547796103
chrX	139500000	139600000	35491	1599.0	0.0450536755797
chrX	139600000	139700000	81061	4126.0	0.0508999395517
chrX	139700000	139800000	40108	2154.0	0.0537049965094
chrX	139800000	139900000	1587	111.0	0.069943289225
chrX	139900000	140000000	67470	3749.0	0.0555654364903
chrX	140000000	140100000	0	0.0	NA
chrX	140100000	140200000	0	0.0	NA
chrX	140200000	140300000	28764	1593.0	0.0553817271589
chrX	140300000	140400000	13601	761.0	0.0559517682523
chrX	140400000	140500000	0	0.0	NA
chrX	140500000	140600000	0	0.0	NA
chrX	140600000	140700000	0	0.0	NA
chrX	140700000	140800000	17155	973.0	0.0567181579714
chrX	140800000	140900000	68033	3811.0	0.056016932959
chrX	140900000	141000000	6869	386.0	0.0561944970156
chrX	141000000	141100000	67718	3803.0	0.0561593667858
chrX	141100000	141200000	75457	4399.0	0.0582981035557
chrX	141200000	141300000	33416	2113.0	0.0632331817094
chrX	141300000	141400000	65194	3676.0	0.0563855569531
chrX	141400000	141500000	60529	3478.0	0.0574600604669
chrX	141500000	141600000	59422	3389.0	0.0570327488136
chrX	141600000	141700000	50724	3000.0	0.0591436006624
chrX	141700000	141800000	69252	3836.0	0.0553919020389
chrX	141800000	141900000	57012	3268.0	0.0573212656984
chrX	141900000	142000000	54429	3190.0	0.0586084624006
chrX	142000000	142100000	77190	4515.0	0.0584920326467
chrX	142100000	142200000	37452	2217.0	0.0591957705864
chrX	142200000	142300000	60681	3567.0	0.0587828150492
chrX	142300000	142400000	41913	2427.0	0.0579056617279
chrX	142400000	142500000	0	0.0	NA
chrX	142500000	142600000	0	0.0	NA
chrX	142600000	142700000	55608	3175.0	0.0570961012804
chrX	142700000	142800000	39589	2230.0	0.056328778196
chrX	142800000	142900000	14034	794.0	0.0565768847086
chrX	142900000	143000000	44804	2527.0	0.0564012141773
chrX	143000000	143100000	62918	3643.0	0.057900759719
chrX	143100000	143200000	44535	2685.0	0.0602896598181
chrX	143200000	143300000	3307	184.0	0.0556395524645
chrX	143300000	143400000	72596	4109.0	0.0566009146509
chrX	143400000	143500000	58776	3114.0	0.0529808084933
chrX	143500000	143600000	34524	1958.0	0.0567141698529
chrX	143600000	143700000	75737	4375.0	0.0577656891612
chrX	143700000	143800000	71654	4140.0	0.0577776537248
chrX	143800000	143900000	55492	3173.0	0.0571794132488
chrX	143900000	144000000	39343	2209.0	0.0561472180566
chrX	144000000	144100000	69691	4073.0	0.0584437014823
chrX	144100000	144200000	54758	3086.0	0.0563570619818
chrX	144200000	144300000	75958	4234.0	0.0557413307354
chrX	144300000	144400000	29320	1677.0	0.0571964529332
chrX	144400000	144500000	61589	3281.0	0.0532724999594
chrX	144500000	144600000	69969	3866.0	0.0552530406323
chrX	144600000	144700000	67283	3611.0	0.0536688316514
chrX	144700000	144800000	78352	4309.0	0.0549954053502
chrX	144800000	144900000	44359	2388.0	0.0538334948939
chrX	144900000	145000000	51988	2983.0	0.0573786258367
chrX	145000000	145100000	36118	2146.0	0.0594163574949
chrX	145100000	145200000	60477	3467.0	0.0573275790797
chrX	145200000	145300000	77925	4392.0	0.0563618864293
chrX	145300000	145400000	62109	3717.0	0.0598463990726
chrX	145400000	145500000	71668	4132.0	0.0576547413071
chrX	145500000	145600000	43833	2575.0	0.0587456938836
chrX	145600000	145700000	82859	4868.0	0.0587504073185
chrX	145700000	145800000	67372	3810.0	0.0565516831918
chrX	145800000	145900000	56164	3293.0	0.0586318638274
chrX	145900000	146000000	63119	3592.0	0.0569083794103
chrX	146000000	146100000	63883	3833.0	0.0600003130723
chrX	146100000	146200000	69215	4260.0	0.0615473524525
chrX	146200000	146300000	20694	1233.0	0.0595824876776
chrX	146300000	146400000	10678	630.0	0.058999812699
chrX	146400000	146500000	72940	4272.0	0.0585686865917
chrX	146500000	146600000	67489	4083.0	0.0604987479441
chrX	146600000	146700000	79827	4542.0	0.0568980420159
chrX	146700000	146800000	73679	4573.0	0.0620665318476
chrX	146800000	146900000	81153	4170.0	0.0513844220177
chrX	146900000	147000000	36870	1817.0	0.0492812584757
chrX	147000000	147100000	5188	256.0	0.0493446414803
chrX	147100000	147200000	56344	2819.0	0.0500319466137
chrX	147200000	147300000	67965	3248.0	0.0477893033179
chrX	147300000	147400000	73048	3740.0	0.0511992114774
chrX	147400000	147500000	54271	2621.0	0.0482946693446
chrX	147500000	147600000	33153	1599.0	0.0482309293277
chrX	147600000	147700000	0	0.0	NA
chrX	147700000	147800000	0	0.0	NA
chrX	147800000	147900000	0	0.0	NA
chrX	147900000	148000000	0	0.0	NA
chrX	148000000	148100000	7329	330.0	0.0450266066312
chrX	148100000	148200000	69079	3642.0	0.052722245545
chrX	148200000	148300000	54359	2876.0	0.0529075222134
chrX	148300000	148400000	67970	3384.0	0.04978667059
chrX	148400000	148500000	65279	3350.0	0.051318188085
chrX	148500000	148600000	25705	1325.0	0.0515463917526
chrX	148600000	148700000	1005	174.0	0.173134328358
chrX	148700000	148800000	8255	456.0	0.05523924894
chrX	148800000	148900000	13070	881.0	0.0674062739097
chrX	148900000	149000000	702	84.0	0.119658119658
chrX	149000000	149100000	2128	103.0	0.0484022556391
chrX	149100000	149200000	0	0.0	NA
chrX	149200000	149300000	0	0.0	NA
chrX	149300000	149400000	0	0.0	NA
chrX	149400000	149500000	65658	3096.0	0.0471534314173
chrX	149500000	149600000	15950	782.0	0.0490282131661
chrX	149600000	149700000	6474	402.0	0.0620945319741
chrX	149700000	149800000	16724	805.0	0.0481344176034
chrX	149800000	149900000	0	0.0	NA
chrX	149900000	150000000	0	0.0	NA
chrX	150000000	150100000	0	0.0	NA
chrX	150100000	150200000	22109	1156.0	0.0522863992039
chrX	150200000	150300000	38230	1877.0	0.0490975673555
chrX	150300000	150400000	24306	1194.0	0.0491236731671
chrX	150400000	150500000	71749	3556.0	0.0495616663647
chrX	150500000	150600000	49375	2231.0	0.0451848101266
chrX	150600000	150700000	30949	1365.0	0.0441048176032
chrX	150700000	150800000	9748	534.0	0.0547804677883
chrX	150800000	150900000	0	0.0	NA
chrX	150900000	151000000	66778	3556.0	0.0532510707119
chrX	151000000	151100000	35475	1880.0	0.0529950669486
chrX	151100000	151200000	35084	1888.0	0.0538137042527
chrX	151200000	151300000	40685	2220.0	0.0545655647044
chrX	151300000	151400000	0	0.0	NA
chrX	151400000	151500000	0	0.0	NA
chrX	151500000	151600000	0	0.0	NA
chrX	151600000	151700000	38120	1974.0	0.0517838405037
chrX	151700000	151800000	67389	3190.0	0.0473371024945
chrX	151800000	151900000	4846	260.0	0.0536524969047
chrX	151900000	152000000	20653	1110.0	0.0537452186123
chrX	152000000	152100000	21526	1041.0	0.0483601226424
chrX	152100000	152200000	2888	218.0	0.0754847645429
chrX	152200000	152300000	11937	572.0	0.0479182374131
chrX	152300000	152400000	3	0.0	0.0
chrX	152400000	152500000	0	0.0	NA
chrX	152500000	152600000	13971	803.0	0.0574762007015
chrX	152600000	152700000	11237	583.0	0.0518821749577
chrX	152700000	152800000	0	0.0	NA
chrX	152800000	152900000	16051	943.0	0.0587502336303
chrX	152900000	153000000	0	0.0	NA
chrX	153000000	153100000	0	0.0	NA
chrX	153100000	153200000	1910	97.0	0.0507853403141
chrX	153200000	153300000	1652	100.0	0.0605326876513
chrX	153300000	153400000	16985	907.0	0.0534000588755
chrX	153400000	153500000	0	0.0	NA
chrX	153500000	153600000	0	0.0	NA
chrX	153600000	153700000	0	0.0	NA
chrX	153700000	153800000	0	0.0	NA
chrX	153800000	153900000	8142	470.0	0.0577253746008
chrX	153900000	154000000	0	0.0	NA
chrX	154000000	154100000	0	0.0	NA
chrX	154100000	154200000	0	0.0	NA
chrX	154200000	154300000	0	0.0	NA
chrX	154300000	154400000	5786	260.0	0.0449360525406
chrX	154400000	154500000	6472	289.0	0.0446538936959
chrX	154500000	154600000	0	0.0	NA
chrX	154600000	154700000	8203	348.0	0.0424235035962
chrX	154700000	154800000	0	0.0	NA
chrX	154800000	154900000	0	0.0	NA
chrX	154900000	155000000	0	0.0	NA
chrX	155000000	155100000	26938	1413.0	0.0524537827604
chrX	155100000	155200000	4685	253.0	0.0540021344717
chrX	155200000	155270560	1607	183.0	0.113876789048
