chrX	0	100000	0	0.0	NA
chrX	100000	200000	0	0.0	NA
chrX	200000	300000	0	0.0	NA
chrX	300000	400000	0	0.0	NA
chrX	400000	500000	0	0.0	NA
chrX	500000	600000	0	0.0	NA
chrX	600000	700000	0	0.0	NA
chrX	700000	800000	0	0.0	NA
chrX	800000	900000	0	0.0	NA
chrX	900000	1000000	0	0.0	NA
chrX	1000000	1100000	0	0.0	NA
chrX	1100000	1200000	0	0.0	NA
chrX	1200000	1300000	0	0.0	NA
chrX	1300000	1400000	0	0.0	NA
chrX	1400000	1500000	0	0.0	NA
chrX	1500000	1600000	0	0.0	NA
chrX	1600000	1700000	0	0.0	NA
chrX	1700000	1800000	0	0.0	NA
chrX	1800000	1900000	0	0.0	NA
chrX	1900000	2000000	0	0.0	NA
chrX	2000000	2100000	0	0.0	NA
chrX	2100000	2200000	227	25.0	0.11013215859
chrX	2200000	2300000	0	0.0	NA
chrX	2300000	2400000	0	0.0	NA
chrX	2400000	2500000	20791	3214.0	0.154586118994
chrX	2500000	2600000	1868	233.0	0.124732334047
chrX	2600000	2700000	2366	370.0	0.156382079459
chrX	2700000	2800000	4464	504.0	0.112903225806
chrX	2800000	2900000	12437	1536.0	0.12350245236
chrX	2900000	3000000	6862	769.0	0.112066452929
chrX	3000000	3100000	32921	3698.0	0.112329516114
chrX	3100000	3200000	47420	4956.0	0.104512863771
chrX	3200000	3300000	34624	3726.0	0.107613216266
chrX	3300000	3400000	52947	5373.0	0.101478837328
chrX	3400000	3500000	45801	4782.0	0.104408200694
chrX	3500000	3600000	11452	1295.0	0.113080684597
chrX	3600000	3700000	23405	2519.0	0.107626575518
chrX	3700000	3800000	13434	1412.0	0.10510644633
chrX	3800000	3900000	20597	2105.0	0.10219934942
chrX	3900000	4000000	62872	6090.0	0.0968634686347
chrX	4000000	4100000	61116	5988.0	0.0979776163361
chrX	4100000	4200000	71656	7592.0	0.10595065312
chrX	4200000	4300000	57727	5828.0	0.100957957282
chrX	4300000	4400000	70096	7004.0	0.099920109564
chrX	4400000	4500000	56458	5662.0	0.100286938963
chrX	4500000	4600000	59930	5892.0	0.0983147004839
chrX	4600000	4700000	51113	5271.0	0.103124449749
chrX	4700000	4800000	61085	6208.0	0.101628877793
chrX	4800000	4900000	63692	6742.0	0.105853168373
chrX	4900000	5000000	70398	7506.0	0.106622347226
chrX	5000000	5100000	57022	6107.0	0.107099014415
chrX	5100000	5200000	58721	6272.0	0.106810170127
chrX	5200000	5300000	71459	7527.0	0.105333128087
chrX	5300000	5400000	58593	6021.0	0.102759715324
chrX	5400000	5500000	65667	6983.0	0.106339561728
chrX	5500000	5600000	47145	4731.0	0.100349984092
chrX	5600000	5700000	29557	3083.0	0.104306932368
chrX	5700000	5800000	63224	6336.0	0.100215108187
chrX	5800000	5900000	6491	675.0	0.103990140194
chrX	5900000	6000000	0	0.0	NA
chrX	6000000	6100000	0	0.0	NA
chrX	6100000	6200000	35565	3462.0	0.097342893294
chrX	6200000	6300000	61513	6217.0	0.101068066913
chrX	6300000	6400000	70828	7095.0	0.100172248263
chrX	6400000	6500000	59381	5752.0	0.0968660009094
chrX	6500000	6600000	61409	6065.0	0.0987640248172
chrX	6600000	6700000	46246	4436.0	0.0959218094538
chrX	6700000	6800000	76561	7355.0	0.0960671882551
chrX	6800000	6900000	68360	6422.0	0.0939438267993
chrX	6900000	7000000	29216	2888.0	0.0988499452355
chrX	7000000	7100000	0	0.0	NA
chrX	7100000	7200000	0	0.0	NA
chrX	7200000	7300000	16315	1456.0	0.0892430278884
chrX	7300000	7400000	80115	7120.0	0.0888722461462
chrX	7400000	7500000	69335	6458.0	0.093141991779
chrX	7500000	7600000	66277	5897.0	0.0889750592211
chrX	7600000	7700000	34911	3187.0	0.0912892784509
chrX	7700000	7800000	83447	7769.0	0.0931010102221
chrX	7800000	7900000	37417	3575.0	0.0955448058369
chrX	7900000	8000000	64887	6030.0	0.0929307873688
chrX	8000000	8100000	70772	6341.0	0.0895975809642
chrX	8100000	8200000	56951	5230.0	0.0918333304068
chrX	8200000	8300000	69999	6290.0	0.089858426549
chrX	8300000	8400000	63404	5781.0	0.0911772127941
chrX	8400000	8500000	53295	4977.0	0.0933858710948
chrX	8500000	8600000	0	0.0	NA
chrX	8600000	8700000	0	0.0	NA
chrX	8700000	8800000	48840	4944.0	0.101228501229
chrX	8800000	8900000	84625	7425.0	0.0877400295421
chrX	8900000	9000000	51684	5010.0	0.0969352217321
chrX	9000000	9100000	75924	6895.0	0.0908144987092
chrX	9100000	9200000	80749	7060.0	0.0874314232994
chrX	9200000	9300000	57748	5338.0	0.0924361016832
chrX	9300000	9400000	59428	5675.0	0.0954937066703
chrX	9400000	9500000	18894	1725.0	0.0912988250238
chrX	9500000	9600000	0	0.0	NA
chrX	9600000	9700000	4917	495.0	0.10067114094
chrX	9700000	9800000	10210	966.0	0.0946131243879
chrX	9800000	9900000	0	0.0	NA
chrX	9900000	10000000	23905	2170.0	0.090775988287
chrX	10000000	10100000	0	0.0	NA
chrX	10100000	10200000	6808	633.0	0.0929788484136
chrX	10200000	10300000	3631	286.0	0.0787661801157
chrX	10300000	10400000	49987	4020.0	0.0804209094365
chrX	10400000	10500000	7424	613.0	0.0825700431034
chrX	10500000	10600000	0	0.0	NA
chrX	10600000	10700000	0	0.0	NA
chrX	10700000	10800000	0	0.0	NA
chrX	10800000	10900000	12954	1035.0	0.0798981009727
chrX	10900000	11000000	0	0.0	NA
chrX	11000000	11100000	0	0.0	NA
chrX	11100000	11200000	10957	1021.0	0.093182440449
chrX	11200000	11300000	0	0.0	NA
chrX	11300000	11400000	0	0.0	NA
chrX	11400000	11500000	0	0.0	NA
chrX	11500000	11600000	0	0.0	NA
chrX	11600000	11700000	1905	164.0	0.0860892388451
chrX	11700000	11800000	4934	453.0	0.0918119173085
chrX	11800000	11900000	76087	6652.0	0.0874262357564
chrX	11900000	12000000	78527	6870.0	0.0874858328982
chrX	12000000	12100000	78568	6714.0	0.0854546380206
chrX	12100000	12200000	42582	3574.0	0.0839321779156
chrX	12200000	12300000	0	0.0	NA
chrX	12300000	12400000	0	0.0	NA
chrX	12400000	12500000	0	0.0	NA
chrX	12500000	12600000	0	0.0	NA
chrX	12600000	12700000	0	0.0	NA
chrX	12700000	12800000	32339	3005.0	0.0929218590556
chrX	12800000	12900000	17345	1628.0	0.093859901989
chrX	12900000	13000000	34410	2998.0	0.0871258355129
chrX	13000000	13100000	69854	5806.0	0.0831162138174
chrX	13100000	13200000	73498	6160.0	0.0838118044028
chrX	13200000	13300000	63198	5360.0	0.084812810532
chrX	13300000	13400000	16797	1702.0	0.101327618027
chrX	13400000	13500000	56281	4905.0	0.0871519695812
chrX	13500000	13600000	64342	5595.0	0.086957197476
chrX	13600000	13700000	12007	996.0	0.0829516115599
chrX	13700000	13800000	8078	678.0	0.083931666254
chrX	13800000	13900000	0	0.0	NA
chrX	13900000	14000000	20519	1709.0	0.0832886592914
chrX	14000000	14100000	52416	4699.0	0.0896481990232
chrX	14100000	14200000	70020	6126.0	0.0874892887746
chrX	14200000	14300000	66036	5936.0	0.0898903628324
chrX	14300000	14400000	70767	6103.0	0.0862407619371
chrX	14400000	14500000	72633	6272.0	0.0863519336941
chrX	14500000	14600000	41460	3650.0	0.0880366618427
chrX	14600000	14700000	0	0.0	NA
chrX	14700000	14800000	30300	2658.0	0.0877227722772
chrX	14800000	14900000	35672	2961.0	0.0830062794349
chrX	14900000	15000000	34043	2995.0	0.0879769703023
chrX	15000000	15100000	66667	5725.0	0.0858745706271
chrX	15100000	15200000	68195	5919.0	0.0867952195909
chrX	15200000	15300000	54164	4600.0	0.0849272579573
chrX	15300000	15400000	9069	740.0	0.0815966479215
chrX	15400000	15500000	0	0.0	NA
chrX	15500000	15600000	3279	273.0	0.0832570905764
chrX	15600000	15700000	10984	980.0	0.0892206846322
chrX	15700000	15800000	22092	1916.0	0.0867282274126
chrX	15800000	15900000	21609	1654.0	0.0765421814984
chrX	15900000	16000000	62354	4976.0	0.0798024184495
chrX	16000000	16100000	69628	5532.0	0.0794507956569
chrX	16100000	16200000	37585	3060.0	0.0814154582945
chrX	16200000	16300000	60488	5072.0	0.083851342415
chrX	16300000	16400000	55405	4664.0	0.0841801281473
chrX	16400000	16500000	71580	5956.0	0.0832075998882
chrX	16500000	16600000	51291	4181.0	0.0815152755844
chrX	16600000	16700000	2632	195.0	0.0740881458967
chrX	16700000	16800000	4576	446.0	0.097465034965
chrX	16800000	16900000	9374	742.0	0.0791551098784
chrX	16900000	17000000	38252	3283.0	0.0858255777476
chrX	17000000	17100000	0	0.0	NA
chrX	17100000	17200000	23427	1765.0	0.0753404191745
chrX	17200000	17300000	69497	5707.0	0.0821186526037
chrX	17300000	17400000	61238	4889.0	0.0798360495117
chrX	17400000	17500000	0	0.0	NA
chrX	17500000	17600000	0	0.0	NA
chrX	17600000	17700000	0	0.0	NA
chrX	17700000	17800000	11895	1127.0	0.094745691467
chrX	17800000	17900000	29062	2444.0	0.08409607047
chrX	17900000	18000000	69940	5785.0	0.0827137546468
chrX	18000000	18100000	0	0.0	NA
chrX	18100000	18200000	38183	3300.0	0.0864258963413
chrX	18200000	18300000	366	28.0	0.0765027322404
chrX	18300000	18400000	10076	853.0	0.0846566097658
chrX	18400000	18500000	19531	1745.0	0.0893451436178
chrX	18500000	18600000	0	0.0	NA
chrX	18600000	18700000	2966	283.0	0.0954146999326
chrX	18700000	18800000	5227	503.0	0.09623110771
chrX	18800000	18900000	16765	1764.0	0.105219206681
chrX	18900000	19000000	6741	799.0	0.118528408248
chrX	19000000	19100000	3380	280.0	0.0828402366864
chrX	19100000	19200000	35552	3157.0	0.0887995049505
chrX	19200000	19300000	58118	5159.0	0.0887676795485
chrX	19300000	19400000	40151	3519.0	0.0876441433588
chrX	19400000	19500000	0	0.0	NA
chrX	19500000	19600000	6340	553.0	0.0872239747634
chrX	19600000	19700000	0	0.0	NA
chrX	19700000	19800000	0	0.0	NA
chrX	19800000	19900000	0	0.0	NA
chrX	19900000	20000000	14446	1247.0	0.0863214730721
chrX	20000000	20100000	9090	844.0	0.0928492849285
chrX	20100000	20200000	7530	635.0	0.0843293492696
chrX	20200000	20300000	8099	630.0	0.0777873811582
chrX	20300000	20400000	76082	6025.0	0.0791908730054
chrX	20400000	20500000	47702	3808.0	0.07982893799
chrX	20500000	20600000	67762	5372.0	0.079277471149
chrX	20600000	20700000	72609	5901.0	0.0812709168285
chrX	20700000	20800000	56141	4544.0	0.0809390641421
chrX	20800000	20900000	0	0.0	NA
chrX	20900000	21000000	0	0.0	NA
chrX	21000000	21100000	0	0.0	NA
chrX	21100000	21200000	45493	3938.0	0.0865627678984
chrX	21200000	21300000	40987	3677.0	0.0897113718984
chrX	21300000	21400000	31325	2562.0	0.0817877094972
chrX	21400000	21500000	0	0.0	NA
chrX	21500000	21600000	0	0.0	NA
chrX	21600000	21700000	19340	1599.0	0.0826783867632
chrX	21700000	21800000	35056	2882.0	0.0822113190324
chrX	21800000	21900000	38347	2951.0	0.0769551725037
chrX	21900000	22000000	34689	2897.0	0.0835135057223
chrX	22000000	22100000	19661	1600.0	0.0813793804995
chrX	22100000	22200000	0	0.0	NA
chrX	22200000	22300000	0	0.0	NA
chrX	22300000	22400000	0	0.0	NA
chrX	22400000	22500000	0	0.0	NA
chrX	22500000	22600000	0	0.0	NA
chrX	22600000	22700000	0	0.0	NA
chrX	22700000	22800000	0	0.0	NA
chrX	22800000	22900000	0	0.0	NA
chrX	22900000	23000000	0	0.0	NA
chrX	23000000	23100000	0	0.0	NA
chrX	23100000	23200000	0	0.0	NA
chrX	23200000	23300000	0	0.0	NA
chrX	23300000	23400000	34197	3071.0	0.089803199111
chrX	23400000	23500000	32693	3292.0	0.100694338238
chrX	23500000	23600000	46802	4014.0	0.0857655655741
chrX	23600000	23700000	45045	3969.0	0.0881118881119
chrX	23700000	23800000	5575	584.0	0.104753363229
chrX	23800000	23900000	19078	1623.0	0.0850718104623
chrX	23900000	24000000	20620	1834.0	0.0889427740058
chrX	24000000	24100000	6016	495.0	0.0822805851064
chrX	24100000	24200000	11898	972.0	0.0816944024206
chrX	24200000	24300000	32653	2978.0	0.0912014210027
chrX	24300000	24400000	48192	3972.0	0.0824203187251
chrX	24400000	24500000	52895	4356.0	0.0823518290954
chrX	24500000	24600000	6556	532.0	0.0811470408786
chrX	24600000	24700000	4196	364.0	0.0867492850334
chrX	24700000	24800000	4162	352.0	0.0845747236905
chrX	24800000	24900000	0	0.0	NA
chrX	24900000	25000000	0	0.0	NA
chrX	25000000	25100000	48786	3845.0	0.0788135940639
chrX	25100000	25200000	66245	5266.0	0.0794927919088
chrX	25200000	25300000	74786	5977.0	0.0799213756585
chrX	25300000	25400000	46689	4022.0	0.086144487995
chrX	25400000	25500000	63692	5130.0	0.0805438673617
chrX	25500000	25600000	74743	6744.0	0.0902291853418
chrX	25600000	25700000	68207	6496.0	0.0952394915478
chrX	25700000	25800000	69099	6631.0	0.0959637621384
chrX	25800000	25900000	61960	5479.0	0.0884280180762
chrX	25900000	26000000	49040	4674.0	0.0953099510604
chrX	26000000	26100000	62731	5885.0	0.0938132661682
chrX	26100000	26200000	41556	3910.0	0.0940899027818
chrX	26200000	26300000	57893	5725.0	0.0988893303163
chrX	26300000	26400000	57534	5297.0	0.092067299336
chrX	26400000	26500000	65533	5851.0	0.0892832618681
chrX	26500000	26600000	64709	5897.0	0.0911310636851
chrX	26600000	26700000	66612	5996.0	0.0900138113253
chrX	26700000	26800000	62315	5558.0	0.0891920083447
chrX	26800000	26900000	68201	5982.0	0.0877113238809
chrX	26900000	27000000	62427	5646.0	0.0904416358307
chrX	27000000	27100000	36334	3361.0	0.0925028898552
chrX	27100000	27200000	0	0.0	NA
chrX	27200000	27300000	0	0.0	NA
chrX	27300000	27400000	0	0.0	NA
chrX	27400000	27500000	43728	3822.0	0.0874039517014
chrX	27500000	27600000	57303	5135.0	0.089611364152
chrX	27600000	27700000	7748	694.0	0.0895715023232
chrX	27700000	27800000	23073	2113.0	0.0915789017466
chrX	27800000	27900000	59687	5251.0	0.0879756060784
chrX	27900000	28000000	73777	6370.0	0.08634127167
chrX	28000000	28100000	79447	6964.0	0.0876559215578
chrX	28100000	28200000	66206	5527.0	0.0834818596502
chrX	28200000	28300000	58644	4847.0	0.0826512516199
chrX	28300000	28400000	68686	5655.0	0.0823311883062
chrX	28400000	28500000	60066	5284.0	0.0879698997769
chrX	28500000	28600000	62916	5285.0	0.0840008900757
chrX	28600000	28700000	915	46.0	0.0502732240437
chrX	28700000	28800000	0	0.0	NA
chrX	28800000	28900000	0	0.0	NA
chrX	28900000	29000000	0	0.0	NA
chrX	29000000	29100000	0	0.0	NA
chrX	29100000	29200000	0	0.0	NA
chrX	29200000	29300000	0	0.0	NA
chrX	29300000	29400000	0	0.0	NA
chrX	29400000	29500000	0	0.0	NA
chrX	29500000	29600000	0	0.0	NA
chrX	29600000	29700000	0	0.0	NA
chrX	29700000	29800000	0	0.0	NA
chrX	29800000	29900000	0	0.0	NA
chrX	29900000	30000000	15906	1156.0	0.0726769772413
chrX	30000000	30100000	61669	5631.0	0.0913100585383
chrX	30100000	30200000	63882	5672.0	0.0887887041733
chrX	30200000	30300000	58300	5241.0	0.089897084048
chrX	30300000	30400000	57395	5232.0	0.091157766356
chrX	30400000	30500000	72454	6497.0	0.0896706876087
chrX	30500000	30600000	37275	3319.0	0.0890409121395
chrX	30600000	30700000	31588	2828.0	0.089527668735
chrX	30700000	30800000	16526	1551.0	0.0938521118238
chrX	30800000	30900000	15368	1450.0	0.0943519000521
chrX	30900000	31000000	5489	504.0	0.0918200036437
chrX	31000000	31100000	65605	5636.0	0.0859080862739
chrX	31100000	31200000	27980	2702.0	0.0965689778413
chrX	31200000	31300000	0	0.0	NA
chrX	31300000	31400000	0	0.0	NA
chrX	31400000	31500000	0	0.0	NA
chrX	31500000	31600000	0	0.0	NA
chrX	31600000	31700000	0	0.0	NA
chrX	31700000	31800000	0	0.0	NA
chrX	31800000	31900000	0	0.0	NA
chrX	31900000	32000000	0	0.0	NA
chrX	32000000	32100000	0	0.0	NA
chrX	32100000	32200000	0	0.0	NA
chrX	32200000	32300000	0	0.0	NA
chrX	32300000	32400000	0	0.0	NA
chrX	32400000	32500000	0	0.0	NA
chrX	32500000	32600000	0	0.0	NA
chrX	32600000	32700000	0	0.0	NA
chrX	32700000	32800000	0	0.0	NA
chrX	32800000	32900000	0	0.0	NA
chrX	32900000	33000000	0	0.0	NA
chrX	33000000	33100000	0	0.0	NA
chrX	33100000	33200000	0	0.0	NA
chrX	33200000	33300000	0	0.0	NA
chrX	33300000	33400000	26327	2759.0	0.104797356326
chrX	33400000	33500000	55589	5845.0	0.105146701686
chrX	33500000	33600000	46746	4973.0	0.106383433877
chrX	33600000	33700000	60054	6412.0	0.106770573151
chrX	33700000	33800000	35935	3453.0	0.0960901627939
chrX	33800000	33900000	0	0.0	NA
chrX	33900000	34000000	26678	2690.0	0.100832146338
chrX	34000000	34100000	81395	8341.0	0.102475582038
chrX	34100000	34200000	40320	4313.0	0.106969246032
chrX	34200000	34300000	15324	1670.0	0.108979378752
chrX	34300000	34400000	0	0.0	NA
chrX	34400000	34500000	18903	1970.0	0.104216261969
chrX	34500000	34600000	70471	6961.0	0.0987782208284
chrX	34600000	34700000	50497	4655.0	0.0921836940808
chrX	34700000	34800000	62179	5560.0	0.0894192573055
chrX	34800000	34900000	50674	4624.0	0.091249950665
chrX	34900000	35000000	60256	5738.0	0.095227031333
chrX	35000000	35100000	61298	5625.0	0.0917648210382
chrX	35100000	35200000	56284	5154.0	0.0915713168929
chrX	35200000	35300000	46670	4481.0	0.0960145703878
chrX	35300000	35400000	41700	3839.0	0.0920623501199
chrX	35400000	35500000	54488	4821.0	0.0884781970342
chrX	35500000	35600000	57674	4897.0	0.0849082775601
chrX	35600000	35700000	44439	4071.0	0.0916087220685
chrX	35700000	35800000	70752	6340.0	0.0896087743103
chrX	35800000	35900000	48087	4224.0	0.0878407885707
chrX	35900000	36000000	22029	1804.0	0.0818920513868
chrX	36000000	36100000	0	0.0	NA
chrX	36100000	36200000	0	0.0	NA
chrX	36200000	36300000	0	0.0	NA
chrX	36300000	36400000	0	0.0	NA
chrX	36400000	36500000	11696	1069.0	0.0913987688098
chrX	36500000	36600000	65513	6208.0	0.0947598186619
chrX	36600000	36700000	40061	3792.0	0.0946556501335
chrX	36700000	36800000	21820	2272.0	0.104124656279
chrX	36800000	36900000	55799	5067.0	0.0908080789978
chrX	36900000	37000000	35706	3318.0	0.0929255587296
chrX	37000000	37100000	35957	3820.0	0.106238006508
chrX	37100000	37200000	32677	3024.0	0.0925421550326
chrX	37200000	37300000	7874	697.0	0.0885191770384
chrX	37300000	37400000	0	0.0	NA
chrX	37400000	37500000	0	0.0	NA
chrX	37500000	37600000	0	0.0	NA
chrX	37600000	37700000	0	0.0	NA
chrX	37700000	37800000	0	0.0	NA
chrX	37800000	37900000	0	0.0	NA
chrX	37900000	38000000	0	0.0	NA
chrX	38000000	38100000	0	0.0	NA
chrX	38100000	38200000	0	0.0	NA
chrX	38200000	38300000	0	0.0	NA
chrX	38300000	38400000	0	0.0	NA
chrX	38400000	38500000	0	0.0	NA
chrX	38500000	38600000	30914	2524.0	0.0816458562464
chrX	38600000	38700000	47490	3903.0	0.0821857233102
chrX	38700000	38800000	82720	6867.0	0.0830149903288
chrX	38800000	38900000	78947	6964.0	0.0882110783184
chrX	38900000	39000000	58670	5213.0	0.0888529060849
chrX	39000000	39100000	66831	5732.0	0.0857685804492
chrX	39100000	39200000	17060	1542.0	0.090386869871
chrX	39200000	39300000	28978	2694.0	0.0929670784733
chrX	39300000	39400000	89575	7458.0	0.0832598381245
chrX	39400000	39500000	74285	6417.0	0.0863835229185
chrX	39500000	39600000	80972	6383.0	0.0788297189152
chrX	39600000	39700000	68969	5859.0	0.0849512099639
chrX	39700000	39800000	68557	6069.0	0.0885248771096
chrX	39800000	39900000	56932	4973.0	0.0873498208389
chrX	39900000	40000000	3756	350.0	0.0931842385517
chrX	40000000	40100000	23392	2126.0	0.0908857729138
chrX	40100000	40200000	45001	3880.0	0.0862203062154
chrX	40200000	40300000	65903	5813.0	0.0882053927742
chrX	40300000	40400000	74007	6377.0	0.0861675246936
chrX	40400000	40500000	26993	2276.0	0.0843181565591
chrX	40500000	40600000	1275	91.0	0.0713725490196
chrX	40600000	40700000	39371	3302.0	0.0838688374692
chrX	40700000	40800000	43784	3541.0	0.0808742919788
chrX	40800000	40900000	41724	3361.0	0.0805531588534
chrX	40900000	41000000	15632	1256.0	0.0803480040942
chrX	41000000	41100000	1973	153.0	0.0775468829194
chrX	41100000	41200000	26719	2484.0	0.0929675511808
chrX	41200000	41300000	20974	1929.0	0.0919710117288
chrX	41300000	41400000	15814	1472.0	0.0930820791704
chrX	41400000	41500000	0	0.0	NA
chrX	41500000	41600000	0	0.0	NA
chrX	41600000	41700000	0	0.0	NA
chrX	41700000	41800000	14123	1179.0	0.0834808468456
chrX	41800000	41900000	64782	5172.0	0.079836991757
chrX	41900000	42000000	66649	5496.0	0.0824618523909
chrX	42000000	42100000	71104	5915.0	0.0831880063006
chrX	42100000	42200000	10784	938.0	0.0869807121662
chrX	42200000	42300000	0	0.0	NA
chrX	42300000	42400000	0	0.0	NA
chrX	42400000	42500000	0	0.0	NA
chrX	42500000	42600000	25689	2176.0	0.0847055159796
chrX	42600000	42700000	65473	5863.0	0.0895483634475
chrX	42700000	42800000	59659	5022.0	0.0841784139862
chrX	42800000	42900000	50522	4440.0	0.0878825066308
chrX	42900000	43000000	76001	6597.0	0.0868014894541
chrX	43000000	43100000	39604	3425.0	0.0864811635188
chrX	43100000	43200000	40525	3592.0	0.0886366440469
chrX	43200000	43300000	62658	5348.0	0.0853522295637
chrX	43300000	43400000	57500	4716.0	0.0820173913043
chrX	43400000	43500000	59890	5187.0	0.0866087827684
chrX	43500000	43600000	8602	698.0	0.0811439200186
chrX	43600000	43700000	12592	1253.0	0.0995076238882
chrX	43700000	43800000	35203	3377.0	0.0959293242053
chrX	43800000	43900000	57493	4810.0	0.0836623588959
chrX	43900000	44000000	66303	5486.0	0.0827413540865
chrX	44000000	44100000	4533	262.0	0.057798367527
chrX	44100000	44200000	0	0.0	NA
chrX	44200000	44300000	44009	3708.0	0.0842554931946
chrX	44300000	44400000	36892	3183.0	0.0862788680473
chrX	44400000	44500000	26912	2436.0	0.0905172413793
chrX	44500000	44600000	44723	3767.0	0.0842295910382
chrX	44600000	44700000	29020	2505.0	0.0863197794624
chrX	44700000	44800000	10416	987.0	0.0947580645161
chrX	44800000	44900000	0	0.0	NA
chrX	44900000	45000000	10989	854.0	0.0777140777141
chrX	45000000	45100000	5378	483.0	0.0898103384158
chrX	45100000	45200000	2845	237.0	0.0833040421793
chrX	45200000	45300000	53245	4471.0	0.0839703258522
chrX	45300000	45400000	28981	2400.0	0.0828128774024
chrX	45400000	45500000	0	0.0	NA
chrX	45500000	45600000	50761	4453.0	0.0877248281161
chrX	45600000	45700000	47851	4084.0	0.0853482685837
chrX	45700000	45800000	61396	5219.0	0.0850055378201
chrX	45800000	45900000	57464	4886.0	0.0850271474314
chrX	45900000	46000000	41645	3575.0	0.0858446392124
chrX	46000000	46100000	54663	4407.0	0.0806212611822
chrX	46100000	46200000	53700	4427.0	0.0824394785847
chrX	46200000	46300000	39841	3348.0	0.0840340352903
chrX	46300000	46400000	5048	407.0	0.0806259904913
chrX	46400000	46500000	11161	924.0	0.08278828062
chrX	46500000	46600000	0	0.0	NA
chrX	46600000	46700000	38870	3303.0	0.0849755595575
chrX	46700000	46800000	13229	948.0	0.0716607453322
chrX	46800000	46900000	0	0.0	NA
chrX	46900000	47000000	18284	1634.0	0.0893677532269
chrX	47000000	47100000	7526	643.0	0.0854371512091
chrX	47100000	47200000	20052	2116.0	0.105525633353
chrX	47200000	47300000	13703	1113.0	0.0812230898343
chrX	47300000	47400000	23451	2104.0	0.0897189885293
chrX	47400000	47500000	14377	1256.0	0.0873617583641
chrX	47500000	47600000	19783	1628.0	0.0822928777233
chrX	47600000	47700000	29729	2439.0	0.0820411046453
chrX	47700000	47800000	4317	294.0	0.0681028492008
chrX	47800000	47900000	12234	1075.0	0.0878698708517
chrX	47900000	48000000	16185	1645.0	0.101637318505
chrX	48000000	48100000	16498	2266.0	0.137349981816
chrX	48100000	48200000	6227	899.0	0.144371286334
chrX	48200000	48300000	1950	247.0	0.126666666667
chrX	48300000	48400000	22864	1946.0	0.0851119664101
chrX	48400000	48500000	19348	1651.0	0.0853318172421
chrX	48500000	48600000	17633	1533.0	0.0869392616118
chrX	48600000	48700000	23417	2152.0	0.0918990477004
chrX	48700000	48800000	7061	643.0	0.0910635887268
chrX	48800000	48900000	5179	383.0	0.0739525004827
chrX	48900000	49000000	7308	697.0	0.0953749315818
chrX	49000000	49100000	7952	722.0	0.0907947686117
chrX	49100000	49200000	10557	1056.0	0.100028417164
chrX	49200000	49300000	0	0.0	NA
chrX	49300000	49400000	9948	985.0	0.0990148773623
chrX	49400000	49500000	49852	4465.0	0.0895651127337
chrX	49500000	49600000	53348	4432.0	0.0830771537827
chrX	49600000	49700000	63966	5466.0	0.085451646187
chrX	49700000	49800000	0	0.0	NA
chrX	49800000	49900000	21770	1886.0	0.0866329811667
chrX	49900000	50000000	37594	3569.0	0.0949353620259
chrX	50000000	50100000	2086	192.0	0.0920421860019
chrX	50100000	50200000	7487	599.0	0.0800053425938
chrX	50200000	50300000	65747	5670.0	0.086239676335
chrX	50300000	50400000	19131	1522.0	0.079556740369
chrX	50400000	50500000	0	0.0	NA
chrX	50500000	50600000	21775	1844.0	0.0846842709529
chrX	50600000	50700000	47284	4133.0	0.087408002707
chrX	50700000	50800000	44635	4370.0	0.0979052313207
chrX	50800000	50900000	17282	1774.0	0.102650156232
chrX	50900000	51000000	25358	2270.0	0.0895181007966
chrX	51000000	51100000	34829	3267.0	0.0938011427259
chrX	51100000	51200000	47	3.0	0.063829787234
chrX	51200000	51300000	18921	1675.0	0.0885259764283
chrX	51300000	51400000	36438	3387.0	0.0929524123168
chrX	51400000	51500000	27394	2556.0	0.0933051033073
chrX	51500000	51600000	20713	1748.0	0.0843914449862
chrX	51600000	51700000	22411	2156.0	0.0962027575744
chrX	51700000	51800000	7256	734.0	0.101157662624
chrX	51800000	51900000	2853	335.0	0.117420259376
chrX	51900000	52000000	15215	1520.0	0.0999014130792
chrX	52000000	52100000	37439	3851.0	0.102860653329
chrX	52100000	52200000	0	0.0	NA
chrX	52200000	52300000	0	0.0	NA
chrX	52300000	52400000	0	0.0	NA
chrX	52400000	52500000	0	0.0	NA
chrX	52500000	52600000	12870	2049.0	0.159207459207
chrX	52600000	52700000	11629	1820.0	0.156505288503
chrX	52700000	52800000	0	0.0	NA
chrX	52800000	52900000	8978	1347.0	0.150033415014
chrX	52900000	53000000	8693	894.0	0.102841366617
chrX	53000000	53100000	17467	1432.0	0.0819831682601
chrX	53100000	53200000	6463	501.0	0.0775181804116
chrX	53200000	53300000	14976	1192.0	0.079594017094
chrX	53300000	53400000	20853	1573.0	0.0754327914449
chrX	53400000	53500000	12862	992.0	0.0771264189084
chrX	53500000	53600000	944	93.0	0.0985169491525
chrX	53600000	53700000	0	0.0	NA
chrX	53700000	53800000	36923	2988.0	0.0809251685941
chrX	53800000	53900000	24872	2203.0	0.0885734963011
chrX	53900000	54000000	18194	1625.0	0.0893151588436
chrX	54000000	54100000	7972	638.0	0.0800301053688
chrX	54100000	54200000	0	0.0	NA
chrX	54200000	54300000	5509	445.0	0.0807769105101
chrX	54300000	54400000	6667	545.0	0.0817459127044
chrX	54400000	54500000	14724	1208.0	0.0820429231187
chrX	54500000	54600000	10099	827.0	0.0818892959699
chrX	54600000	54700000	20075	1734.0	0.0863760896638
chrX	54700000	54800000	25537	2080.0	0.0814504444531
chrX	54800000	54900000	27379	2610.0	0.0953285364696
chrX	54900000	55000000	17835	1577.0	0.0884216428371
chrX	55000000	55100000	19132	1720.0	0.0899017353126
chrX	55100000	55200000	41316	3594.0	0.0869880917804
chrX	55200000	55300000	24781	2303.0	0.09293410274
chrX	55300000	55400000	26444	2654.0	0.100363031311
chrX	55400000	55500000	33300	3344.0	0.10042042042
chrX	55500000	55600000	30971	2942.0	0.0949920893739
chrX	55600000	55700000	6566	672.0	0.102345415778
chrX	55700000	55800000	14090	1272.0	0.0902767920511
chrX	55800000	55900000	7709	721.0	0.0935270463095
chrX	55900000	56000000	7534	693.0	0.0919830103531
chrX	56000000	56100000	0	0.0	NA
chrX	56100000	56200000	0	0.0	NA
chrX	56200000	56300000	0	0.0	NA
chrX	56300000	56400000	9659	1105.0	0.114401076716
chrX	56400000	56500000	1534	185.0	0.120599739244
chrX	56500000	56600000	32096	3144.0	0.0979561316052
chrX	56600000	56700000	4931	512.0	0.103832893936
chrX	56700000	56800000	2840	241.0	0.0848591549296
chrX	56800000	56900000	148	20.0	0.135135135135
chrX	56900000	57000000	0	0.0	NA
chrX	57000000	57100000	8161	1033.0	0.126577625291
chrX	57100000	57200000	7246	789.0	0.108887662158
chrX	57200000	57300000	0	0.0	NA
chrX	57300000	57400000	1033	122.0	0.118102613746
chrX	57400000	57500000	0	0.0	NA
chrX	57500000	57600000	786	135.0	0.171755725191
chrX	57600000	57700000	18234	1875.0	0.102829878249
chrX	57700000	57800000	0	0.0	NA
chrX	57800000	57900000	0	0.0	NA
chrX	57900000	58000000	30260	3248.0	0.107336417713
chrX	58000000	58100000	0	0.0	NA
chrX	58100000	58200000	0	0.0	NA
chrX	58200000	58300000	0	0.0	NA
chrX	58300000	58400000	0	0.0	NA
chrX	58400000	58500000	0	0.0	NA
chrX	58500000	58600000	0	0.0	NA
chrX	58600000	58700000	0	0.0	NA
chrX	58700000	58800000	0	0.0	NA
chrX	58800000	58900000	0	0.0	NA
chrX	58900000	59000000	0	0.0	NA
chrX	59000000	59100000	0	0.0	NA
chrX	59100000	59200000	0	0.0	NA
chrX	59200000	59300000	0	0.0	NA
chrX	59300000	59400000	0	0.0	NA
chrX	59400000	59500000	0	0.0	NA
chrX	59500000	59600000	0	0.0	NA
chrX	59600000	59700000	0	0.0	NA
chrX	59700000	59800000	0	0.0	NA
chrX	59800000	59900000	0	0.0	NA
chrX	59900000	60000000	0	0.0	NA
chrX	60000000	60100000	0	0.0	NA
chrX	60100000	60200000	0	0.0	NA
chrX	60200000	60300000	0	0.0	NA
chrX	60300000	60400000	0	0.0	NA
chrX	60400000	60500000	0	0.0	NA
chrX	60500000	60600000	0	0.0	NA
chrX	60600000	60700000	0	0.0	NA
chrX	60700000	60800000	0	0.0	NA
chrX	60800000	60900000	0	0.0	NA
chrX	60900000	61000000	0	0.0	NA
chrX	61000000	61100000	0	0.0	NA
chrX	61100000	61200000	0	0.0	NA
chrX	61200000	61300000	0	0.0	NA
chrX	61300000	61400000	0	0.0	NA
chrX	61400000	61500000	0	0.0	NA
chrX	61500000	61600000	0	0.0	NA
chrX	61600000	61700000	0	0.0	NA
chrX	61700000	61800000	0	0.0	NA
chrX	61800000	61900000	0	0.0	NA
chrX	61900000	62000000	0	0.0	NA
chrX	62000000	62100000	0	0.0	NA
chrX	62100000	62200000	0	0.0	NA
chrX	62200000	62300000	0	0.0	NA
chrX	62300000	62400000	0	0.0	NA
chrX	62400000	62500000	0	0.0	NA
chrX	62500000	62600000	849	127.0	0.149587750294
chrX	62600000	62700000	0	0.0	NA
chrX	62700000	62800000	5523	614.0	0.111171464784
chrX	62800000	62900000	2828	318.0	0.112446958982
chrX	62900000	63000000	0	0.0	NA
chrX	63000000	63100000	48717	5160.0	0.105917852084
chrX	63100000	63200000	37251	4054.0	0.108829293173
chrX	63200000	63300000	2920	346.0	0.118493150685
chrX	63300000	63400000	20684	2101.0	0.101576097467
chrX	63400000	63500000	18116	1727.0	0.0953300949437
chrX	63500000	63600000	0	0.0	NA
chrX	63600000	63700000	5696	567.0	0.0995435393258
chrX	63700000	63800000	10404	1217.0	0.116974240677
chrX	63800000	63900000	14008	1503.0	0.107295830954
chrX	63900000	64000000	0	0.0	NA
chrX	64000000	64100000	605	102.0	0.168595041322
chrX	64100000	64200000	7898	828.0	0.104836667511
chrX	64200000	64300000	13536	1261.0	0.0931589834515
chrX	64300000	64400000	12927	1585.0	0.122611588149
chrX	64400000	64500000	10288	1158.0	0.112558320373
chrX	64500000	64600000	13532	1541.0	0.113878214602
chrX	64600000	64700000	2975	327.0	0.109915966387
chrX	64700000	64800000	18283	1690.0	0.0924355959088
chrX	64800000	64900000	20841	1920.0	0.0921260975961
chrX	64900000	65000000	8671	813.0	0.0937608119017
chrX	65000000	65100000	0	0.0	NA
chrX	65100000	65200000	10149	1048.0	0.103261405065
chrX	65200000	65300000	35681	3609.0	0.101146268322
chrX	65300000	65400000	18403	2112.0	0.114763897191
chrX	65400000	65500000	1353	174.0	0.128603104213
chrX	65500000	65600000	3774	440.0	0.116587175411
chrX	65600000	65700000	30632	3472.0	0.113345521024
chrX	65700000	65800000	1721	192.0	0.111563044741
chrX	65800000	65900000	16612	1703.0	0.102516253311
chrX	65900000	66000000	15694	1770.0	0.112781954887
chrX	66000000	66100000	27537	3189.0	0.115807822203
chrX	66100000	66200000	36127	3872.0	0.107177457303
chrX	66200000	66300000	25504	3012.0	0.118099121706
chrX	66300000	66400000	47443	5601.0	0.118057458424
chrX	66400000	66500000	22304	2722.0	0.122040889527
chrX	66500000	66600000	37351	4474.0	0.119782602875
chrX	66600000	66700000	7483	955.0	0.127622611252
chrX	66700000	66800000	24784	2684.0	0.108295674629
chrX	66800000	66900000	0	0.0	NA
chrX	66900000	67000000	34927	3573.0	0.10229908094
chrX	67000000	67100000	25952	2789.0	0.107467632552
chrX	67100000	67200000	22330	2396.0	0.107299596955
chrX	67200000	67300000	21640	2156.0	0.0996303142329
chrX	67300000	67400000	0	0.0	NA
chrX	67400000	67500000	0	0.0	NA
chrX	67500000	67600000	0	0.0	NA
chrX	67600000	67700000	16403	1507.0	0.0918734377858
chrX	67700000	67800000	18899	1695.0	0.0896872850415
chrX	67800000	67900000	26529	2379.0	0.0896754495081
chrX	67900000	68000000	31555	3201.0	0.101441926794
chrX	68000000	68100000	50809	4550.0	0.0895510637879
chrX	68100000	68200000	68578	5935.0	0.0865437895535
chrX	68200000	68300000	86195	8022.0	0.09306804339
chrX	68300000	68400000	81811	7020.0	0.0858075319945
chrX	68400000	68500000	49728	4452.0	0.089527027027
chrX	68500000	68600000	56252	4968.0	0.088316859845
chrX	68600000	68700000	52645	4561.0	0.0866369075886
chrX	68700000	68800000	56723	4868.0	0.0858205666132
chrX	68800000	68900000	24411	2033.0	0.08328212691
chrX	68900000	69000000	0	0.0	NA
chrX	69000000	69100000	0	0.0	NA
chrX	69100000	69200000	0	0.0	NA
chrX	69200000	69300000	17480	1546.0	0.0884439359268
chrX	69300000	69400000	36126	3008.0	0.0832641310967
chrX	69400000	69500000	26097	2144.0	0.0821550369774
chrX	69500000	69600000	1419	193.0	0.136011275546
chrX	69600000	69700000	8964	680.0	0.0758589915216
chrX	69700000	69800000	8300	750.0	0.0903614457831
chrX	69800000	69900000	0	0.0	NA
chrX	69900000	70000000	0	0.0	NA
chrX	70000000	70100000	0	0.0	NA
chrX	70100000	70200000	25375	2066.0	0.0814187192118
chrX	70200000	70300000	26202	2100.0	0.0801465536982
chrX	70300000	70400000	19650	1438.0	0.0731806615776
chrX	70400000	70500000	4556	348.0	0.0763827919227
chrX	70500000	70600000	0	0.0	NA
chrX	70600000	70700000	0	0.0	NA
chrX	70700000	70800000	0	0.0	NA
chrX	70800000	70900000	0	0.0	NA
chrX	70900000	71000000	0	0.0	NA
chrX	71000000	71100000	16910	2407.0	0.14234180958
chrX	71100000	71200000	5674	451.0	0.0794853718717
chrX	71200000	71300000	0	0.0	NA
chrX	71300000	71400000	3485	270.0	0.077474892396
chrX	71400000	71500000	5703	527.0	0.092407504822
chrX	71500000	71600000	26029	2211.0	0.0849437166238
chrX	71600000	71700000	0	0.0	NA
chrX	71700000	71800000	4382	363.0	0.0828388863533
chrX	71800000	71900000	0	0.0	NA
chrX	71900000	72000000	13696	1318.0	0.0962324766355
chrX	72000000	72100000	0	0.0	NA
chrX	72100000	72200000	0	0.0	NA
chrX	72200000	72300000	3381	297.0	0.0878438331854
chrX	72300000	72400000	0	0.0	NA
chrX	72400000	72500000	24566	2653.0	0.107994789547
chrX	72500000	72600000	5003	576.0	0.115130921447
chrX	72600000	72700000	10058	945.0	0.0939550606482
chrX	72700000	72800000	0	0.0	NA
chrX	72800000	72900000	0	0.0	NA
chrX	72900000	73000000	602	64.0	0.106312292359
chrX	73000000	73100000	10910	916.0	0.0839596700275
chrX	73100000	73200000	12655	1126.0	0.0889766890557
chrX	73200000	73300000	0	0.0	NA
chrX	73300000	73400000	0	0.0	NA
chrX	73400000	73500000	0	0.0	NA
chrX	73500000	73600000	32719	3040.0	0.0929123750726
chrX	73600000	73700000	10714	891.0	0.0831622176591
chrX	73700000	73800000	18739	1666.0	0.0889054912215
chrX	73800000	73900000	2333	211.0	0.0904414916417
chrX	73900000	74000000	9415	899.0	0.0954859267127
chrX	74000000	74100000	0	0.0	NA
chrX	74100000	74200000	20095	1887.0	0.093903956208
chrX	74200000	74300000	3801	306.0	0.0805051302289
chrX	74300000	74400000	9710	885.0	0.0911431513903
chrX	74400000	74500000	12540	1372.0	0.109409888357
chrX	74500000	74600000	9247	1012.0	0.109440899751
chrX	74600000	74700000	0	0.0	NA
chrX	74700000	74800000	12814	1478.0	0.115342594038
chrX	74800000	74900000	4544	474.0	0.104313380282
chrX	74900000	75000000	14613	1821.0	0.124615068774
chrX	75000000	75100000	7095	901.0	0.126990838619
chrX	75100000	75200000	5956	832.0	0.139691067831
chrX	75200000	75300000	13341	1598.0	0.119781125853
chrX	75300000	75400000	26147	2914.0	0.111446819903
chrX	75400000	75500000	16559	1814.0	0.109547678
chrX	75500000	75600000	0	0.0	NA
chrX	75600000	75700000	0	0.0	NA
chrX	75700000	75800000	0	0.0	NA
chrX	75800000	75900000	0	0.0	NA
chrX	75900000	76000000	0	0.0	NA
chrX	76000000	76100000	0	0.0	NA
chrX	76100000	76200000	0	0.0	NA
chrX	76200000	76300000	16960	1950.0	0.114976415094
chrX	76300000	76400000	25021	3099.0	0.123855960993
chrX	76400000	76500000	6950	946.0	0.136115107914
chrX	76500000	76600000	8236	927.0	0.112554638174
chrX	76600000	76700000	26224	2330.0	0.0888499084808
chrX	76700000	76800000	10332	781.0	0.0755903987611
chrX	76800000	76900000	0	0.0	NA
chrX	76900000	77000000	0	0.0	NA
chrX	77000000	77100000	8718	808.0	0.0926818077541
chrX	77100000	77200000	4548	409.0	0.0899296394019
chrX	77200000	77300000	0	0.0	NA
chrX	77300000	77400000	27950	2587.0	0.0925581395349
chrX	77400000	77500000	6884	695.0	0.100958744916
chrX	77500000	77600000	10031	875.0	0.0872295882763
chrX	77600000	77700000	2892	311.0	0.107538035961
chrX	77700000	77800000	0	0.0	NA
chrX	77800000	77900000	32947	3737.0	0.11342459101
chrX	77900000	78000000	49901	5072.0	0.101641249674
chrX	78000000	78100000	37838	3890.0	0.102806702257
chrX	78100000	78200000	34763	4082.0	0.11742369761
chrX	78200000	78300000	10383	1126.0	0.108446499085
chrX	78300000	78400000	41288	4400.0	0.106568494478
chrX	78400000	78500000	43180	4536.0	0.105048633627
chrX	78500000	78600000	21023	2191.0	0.104219188508
chrX	78600000	78700000	43974	4660.0	0.105971710556
chrX	78700000	78800000	5907	677.0	0.114609785001
chrX	78800000	78900000	28957	3308.0	0.114238353421
chrX	78900000	79000000	22523	2429.0	0.107845313679
chrX	79000000	79100000	11787	1242.0	0.105370323237
chrX	79100000	79200000	9423	1084.0	0.115037673777
chrX	79200000	79300000	31423	3214.0	0.102281768132
chrX	79300000	79400000	36353	3634.0	0.0999642395401
chrX	79400000	79500000	12947	1350.0	0.104271259751
chrX	79500000	79600000	0	0.0	NA
chrX	79600000	79700000	0	0.0	NA
chrX	79700000	79800000	8550	837.0	0.0978947368421
chrX	79800000	79900000	3476	378.0	0.108745684695
chrX	79900000	80000000	10067	948.0	0.0941690672494
chrX	80000000	80100000	4624	406.0	0.0878027681661
chrX	80100000	80200000	28195	2797.0	0.0992019861678
chrX	80200000	80300000	23416	2711.0	0.115775538094
chrX	80300000	80400000	30410	3301.0	0.108549819138
chrX	80400000	80500000	0	0.0	NA
chrX	80500000	80600000	11711	1234.0	0.1053710187
chrX	80600000	80700000	52223	5209.0	0.099745322942
chrX	80700000	80800000	19252	2132.0	0.110741741118
chrX	80800000	80900000	11413	1267.0	0.111013756243
chrX	80900000	81000000	0	0.0	NA
chrX	81000000	81100000	30866	3540.0	0.114689302145
chrX	81100000	81200000	46596	5386.0	0.115589320972
chrX	81200000	81300000	36366	4268.0	0.117362371446
chrX	81300000	81400000	24292	3025.0	0.124526593117
chrX	81400000	81500000	14037	1660.0	0.118258887227
chrX	81500000	81600000	25249	2784.0	0.110261792546
chrX	81600000	81700000	20167	2426.0	0.120295532305
chrX	81700000	81800000	28721	3192.0	0.111138191567
chrX	81800000	81900000	34046	3948.0	0.115960758973
chrX	81900000	82000000	30544	2781.0	0.0910489785228
chrX	82000000	82100000	32485	3466.0	0.106695397876
chrX	82100000	82200000	37194	4331.0	0.116443512394
chrX	82200000	82300000	22265	2643.0	0.118706490007
chrX	82300000	82400000	25505	3044.0	0.119349147226
chrX	82400000	82500000	22109	2609.0	0.118006241802
chrX	82500000	82600000	50202	5548.0	0.110513525358
chrX	82600000	82700000	25007	2840.0	0.113568200904
chrX	82700000	82800000	67648	6842.0	0.101141201514
chrX	82800000	82900000	36654	4391.0	0.119795929503
chrX	82900000	83000000	3421	573.0	0.167494884537
chrX	83000000	83100000	14108	1561.0	0.110646441735
chrX	83100000	83200000	12449	1451.0	0.11655554663
chrX	83200000	83300000	0	0.0	NA
chrX	83300000	83400000	3734	383.0	0.10257096947
chrX	83400000	83500000	42818	4130.0	0.096454762016
chrX	83500000	83600000	35532	3882.0	0.10925363053
chrX	83600000	83700000	0	0.0	NA
chrX	83700000	83800000	14518	1481.0	0.102011296322
chrX	83800000	83900000	16293	1742.0	0.106917080955
chrX	83900000	84000000	17267	1760.0	0.101928534198
chrX	84000000	84100000	3954	465.0	0.117602427921
chrX	84100000	84200000	21657	2270.0	0.104815994828
chrX	84200000	84300000	20484	1912.0	0.0933411443078
chrX	84300000	84400000	22406	2098.0	0.0936356333125
chrX	84400000	84500000	34989	3298.0	0.0942581954329
chrX	84500000	84600000	3831	326.0	0.085095275385
chrX	84600000	84700000	17147	1643.0	0.0958185105266
chrX	84700000	84800000	56549	5591.0	0.098870006543
chrX	84800000	84900000	36252	3921.0	0.108159549818
chrX	84900000	85000000	14961	1598.0	0.106811042043
chrX	85000000	85100000	30709	3151.0	0.102608355857
chrX	85100000	85200000	8320	759.0	0.0912259615385
chrX	85200000	85300000	0	0.0	NA
chrX	85300000	85400000	38750	3744.0	0.0966193548387
chrX	85400000	85500000	1576	137.0	0.0869289340102
chrX	85500000	85600000	0	0.0	NA
chrX	85600000	85700000	0	0.0	NA
chrX	85700000	85800000	0	0.0	NA
chrX	85800000	85900000	0	0.0	NA
chrX	85900000	86000000	0	0.0	NA
chrX	86000000	86100000	10873	1141.0	0.104938839327
chrX	86100000	86200000	31784	3445.0	0.10838786811
chrX	86200000	86300000	25246	2626.0	0.104016477858
chrX	86300000	86400000	38463	4111.0	0.106881938486
chrX	86400000	86500000	20971	2308.0	0.110056745029
chrX	86500000	86600000	54695	5827.0	0.106536246458
chrX	86600000	86700000	48701	5092.0	0.104556374612
chrX	86700000	86800000	28333	2992.0	0.105601242368
chrX	86800000	86900000	0	0.0	NA
chrX	86900000	87000000	18883	1937.0	0.102579039348
chrX	87000000	87100000	23510	2443.0	0.103913228413
chrX	87100000	87200000	47255	5129.0	0.108538778965
chrX	87200000	87300000	40749	4275.0	0.104910549952
chrX	87300000	87400000	47163	4936.0	0.10465831266
chrX	87400000	87500000	43796	4533.0	0.103502602977
chrX	87500000	87600000	31680	3257.0	0.102809343434
chrX	87600000	87700000	52700	5298.0	0.100531309298
chrX	87700000	87800000	50222	5133.0	0.102206204452
chrX	87800000	87900000	12612	1237.0	0.0980811925151
chrX	87900000	88000000	40640	4145.0	0.101993110236
chrX	88000000	88100000	21618	2295.0	0.106161532057
chrX	88100000	88200000	46391	5003.0	0.107844193917
chrX	88200000	88300000	44151	4551.0	0.103078072977
chrX	88300000	88400000	33567	3629.0	0.108112133941
chrX	88400000	88500000	23634	2536.0	0.107303037996
chrX	88500000	88600000	20	4.0	0.2
chrX	88600000	88700000	38	4.0	0.105263157895
chrX	88700000	88800000	5	2.0	0.4
chrX	88800000	88900000	1052	102.0	0.0969581749049
chrX	88900000	89000000	7390	787.0	0.10649526387
chrX	89000000	89100000	85	8.0	0.0941176470588
chrX	89100000	89200000	18	2.0	0.111111111111
chrX	89200000	89300000	5948	611.0	0.102723604573
chrX	89300000	89400000	13945	1475.0	0.105772678379
chrX	89400000	89500000	1645	153.0	0.093009118541
chrX	89500000	89600000	218	22.0	0.100917431193
chrX	89600000	89700000	183	29.0	0.158469945355
chrX	89700000	89800000	70	10.0	0.142857142857
chrX	89800000	89900000	7	2.0	0.285714285714
chrX	89900000	90000000	195	18.0	0.0923076923077
chrX	90000000	90100000	305	37.0	0.12131147541
chrX	90100000	90200000	98	17.0	0.173469387755
chrX	90200000	90300000	151	10.0	0.0662251655629
chrX	90300000	90400000	52410	5554.0	0.105972142721
chrX	90400000	90500000	121	8.0	0.0661157024793
chrX	90500000	90600000	11512	1208.0	0.104933981932
chrX	90600000	90700000	21551	2221.0	0.103057862744
chrX	90700000	90800000	14998	1648.0	0.109881317509
chrX	90800000	90900000	309	46.0	0.148867313916
chrX	90900000	91000000	9092	936.0	0.102947646282
chrX	91000000	91100000	102	8.0	0.078431372549
chrX	91100000	91200000	0	0.0	NA
chrX	91200000	91300000	0	0.0	NA
chrX	91300000	91400000	0	0.0	NA
chrX	91400000	91500000	0	0.0	NA
chrX	91500000	91600000	0	0.0	NA
chrX	91600000	91700000	0	0.0	NA
chrX	91700000	91800000	0	0.0	NA
chrX	91800000	91900000	0	0.0	NA
chrX	91900000	92000000	104	6.0	0.0576923076923
chrX	92000000	92100000	169	19.0	0.112426035503
chrX	92100000	92200000	983	129.0	0.131230925738
chrX	92200000	92300000	557	55.0	0.0987432675045
chrX	92300000	92400000	18973	1959.0	0.10325198967
chrX	92400000	92500000	36407	3881.0	0.106600379048
chrX	92500000	92600000	43257	4624.0	0.106895993712
chrX	92600000	92700000	42029	4342.0	0.103309619548
chrX	92700000	92800000	59681	6124.0	0.102612221645
chrX	92800000	92900000	46215	4696.0	0.101612030726
chrX	92900000	93000000	36352	3755.0	0.103295554577
chrX	93000000	93100000	81412	7880.0	0.0967916277699
chrX	93100000	93200000	60969	6650.0	0.109071823386
chrX	93200000	93300000	34763	3636.0	0.104593964848
chrX	93300000	93400000	57214	5862.0	0.102457440487
chrX	93400000	93500000	52661	5424.0	0.102998423881
chrX	93500000	93600000	56785	5852.0	0.103055384344
chrX	93600000	93700000	34777	3564.0	0.102481525146
chrX	93700000	93800000	47546	4971.0	0.10455138182
chrX	93800000	93900000	51894	5488.0	0.105754037076
chrX	93900000	94000000	17075	1731.0	0.101376281113
chrX	94000000	94100000	34932	3794.0	0.108611015688
chrX	94100000	94200000	15944	1761.0	0.110449071751
chrX	94200000	94300000	44939	4790.0	0.106588931663
chrX	94300000	94400000	34936	3640.0	0.104190519808
chrX	94400000	94500000	615	57.0	0.0926829268293
chrX	94500000	94600000	11305	1168.0	0.10331711632
chrX	94600000	94700000	57694	6089.0	0.105539570839
chrX	94700000	94800000	57001	5838.0	0.102419255803
chrX	94800000	94900000	48911	5109.0	0.104455030566
chrX	94900000	95000000	70601	6533.0	0.0925341000836
chrX	95000000	95100000	50083	4954.0	0.0989157997724
chrX	95100000	95200000	67360	6302.0	0.0935570071259
chrX	95200000	95300000	48063	4536.0	0.0943761313276
chrX	95300000	95400000	50369	4682.0	0.0929539994838
chrX	95400000	95500000	59631	5671.0	0.0951015411447
chrX	95500000	95600000	36778	3352.0	0.0911414432541
chrX	95600000	95700000	72089	6222.0	0.0863099779439
chrX	95700000	95800000	49934	4024.0	0.0805863740137
chrX	95800000	95900000	59990	5071.0	0.0845307551259
chrX	95900000	96000000	22366	2003.0	0.089555575427
chrX	96000000	96100000	0	0.0	NA
chrX	96100000	96200000	0	0.0	NA
chrX	96200000	96300000	0	0.0	NA
chrX	96300000	96400000	0	0.0	NA
chrX	96400000	96500000	0	0.0	NA
chrX	96500000	96600000	0	0.0	NA
chrX	96600000	96700000	0	0.0	NA
chrX	96700000	96800000	0	0.0	NA
chrX	96800000	96900000	1788	141.0	0.0788590604027
chrX	96900000	97000000	66276	5337.0	0.0805268875611
chrX	97000000	97100000	69083	5610.0	0.0812066644471
chrX	97100000	97200000	73210	6033.0	0.0824067750307
chrX	97200000	97300000	72139	6184.0	0.0857233951122
chrX	97300000	97400000	65786	6121.0	0.0930441127292
chrX	97400000	97500000	70411	6023.0	0.0855406115522
chrX	97500000	97600000	66354	5817.0	0.0876661542635
chrX	97600000	97700000	68236	5931.0	0.0869189284249
chrX	97700000	97800000	75366	6955.0	0.0922829923308
chrX	97800000	97900000	11573	1060.0	0.091592499784
chrX	97900000	98000000	0	0.0	NA
chrX	98000000	98100000	0	0.0	NA
chrX	98100000	98200000	50990	5145.0	0.100902137674
chrX	98200000	98300000	70051	6605.0	0.0942884469886
chrX	98300000	98400000	63874	6044.0	0.0946237905877
chrX	98400000	98500000	48723	4639.0	0.0952117069967
chrX	98500000	98600000	53927	5402.0	0.100172455356
chrX	98600000	98700000	47150	5145.0	0.109119830329
chrX	98700000	98800000	12407	1183.0	0.0953493995325
chrX	98800000	98900000	0	0.0	NA
chrX	98900000	99000000	0	0.0	NA
chrX	99000000	99100000	0	0.0	NA
chrX	99100000	99200000	2232	234.0	0.104838709677
chrX	99200000	99300000	68778	6544.0	0.0951467038879
chrX	99300000	99400000	65025	5738.0	0.0882429834679
chrX	99400000	99500000	33969	2961.0	0.0871677117372
chrX	99500000	99600000	19887	1712.0	0.0860863880927
chrX	99600000	99700000	28974	2093.0	0.0722371781597
chrX	99700000	99800000	52727	4374.0	0.0829556014945
chrX	99800000	99900000	34426	2789.0	0.0810143496195
chrX	99900000	100000000	9379	772.0	0.0823115470732
chrX	100000000	100100000	24812	2096.0	0.0844752539094
chrX	100100000	100200000	22109	1795.0	0.0811886562034
chrX	100200000	100300000	15757	1358.0	0.0861839182586
chrX	100300000	100400000	1409	127.0	0.0901348474095
chrX	100400000	100500000	24512	1956.0	0.0797976501305
chrX	100500000	100600000	10893	989.0	0.0907922519049
chrX	100600000	100700000	4259	402.0	0.0943883540737
chrX	100700000	100800000	0	0.0	NA
chrX	100800000	100900000	41875	3800.0	0.0907462686567
chrX	100900000	101000000	66465	6066.0	0.0912660798917
chrX	101000000	101100000	42434	4117.0	0.0970212565396
chrX	101100000	101200000	13208	1272.0	0.0963052695336
chrX	101200000	101300000	15517	1469.0	0.094670361539
chrX	101300000	101400000	14699	1468.0	0.0998707395061
chrX	101400000	101500000	12027	1225.0	0.10185416147
chrX	101500000	101600000	4409	471.0	0.106826944885
chrX	101600000	101700000	2433	309.0	0.127003699137
chrX	101700000	101800000	25103	2367.0	0.094291518942
chrX	101800000	101900000	9002	847.0	0.0940902021773
chrX	101900000	102000000	2339	204.0	0.0872167592988
chrX	102000000	102100000	12862	1076.0	0.0836572850257
chrX	102100000	102200000	17077	1514.0	0.0886572583006
chrX	102200000	102300000	16821	1447.0	0.0860234231021
chrX	102300000	102400000	28236	2582.0	0.0914435472447
chrX	102400000	102500000	44889	4084.0	0.0909799728218
chrX	102500000	102600000	48050	4065.0	0.0845993756504
chrX	102600000	102700000	47851	4038.0	0.0843869511609
chrX	102700000	102800000	37595	3287.0	0.0874318393403
chrX	102800000	102900000	38275	3208.0	0.0838145003266
chrX	102900000	103000000	40360	3467.0	0.0859018830525
chrX	103000000	103100000	25916	2269.0	0.0875520913721
chrX	103100000	103200000	20310	2004.0	0.098670605613
chrX	103200000	103300000	15695	2395.0	0.15259636827
chrX	103300000	103400000	7593	943.0	0.124193335967
chrX	103400000	103500000	36133	3178.0	0.0879528408934
chrX	103500000	103600000	71565	6209.0	0.0867602878502
chrX	103600000	103700000	68389	5697.0	0.0833028703446
chrX	103700000	103800000	70213	6205.0	0.0883739478444
chrX	103800000	103900000	7584	692.0	0.0912447257384
chrX	103900000	104000000	0	0.0	NA
chrX	104000000	104100000	0	0.0	NA
chrX	104100000	104200000	0	0.0	NA
chrX	104200000	104300000	0	0.0	NA
chrX	104300000	104400000	0	0.0	NA
chrX	104400000	104500000	0	0.0	NA
chrX	104500000	104600000	0	0.0	NA
chrX	104600000	104700000	0	0.0	NA
chrX	104700000	104800000	0	0.0	NA
chrX	104800000	104900000	0	0.0	NA
chrX	104900000	105000000	0	0.0	NA
chrX	105000000	105100000	36369	3423.0	0.0941186175039
chrX	105100000	105200000	0	0.0	NA
chrX	105200000	105300000	34972	3672.0	0.104998284342
chrX	105300000	105400000	16745	1710.0	0.102120035832
chrX	105400000	105500000	32949	3319.0	0.100731433427
chrX	105500000	105600000	39257	4071.0	0.103701250732
chrX	105600000	105700000	54555	5444.0	0.099789203556
chrX	105700000	105800000	45129	4391.0	0.0972988543952
chrX	105800000	105900000	26101	2471.0	0.0946707022719
chrX	105900000	106000000	12698	1228.0	0.0967081430146
chrX	106000000	106100000	5213	457.0	0.0876654517552
chrX	106100000	106200000	0	0.0	NA
chrX	106200000	106300000	30820	2671.0	0.0866645035691
chrX	106300000	106400000	5235	431.0	0.0823304680038
chrX	106400000	106500000	8542	774.0	0.0906110981035
chrX	106500000	106600000	66551	6051.0	0.0909227509729
chrX	106600000	106700000	64919	5678.0	0.0874628383062
chrX	106700000	106800000	44475	3663.0	0.0823608768971
chrX	106800000	106900000	14288	1228.0	0.0859462486002
chrX	106900000	107000000	37948	3353.0	0.0883577527142
chrX	107000000	107100000	18881	1779.0	0.0942217043589
chrX	107100000	107200000	7371	773.0	0.104870438204
chrX	107200000	107300000	34257	3118.0	0.091017894153
chrX	107300000	107400000	4712	413.0	0.0876485568761
chrX	107400000	107500000	0	0.0	NA
chrX	107500000	107600000	0	0.0	NA
chrX	107600000	107700000	341	24.0	0.0703812316716
chrX	107700000	107800000	0	0.0	NA
chrX	107800000	107900000	0	0.0	NA
chrX	107900000	108000000	25485	2281.0	0.089503629586
chrX	108000000	108100000	20568	1966.0	0.0955853753403
chrX	108100000	108200000	34589	3577.0	0.103414380294
chrX	108200000	108300000	40012	4135.0	0.103343996801
chrX	108300000	108400000	18862	1687.0	0.0894390838723
chrX	108400000	108500000	32450	3232.0	0.0995993836672
chrX	108500000	108600000	58825	5839.0	0.099260518487
chrX	108600000	108700000	14366	1296.0	0.0902130029236
chrX	108700000	108800000	27572	2596.0	0.0941534890469
chrX	108800000	108900000	36063	3243.0	0.0899259628983
chrX	108900000	109000000	12635	1066.0	0.0843688167788
chrX	109000000	109100000	60915	5457.0	0.0895838463433
chrX	109100000	109200000	68076	6121.0	0.0899142135261
chrX	109200000	109300000	26108	2263.0	0.0866784127471
chrX	109300000	109400000	0	0.0	NA
chrX	109400000	109500000	14836	1246.0	0.0839849015907
chrX	109500000	109600000	0	0.0	NA
chrX	109600000	109700000	427	31.0	0.0725995316159
chrX	109700000	109800000	44465	4155.0	0.0934442820196
chrX	109800000	109900000	25270	2326.0	0.0920459042343
chrX	109900000	110000000	9737	907.0	0.0931498408134
chrX	110000000	110100000	37261	3365.0	0.0903089020692
chrX	110100000	110200000	45327	4326.0	0.0954398040903
chrX	110200000	110300000	0	0.0	NA
chrX	110300000	110400000	0	0.0	NA
chrX	110400000	110500000	13247	1376.0	0.103872574923
chrX	110500000	110600000	21155	1874.0	0.0885842590404
chrX	110600000	110700000	37809	3438.0	0.0909307307784
chrX	110700000	110800000	58316	5251.0	0.0900438987585
chrX	110800000	110900000	49864	4619.0	0.0926319589283
chrX	110900000	111000000	13026	1174.0	0.0901274374328
chrX	111000000	111100000	11459	948.0	0.0827297320883
chrX	111100000	111200000	0	0.0	NA
chrX	111200000	111300000	0	0.0	NA
chrX	111300000	111400000	0	0.0	NA
chrX	111400000	111500000	0	0.0	NA
chrX	111500000	111600000	0	0.0	NA
chrX	111600000	111700000	0	0.0	NA
chrX	111700000	111800000	46016	4543.0	0.0987265299026
chrX	111800000	111900000	38245	3687.0	0.096404758792
chrX	111900000	112000000	49171	4435.0	0.0901954404019
chrX	112000000	112100000	26084	2060.0	0.0789756172366
chrX	112100000	112200000	63429	5156.0	0.0812877390468
chrX	112200000	112300000	50862	4479.0	0.0880618143211
chrX	112300000	112400000	0	0.0	NA
chrX	112400000	112500000	0	0.0	NA
chrX	112500000	112600000	0	0.0	NA
chrX	112600000	112700000	0	0.0	NA
chrX	112700000	112800000	21232	1883.0	0.0886868877167
chrX	112800000	112900000	27516	2545.0	0.0924916412269
chrX	112900000	113000000	0	0.0	NA
chrX	113000000	113100000	0	0.0	NA
chrX	113100000	113200000	13910	1332.0	0.0957584471603
chrX	113200000	113300000	43053	3936.0	0.0914222005435
chrX	113300000	113400000	65054	5685.0	0.0873889384204
chrX	113400000	113500000	64479	5946.0	0.0922160703485
chrX	113500000	113600000	36170	3280.0	0.0906828863699
chrX	113600000	113700000	44655	4281.0	0.0958683238159
chrX	113700000	113800000	53806	4986.0	0.0926662454001
chrX	113800000	113900000	12426	1146.0	0.0922259777885
chrX	113900000	114000000	0	0.0	NA
chrX	114000000	114100000	0	0.0	NA
chrX	114100000	114200000	28385	2655.0	0.0935353179496
chrX	114200000	114300000	48240	4402.0	0.0912520729685
chrX	114300000	114400000	23324	2141.0	0.0917938604013
chrX	114400000	114500000	15707	1376.0	0.0876042528809
chrX	114500000	114600000	55036	4927.0	0.0895232211643
chrX	114600000	114700000	73680	6415.0	0.087065689468
chrX	114700000	114800000	23431	2022.0	0.0862959327387
chrX	114800000	114900000	2002	189.0	0.0944055944056
chrX	114900000	115000000	11125	1026.0	0.0922247191011
chrX	115000000	115100000	4366	534.0	0.122308749427
chrX	115100000	115200000	22497	2287.0	0.101657998844
chrX	115200000	115300000	16203	1688.0	0.104178238598
chrX	115300000	115400000	41148	4226.0	0.102702439973
chrX	115400000	115500000	43116	4263.0	0.0988728082382
chrX	115500000	115600000	54062	5221.0	0.0965743035774
chrX	115600000	115700000	18090	1899.0	0.104975124378
chrX	115700000	115800000	26859	2694.0	0.100301574891
chrX	115800000	115900000	20107	2116.0	0.105236982146
chrX	115900000	116000000	27855	2806.0	0.100735954048
chrX	116000000	116100000	29607	3112.0	0.105110277975
chrX	116100000	116200000	47032	5003.0	0.106374383399
chrX	116200000	116300000	20237	2212.0	0.109304738845
chrX	116300000	116400000	45616	4773.0	0.104634338828
chrX	116400000	116500000	40832	4072.0	0.0997257053292
chrX	116500000	116600000	55516	5629.0	0.101394192665
chrX	116600000	116700000	62298	5549.0	0.0890718803172
chrX	116700000	116800000	41461	3938.0	0.0949808253539
chrX	116800000	116900000	55264	4986.0	0.0902214823393
chrX	116900000	117000000	56398	5380.0	0.0953934536686
chrX	117000000	117100000	13721	1342.0	0.0978062823409
chrX	117100000	117200000	0	0.0	NA
chrX	117200000	117300000	34470	3062.0	0.0888308674209
chrX	117300000	117400000	67904	5758.0	0.0847961828464
chrX	117400000	117500000	35781	3166.0	0.0884827142897
chrX	117500000	117600000	7468	665.0	0.0890465988216
chrX	117600000	117700000	6755	607.0	0.0898593634345
chrX	117700000	117800000	0	0.0	NA
chrX	117800000	117900000	20318	1787.0	0.0879515700364
chrX	117900000	118000000	26604	2377.0	0.0893474665464
chrX	118000000	118100000	11390	989.0	0.0868305531168
chrX	118100000	118200000	28000	2470.0	0.0882142857143
chrX	118200000	118300000	16450	1468.0	0.0892401215805
chrX	118300000	118400000	65605	5444.0	0.0829814800701
chrX	118400000	118500000	26556	2197.0	0.0827308329568
chrX	118500000	118600000	6707	527.0	0.0785746235277
chrX	118600000	118700000	30590	2671.0	0.0873161163779
chrX	118700000	118800000	7897	694.0	0.0878814739775
chrX	118800000	118900000	18734	1627.0	0.0868474431515
chrX	118900000	119000000	19158	2054.0	0.107213696628
chrX	119000000	119100000	10238	975.0	0.095233444032
chrX	119100000	119200000	25618	3173.0	0.123858224686
chrX	119200000	119300000	0	0.0	NA
chrX	119300000	119400000	30280	2622.0	0.0865918097754
chrX	119400000	119500000	32679	2631.0	0.0805104195355
chrX	119500000	119600000	12669	1087.0	0.0857999842134
chrX	119600000	119700000	23042	2076.0	0.0900963458033
chrX	119700000	119800000	25812	2297.0	0.0889896172323
chrX	119800000	119900000	58945	5189.0	0.0880312155399
chrX	119900000	120000000	53784	4691.0	0.0872192473598
chrX	120000000	120100000	4410	442.0	0.10022675737
chrX	120100000	120200000	37258	3260.0	0.0874979870095
chrX	120200000	120300000	34774	3067.0	0.0881980790246
chrX	120300000	120400000	39863	3590.0	0.0900584501919
chrX	120400000	120500000	52707	4676.0	0.0887168687271
chrX	120500000	120600000	47894	4910.0	0.102518060717
chrX	120600000	120700000	53131	5279.0	0.0993581901338
chrX	120700000	120800000	70977	6891.0	0.0970877890021
chrX	120800000	120900000	47110	4737.0	0.100551899809
chrX	120900000	121000000	39301	3896.0	0.0991323375996
chrX	121000000	121100000	40962	4145.0	0.101191348079
chrX	121100000	121200000	60409	6329.0	0.104769156914
chrX	121200000	121300000	35421	3770.0	0.106434036306
chrX	121300000	121400000	51136	5479.0	0.107145650814
chrX	121400000	121500000	29308	3325.0	0.113450252491
chrX	121500000	121600000	41111	3938.0	0.0957894480796
chrX	121600000	121700000	42174	4221.0	0.100085360649
chrX	121700000	121800000	45228	4353.0	0.0962456885115
chrX	121800000	121900000	39851	3875.0	0.097237208602
chrX	121900000	122000000	59006	5540.0	0.0938887570756
chrX	122000000	122100000	54160	4901.0	0.0904911373708
chrX	122100000	122200000	67103	6193.0	0.092290955695
chrX	122200000	122300000	59454	5390.0	0.0906583240825
chrX	122300000	122400000	16887	1353.0	0.0801208029845
chrX	122400000	122500000	0	0.0	NA
chrX	122500000	122600000	0	0.0	NA
chrX	122600000	122700000	35665	2991.0	0.0838637319501
chrX	122700000	122800000	16688	1402.0	0.084012464046
chrX	122800000	122900000	8556	701.0	0.0819308087892
chrX	122900000	123000000	20503	1853.0	0.0903770179974
chrX	123000000	123100000	16299	1213.0	0.0744217436653
chrX	123100000	123200000	0	0.0	NA
chrX	123200000	123300000	19137	1674.0	0.0874745257877
chrX	123300000	123400000	60258	4970.0	0.0824786750307
chrX	123400000	123500000	49152	4079.0	0.0829874674479
chrX	123500000	123600000	1753	132.0	0.0752994865944
chrX	123600000	123700000	0	0.0	NA
chrX	123700000	123800000	0	0.0	NA
chrX	123800000	123900000	0	0.0	NA
chrX	123900000	124000000	0	0.0	NA
chrX	124000000	124100000	1829	129.0	0.0705303444505
chrX	124100000	124200000	76028	6710.0	0.0882569579629
chrX	124200000	124300000	83191	7185.0	0.0863675157168
chrX	124300000	124400000	79205	6788.0	0.0857016602487
chrX	124400000	124500000	61502	6119.0	0.0994926994244
chrX	124500000	124600000	59243	5652.0	0.0954036763837
chrX	124600000	124700000	51925	5109.0	0.0983919114107
chrX	124700000	124800000	39272	4150.0	0.105673253208
chrX	124800000	124900000	46582	4736.0	0.101670173028
chrX	124900000	125000000	43222	4425.0	0.102378418398
chrX	125000000	125100000	31910	3250.0	0.101848950172
chrX	125100000	125200000	36029	3623.0	0.100557883927
chrX	125200000	125300000	39527	4424.0	0.111923495332
chrX	125300000	125400000	61584	6536.0	0.106131462718
chrX	125400000	125500000	60361	6600.0	0.109342124882
chrX	125500000	125600000	45049	4751.0	0.105462940354
chrX	125600000	125700000	48254	4916.0	0.101877564554
chrX	125700000	125800000	68086	7027.0	0.103207707899
chrX	125800000	125900000	63038	6284.0	0.0996859037406
chrX	125900000	126000000	50845	5228.0	0.102822303078
chrX	126000000	126100000	38294	4085.0	0.106674674884
chrX	126100000	126200000	52528	5658.0	0.107713981115
chrX	126200000	126300000	41233	4302.0	0.104333907307
chrX	126300000	126400000	45947	4820.0	0.104903475744
chrX	126400000	126500000	46447	4786.0	0.103042177105
chrX	126500000	126600000	53566	5652.0	0.105514692155
chrX	126600000	126700000	32508	3375.0	0.103820598007
chrX	126700000	126800000	45420	4799.0	0.105658300308
chrX	126800000	126900000	53391	5353.0	0.100260343504
chrX	126900000	127000000	38433	4090.0	0.10641896287
chrX	127000000	127100000	36016	3550.0	0.0985673034207
chrX	127100000	127200000	29968	3176.0	0.105979711692
chrX	127200000	127300000	20690	2104.0	0.101691638473
chrX	127300000	127400000	41406	4290.0	0.103608172729
chrX	127400000	127500000	30300	3024.0	0.099801980198
chrX	127500000	127600000	0	0.0	NA
chrX	127600000	127700000	0	0.0	NA
chrX	127700000	127800000	52177	4675.0	0.0895988654005
chrX	127800000	127900000	64384	5859.0	0.0910008697813
chrX	127900000	128000000	62888	5608.0	0.0891744052919
chrX	128000000	128100000	75179	6738.0	0.0896260923928
chrX	128100000	128200000	66188	5865.0	0.0886112286215
chrX	128200000	128300000	81060	6581.0	0.0811867752282
chrX	128300000	128400000	61100	5355.0	0.087643207856
chrX	128400000	128500000	41462	3557.0	0.0857893975206
chrX	128500000	128600000	39829	3339.0	0.0838333877326
chrX	128600000	128700000	10354	854.0	0.0824802008885
chrX	128700000	128800000	48469	4442.0	0.0916462068539
chrX	128800000	128900000	50681	4582.0	0.0904086343995
chrX	128900000	129000000	18019	1555.0	0.0862977967701
chrX	129000000	129100000	7034	566.0	0.0804663065112
chrX	129100000	129200000	12150	1100.0	0.0905349794239
chrX	129200000	129300000	10864	960.0	0.0883652430044
chrX	129300000	129400000	10356	975.0	0.0941483198146
chrX	129400000	129500000	23531	2125.0	0.0903064043177
chrX	129500000	129600000	48989	4054.0	0.0827532711425
chrX	129600000	129700000	31245	2759.0	0.0883021283405
chrX	129700000	129800000	36613	3166.0	0.0864720181356
chrX	129800000	129900000	0	0.0	NA
chrX	129900000	130000000	0	0.0	NA
chrX	130000000	130100000	28981	2619.0	0.0903695524654
chrX	130100000	130200000	14240	1338.0	0.0939606741573
chrX	130200000	130300000	16567	1623.0	0.0979658356975
chrX	130300000	130400000	74600	6546.0	0.0877479892761
chrX	130400000	130500000	7317	605.0	0.0826841601749
chrX	130500000	130600000	0	0.0	NA
chrX	130600000	130700000	0	0.0	NA
chrX	130700000	130800000	54303	5130.0	0.094469918789
chrX	130800000	130900000	6143	655.0	0.106625427316
chrX	130900000	131000000	22527	2077.0	0.0922004705465
chrX	131000000	131100000	35420	3260.0	0.0920383963862
chrX	131100000	131200000	39519	3581.0	0.0906146410587
chrX	131200000	131300000	15505	1476.0	0.0951950983554
chrX	131300000	131400000	29599	2591.0	0.0875367411061
chrX	131400000	131500000	0	0.0	NA
chrX	131500000	131600000	0	0.0	NA
chrX	131600000	131700000	54768	4874.0	0.0889935728893
chrX	131700000	131800000	51474	4810.0	0.0934452344873
chrX	131800000	131900000	0	0.0	NA
chrX	131900000	132000000	0	0.0	NA
chrX	132000000	132100000	3546	324.0	0.0913705583756
chrX	132100000	132200000	42270	3827.0	0.090537023894
chrX	132200000	132300000	29672	2810.0	0.0947020760313
chrX	132300000	132400000	66473	5722.0	0.0860800625818
chrX	132400000	132500000	21022	1923.0	0.0914755969936
chrX	132500000	132600000	26500	2221.0	0.0838113207547
chrX	132600000	132700000	39361	3207.0	0.0814765885013
chrX	132700000	132800000	0	0.0	NA
chrX	132800000	132900000	0	0.0	NA
chrX	132900000	133000000	0	0.0	NA
chrX	133000000	133100000	0	0.0	NA
chrX	133100000	133200000	46330	3703.0	0.0799266134254
chrX	133200000	133300000	45882	3938.0	0.0858288653502
chrX	133300000	133400000	51770	4396.0	0.084914042882
chrX	133400000	133500000	30117	2689.0	0.08928512136
chrX	133500000	133600000	14541	1197.0	0.0823189601816
chrX	133600000	133700000	26465	2482.0	0.0937842433403
chrX	133700000	133800000	0	0.0	NA
chrX	133800000	133900000	550	35.0	0.0636363636364
chrX	133900000	134000000	7650	680.0	0.0888888888889
chrX	134000000	134100000	31910	2838.0	0.0889376371044
chrX	134100000	134200000	46639	4350.0	0.0932695812517
chrX	134200000	134300000	10513	981.0	0.0933130409969
chrX	134300000	134400000	16268	2122.0	0.130440127858
chrX	134400000	134500000	2300	200.0	0.0869565217391
chrX	134500000	134600000	52687	5021.0	0.095298650521
chrX	134600000	134700000	36463	3429.0	0.0940405342402
chrX	134700000	134800000	23250	2835.0	0.121935483871
chrX	134800000	134900000	14691	1824.0	0.124157647539
chrX	134900000	135000000	4671	617.0	0.132091629201
chrX	135000000	135100000	10566	1387.0	0.131270111679
chrX	135100000	135200000	39115	3697.0	0.0945161702672
chrX	135200000	135300000	16996	1511.0	0.088903271358
chrX	135300000	135400000	27305	2519.0	0.0922541659037
chrX	135400000	135500000	924	77.0	0.0833333333333
chrX	135500000	135600000	54346	4909.0	0.0903286350421
chrX	135600000	135700000	52148	4881.0	0.0935989874971
chrX	135700000	135800000	29161	2471.0	0.0847364630843
chrX	135800000	135900000	19322	1636.0	0.084670323983
chrX	135900000	136000000	8950	955.0	0.106703910615
chrX	136000000	136100000	6838	622.0	0.0909622696695
chrX	136100000	136200000	76783	6975.0	0.0908404204056
chrX	136200000	136300000	53628	4880.0	0.0909972402476
chrX	136300000	136400000	79227	6818.0	0.0860565211355
chrX	136400000	136500000	72531	6481.0	0.089354896527
chrX	136500000	136600000	55460	4723.0	0.0851604760188
chrX	136600000	136700000	25243	2120.0	0.0839836786436
chrX	136700000	136800000	0	0.0	NA
chrX	136800000	136900000	0	0.0	NA
chrX	136900000	137000000	0	0.0	NA
chrX	137000000	137100000	31881	2722.0	0.0853800069007
chrX	137100000	137200000	39811	3688.0	0.0926377131948
chrX	137200000	137300000	53381	5193.0	0.0972818043873
chrX	137300000	137400000	63718	6118.0	0.0960168241313
chrX	137400000	137500000	63414	6115.0	0.096429810452
chrX	137500000	137600000	53664	5172.0	0.0963774597496
chrX	137600000	137700000	67003	6535.0	0.097532946286
chrX	137700000	137800000	0	0.0	NA
chrX	137800000	137900000	0	0.0	NA
chrX	137900000	138000000	0	0.0	NA
chrX	138000000	138100000	0	0.0	NA
chrX	138100000	138200000	0	0.0	NA
chrX	138200000	138300000	8149	742.0	0.0910541170696
chrX	138300000	138400000	68679	6312.0	0.0919058227406
chrX	138400000	138500000	35699	3438.0	0.0963052186336
chrX	138500000	138600000	55346	5022.0	0.0907382647346
chrX	138600000	138700000	14942	1313.0	0.0878731093562
chrX	138700000	138800000	7572	671.0	0.0886159535129
chrX	138800000	138900000	6875	634.0	0.0922181818182
chrX	138900000	139000000	0	0.0	NA
chrX	139000000	139100000	24211	2084.0	0.0860765767626
chrX	139100000	139200000	54560	4297.0	0.0787573313783
chrX	139200000	139300000	65394	5547.0	0.084824295807
chrX	139300000	139400000	41577	3883.0	0.0933929816966
chrX	139400000	139500000	46830	3962.0	0.0846038863976
chrX	139500000	139600000	68651	5867.0	0.0854612460124
chrX	139600000	139700000	70050	5940.0	0.0847965738758
chrX	139700000	139800000	43535	3839.0	0.088181922591
chrX	139800000	139900000	24779	2461.0	0.0993179708624
chrX	139900000	140000000	42629	4021.0	0.0943254591944
chrX	140000000	140100000	10894	1081.0	0.0992289333578
chrX	140100000	140200000	0	0.0	NA
chrX	140200000	140300000	31026	2825.0	0.0910526655063
chrX	140300000	140400000	11585	1124.0	0.0970220112214
chrX	140400000	140500000	0	0.0	NA
chrX	140500000	140600000	0	0.0	NA
chrX	140600000	140700000	0	0.0	NA
chrX	140700000	140800000	26279	2591.0	0.0985958369801
chrX	140800000	140900000	49348	4727.0	0.0957890897301
chrX	140900000	141000000	13469	1396.0	0.103645407974
chrX	141000000	141100000	57696	5744.0	0.0995562950638
chrX	141100000	141200000	53006	5450.0	0.102818548844
chrX	141200000	141300000	36468	4024.0	0.110343314687
chrX	141300000	141400000	53325	5492.0	0.102991092358
chrX	141400000	141500000	51384	5411.0	0.105305153355
chrX	141500000	141600000	42859	4264.0	0.0994890221424
chrX	141600000	141700000	67561	6990.0	0.103462056512
chrX	141700000	141800000	51086	5293.0	0.103609599499
chrX	141800000	141900000	37862	4009.0	0.105884528023
chrX	141900000	142000000	53103	5722.0	0.107752857654
chrX	142000000	142100000	58500	6091.0	0.10411965812
chrX	142100000	142200000	56759	6062.0	0.106802445427
chrX	142200000	142300000	54172	5803.0	0.107121760319
chrX	142300000	142400000	46021	4964.0	0.107863801308
chrX	142400000	142500000	0	0.0	NA
chrX	142500000	142600000	0	0.0	NA
chrX	142600000	142700000	43627	4895.0	0.112201159832
chrX	142700000	142800000	62269	6572.0	0.105542083541
chrX	142800000	142900000	23793	2432.0	0.102214937166
chrX	142900000	143000000	40552	4528.0	0.11165910436
chrX	143000000	143100000	34507	3697.0	0.107137682209
chrX	143100000	143200000	36501	3997.0	0.10950384921
chrX	143200000	143300000	1388	130.0	0.0936599423631
chrX	143300000	143400000	48827	5325.0	0.109058512708
chrX	143400000	143500000	42037	4469.0	0.106311106882
chrX	143500000	143600000	34683	3830.0	0.110428740305
chrX	143600000	143700000	57550	6305.0	0.109556907037
chrX	143700000	143800000	49105	5279.0	0.107504327462
chrX	143800000	143900000	30437	3464.0	0.113808851069
chrX	143900000	144000000	37124	4067.0	0.109551772438
chrX	144000000	144100000	60305	6442.0	0.106823646464
chrX	144100000	144200000	53936	5810.0	0.10772026105
chrX	144200000	144300000	72203	7762.0	0.107502458347
chrX	144300000	144400000	38329	4265.0	0.111273448303
chrX	144400000	144500000	53154	5569.0	0.104771042631
chrX	144500000	144600000	37248	4045.0	0.108596434708
chrX	144600000	144700000	36123	3779.0	0.104614788362
chrX	144700000	144800000	44884	4712.0	0.104981730684
chrX	144800000	144900000	62755	6558.0	0.104501633336
chrX	144900000	145000000	60372	6303.0	0.10440270324
chrX	145000000	145100000	27134	2889.0	0.106471585465
chrX	145100000	145200000	56348	6208.0	0.110172499468
chrX	145200000	145300000	77893	8207.0	0.105362484434
chrX	145300000	145400000	47945	5240.0	0.109291896965
chrX	145400000	145500000	52792	5546.0	0.10505379603
chrX	145500000	145600000	41986	4214.0	0.10036678893
chrX	145600000	145700000	48894	4970.0	0.101648464024
chrX	145700000	145800000	23542	2422.0	0.102879959222
chrX	145800000	145900000	37162	3823.0	0.10287390345
chrX	145900000	146000000	51621	5097.0	0.0987388853374
chrX	146000000	146100000	43644	4330.0	0.0992118046009
chrX	146100000	146200000	54482	5619.0	0.10313498036
chrX	146200000	146300000	14047	1474.0	0.104933437745
chrX	146300000	146400000	21794	2205.0	0.101174635221
chrX	146400000	146500000	59907	6196.0	0.103426978483
chrX	146500000	146600000	54696	5655.0	0.103389644581
chrX	146600000	146700000	71644	7347.0	0.102548713081
chrX	146700000	146800000	62460	6865.0	0.109910342619
chrX	146800000	146900000	68877	6391.0	0.0927885941606
chrX	146900000	147000000	55785	5253.0	0.0941650981447
chrX	147000000	147100000	19374	1799.0	0.0928564054919
chrX	147100000	147200000	55732	5167.0	0.0927115481232
chrX	147200000	147300000	59919	5329.0	0.0889367312539
chrX	147300000	147400000	67805	6431.0	0.0948455128678
chrX	147400000	147500000	50569	4660.0	0.0921513180011
chrX	147500000	147600000	58708	5198.0	0.0885398923486
chrX	147600000	147700000	0	0.0	NA
chrX	147700000	147800000	0	0.0	NA
chrX	147800000	147900000	0	0.0	NA
chrX	147900000	148000000	0	0.0	NA
chrX	148000000	148100000	15429	1379.0	0.0893771469311
chrX	148100000	148200000	68558	6506.0	0.0948977508095
chrX	148200000	148300000	51395	4874.0	0.0948341278334
chrX	148300000	148400000	70365	6396.0	0.0908974632275
chrX	148400000	148500000	49496	4576.0	0.0924519153063
chrX	148500000	148600000	32330	3021.0	0.0934426229508
chrX	148600000	148700000	6182	667.0	0.107893885474
chrX	148700000	148800000	18107	1850.0	0.102170431325
chrX	148800000	148900000	10090	1204.0	0.119326065411
chrX	148900000	149000000	0	0.0	NA
chrX	149000000	149100000	476	66.0	0.138655462185
chrX	149100000	149200000	0	0.0	NA
chrX	149200000	149300000	0	0.0	NA
chrX	149300000	149400000	5803	524.0	0.0902981216612
chrX	149400000	149500000	74050	6608.0	0.0892370020257
chrX	149500000	149600000	24586	2257.0	0.0918002115025
chrX	149600000	149700000	13197	1293.0	0.097976812912
chrX	149700000	149800000	25337	2322.0	0.0916446303824
chrX	149800000	149900000	15346	1434.0	0.09344454581
chrX	149900000	150000000	861	101.0	0.117305458769
chrX	150000000	150100000	12915	1243.0	0.0962446767325
chrX	150100000	150200000	46421	4583.0	0.0987268693048
chrX	150200000	150300000	34230	3100.0	0.0905638328951
chrX	150300000	150400000	31119	2967.0	0.0953436807095
chrX	150400000	150500000	50531	4675.0	0.0925174645267
chrX	150500000	150600000	66391	6061.0	0.0912924944646
chrX	150600000	150700000	51341	4380.0	0.0853119339319
chrX	150700000	150800000	10336	990.0	0.0957817337461
chrX	150800000	150900000	28759	3099.0	0.107757571543
chrX	150900000	151000000	66596	6912.0	0.103790017418
chrX	151000000	151100000	47153	4818.0	0.102178016245
chrX	151100000	151200000	42283	4362.0	0.103162027292
chrX	151200000	151300000	28250	3164.0	0.112
chrX	151300000	151400000	24	4.0	0.166666666667
chrX	151400000	151500000	0	0.0	NA
chrX	151500000	151600000	0	0.0	NA
chrX	151600000	151700000	21557	2051.0	0.0951431089669
chrX	151700000	151800000	51018	4683.0	0.0917911325415
chrX	151800000	151900000	10052	992.0	0.0986868284918
chrX	151900000	152000000	19174	1877.0	0.0978929800772
chrX	152000000	152100000	33448	3542.0	0.105895718728
chrX	152100000	152200000	15765	1775.0	0.112591183
chrX	152200000	152300000	11344	1252.0	0.110366713681
chrX	152300000	152400000	481	58.0	0.120582120582
chrX	152400000	152500000	3497	443.0	0.126680011438
chrX	152500000	152600000	23952	2487.0	0.103832665331
chrX	152600000	152700000	30953	3513.0	0.113494653184
chrX	152700000	152800000	10404	1270.0	0.122068435217
chrX	152800000	152900000	13638	1597.0	0.11709928142
chrX	152900000	153000000	11332	1246.0	0.109954112248
chrX	153000000	153100000	3850	509.0	0.132207792208
chrX	153100000	153200000	10718	1124.0	0.104870311625
chrX	153200000	153300000	8358	978.0	0.117013639627
chrX	153300000	153400000	17305	1708.0	0.0986997977463
chrX	153400000	153500000	6084	682.0	0.112097304405
chrX	153500000	153600000	2526	315.0	0.124703087886
chrX	153600000	153700000	7854	864.0	0.110007639419
chrX	153700000	153800000	7019	797.0	0.113548938595
chrX	153800000	153900000	4118	450.0	0.109276347742
chrX	153900000	154000000	8478	783.0	0.0923566878981
chrX	154000000	154100000	4631	462.0	0.0997624703088
chrX	154100000	154200000	0	0.0	NA
chrX	154200000	154300000	915	87.0	0.0950819672131
chrX	154300000	154400000	2414	224.0	0.092792046396
chrX	154400000	154500000	10876	936.0	0.0860610518573
chrX	154500000	154600000	174	14.0	0.0804597701149
chrX	154600000	154700000	0	0.0	NA
chrX	154700000	154800000	0	0.0	NA
chrX	154800000	154900000	0	0.0	NA
chrX	154900000	155000000	0	0.0	NA
chrX	155000000	155100000	4417	400.0	0.090559203079
chrX	155100000	155200000	4818	459.0	0.0952677459527
chrX	155200000	155270560	651	69.0	0.10599078341
