chrX	0	100000	0	0.0	NA
chrX	100000	200000	0	0.0	NA
chrX	200000	300000	0	0.0	NA
chrX	300000	400000	0	0.0	NA
chrX	400000	500000	0	0.0	NA
chrX	500000	600000	4319	1399.0	0.323917573512
chrX	600000	700000	3603	1268.0	0.351928948099
chrX	700000	800000	6701	2109.0	0.314729144904
chrX	800000	900000	4533	1505.0	0.332009706596
chrX	900000	1000000	9537	3093.0	0.324315822586
chrX	1000000	1100000	225	59.0	0.262222222222
chrX	1100000	1200000	0	0.0	NA
chrX	1200000	1300000	0	0.0	NA
chrX	1300000	1400000	0	0.0	NA
chrX	1400000	1500000	0	0.0	NA
chrX	1500000	1600000	0	0.0	NA
chrX	1600000	1700000	999	297.0	0.297297297297
chrX	1700000	1800000	283	108.0	0.381625441696
chrX	1800000	1900000	903	307.0	0.339977851606
chrX	1900000	2000000	995	341.0	0.342713567839
chrX	2000000	2100000	0	0.0	NA
chrX	2100000	2200000	0	0.0	NA
chrX	2200000	2300000	0	0.0	NA
chrX	2300000	2400000	0	0.0	NA
chrX	2400000	2500000	11654	3749.0	0.321692122876
chrX	2500000	2600000	10559	3603.0	0.341225494839
chrX	2600000	2700000	7732	2864.0	0.370408691154
chrX	2700000	2800000	14418	4783.0	0.331738105146
chrX	2800000	2900000	8927	2666.0	0.298644561443
chrX	2900000	3000000	14005	4560.0	0.325598000714
chrX	3000000	3100000	4852	1527.0	0.314715581204
chrX	3100000	3200000	15955	5317.0	0.333249764964
chrX	3200000	3300000	17847	5373.0	0.301059001513
chrX	3300000	3400000	4535	1392.0	0.306945975744
chrX	3400000	3500000	21128	7024.0	0.33244982961
chrX	3500000	3600000	8509	2812.0	0.330473616171
chrX	3600000	3700000	2360	692.0	0.293220338983
chrX	3700000	3800000	3117	1102.0	0.353545075393
chrX	3800000	3900000	8672	2858.0	0.329566420664
chrX	3900000	4000000	1108	341.0	0.307761732852
chrX	4000000	4100000	0	0.0	NA
chrX	4100000	4200000	0	0.0	NA
chrX	4200000	4300000	0	0.0	NA
chrX	4300000	4400000	0	0.0	NA
chrX	4400000	4500000	8400	2779.0	0.330833333333
chrX	4500000	4600000	18986	6073.0	0.31986727062
chrX	4600000	4700000	12066	3954.0	0.327697662854
chrX	4700000	4800000	0	0.0	NA
chrX	4800000	4900000	0	0.0	NA
chrX	4900000	5000000	0	0.0	NA
chrX	5000000	5100000	0	0.0	NA
chrX	5100000	5200000	0	0.0	NA
chrX	5200000	5300000	8339	2730.0	0.327377383379
chrX	5300000	5400000	9906	3147.0	0.317686250757
chrX	5400000	5500000	0	0.0	NA
chrX	5500000	5600000	10021	3097.0	0.309050992915
chrX	5600000	5700000	10076	3012.0	0.29892814609
chrX	5700000	5800000	19170	5566.0	0.290349504434
chrX	5800000	5900000	0	0.0	NA
chrX	5900000	6000000	0	0.0	NA
chrX	6000000	6100000	0	0.0	NA
chrX	6100000	6200000	14566	4507.0	0.309419195387
chrX	6200000	6300000	12271	3484.0	0.283921440795
chrX	6300000	6400000	11169	3334.0	0.298504790044
chrX	6400000	6500000	20679	6021.0	0.291164949949
chrX	6500000	6600000	9065	2744.0	0.302702702703
chrX	6600000	6700000	16581	4890.0	0.294915867559
chrX	6700000	6800000	0	0.0	NA
chrX	6800000	6900000	0	0.0	NA
chrX	6900000	7000000	6538	1944.0	0.297338635668
chrX	7000000	7100000	0	0.0	NA
chrX	7100000	7200000	0	0.0	NA
chrX	7200000	7300000	3337	1056.0	0.316451902907
chrX	7300000	7400000	27783	8418.0	0.302991037685
chrX	7400000	7500000	8435	2730.0	0.323651452282
chrX	7500000	7600000	0	0.0	NA
chrX	7600000	7700000	0	0.0	NA
chrX	7700000	7800000	17617	5124.0	0.290855423738
chrX	7800000	7900000	26830	7591.0	0.282929556467
chrX	7900000	8000000	14393	3979.0	0.276453831724
chrX	8000000	8100000	29012	8197.0	0.28253826003
chrX	8100000	8200000	22628	6209.0	0.274394555418
chrX	8200000	8300000	0	0.0	NA
chrX	8300000	8400000	10336	3005.0	0.290731424149
chrX	8400000	8500000	24292	6991.0	0.287790219002
chrX	8500000	8600000	0	0.0	NA
chrX	8600000	8700000	0	0.0	NA
chrX	8700000	8800000	24441	6560.0	0.268401456569
chrX	8800000	8900000	32827	8305.0	0.25299296311
chrX	8900000	9000000	0	0.0	NA
chrX	9000000	9100000	30734	7902.0	0.257109390252
chrX	9100000	9200000	33735	8709.0	0.258159181859
chrX	9200000	9300000	16659	4254.0	0.255357464434
chrX	9300000	9400000	23235	6994.0	0.301011405208
chrX	9400000	9500000	11945	3309.0	0.277019673504
chrX	9500000	9600000	0	0.0	NA
chrX	9600000	9700000	0	0.0	NA
chrX	9700000	9800000	20748	5914.0	0.285039521882
chrX	9800000	9900000	5979	1812.0	0.303060712494
chrX	9900000	10000000	27443	7303.0	0.266115220639
chrX	10000000	10100000	15820	4803.0	0.303603034134
chrX	10100000	10200000	34523	9324.0	0.270080815688
chrX	10200000	10300000	17399	4217.0	0.242370251164
chrX	10300000	10400000	27319	6558.0	0.240052710568
chrX	10400000	10500000	0	0.0	NA
chrX	10500000	10600000	0	0.0	NA
chrX	10600000	10700000	0	0.0	NA
chrX	10700000	10800000	0	0.0	NA
chrX	10800000	10900000	36036	8150.0	0.226162726163
chrX	10900000	11000000	1608	384.0	0.238805970149
chrX	11000000	11100000	13868	2918.0	0.21041246034
chrX	11100000	11200000	48934	12557.0	0.256610945355
chrX	11200000	11300000	0	0.0	NA
chrX	11300000	11400000	0	0.0	NA
chrX	11400000	11500000	0	0.0	NA
chrX	11500000	11600000	0	0.0	NA
chrX	11600000	11700000	20708	4398.0	0.212381688236
chrX	11700000	11800000	25505	5759.0	0.225798862968
chrX	11800000	11900000	28136	6546.0	0.232655672448
chrX	11900000	12000000	0	0.0	NA
chrX	12000000	12100000	22981	5012.0	0.218093207432
chrX	12100000	12200000	21191	4671.0	0.220423764806
chrX	12200000	12300000	0	0.0	NA
chrX	12300000	12400000	0	0.0	NA
chrX	12400000	12500000	0	0.0	NA
chrX	12500000	12600000	0	0.0	NA
chrX	12600000	12700000	0	0.0	NA
chrX	12700000	12800000	15045	4101.0	0.27258225324
chrX	12800000	12900000	22479	6130.0	0.272698963477
chrX	12900000	13000000	29490	8108.0	0.27494065785
chrX	13000000	13100000	49821	13139.0	0.263724132394
chrX	13100000	13200000	23358	6269.0	0.268387704427
chrX	13200000	13300000	25165	6119.0	0.243155175839
chrX	13300000	13400000	45303	12214.0	0.269606869302
chrX	13400000	13500000	25821	6128.0	0.237326207351
chrX	13500000	13600000	12407	3098.0	0.249697751269
chrX	13600000	13700000	34026	8278.0	0.243284547111
chrX	13700000	13800000	64117	15509.0	0.241885927289
chrX	13800000	13900000	19118	5535.0	0.28951773198
chrX	13900000	14000000	39608	10110.0	0.255251464351
chrX	14000000	14100000	58717	14006.0	0.238533985047
chrX	14100000	14200000	14246	3271.0	0.229608311105
chrX	14200000	14300000	12718	2753.0	0.216464852964
chrX	14300000	14400000	8025	1983.0	0.247102803738
chrX	14400000	14500000	685	115.0	0.167883211679
chrX	14500000	14600000	21223	4689.0	0.220939546718
chrX	14600000	14700000	0	0.0	NA
chrX	14700000	14800000	28509	5907.0	0.207197727034
chrX	14800000	14900000	30872	6676.0	0.216247732573
chrX	14900000	15000000	33540	7581.0	0.22602862254
chrX	15000000	15100000	0	0.0	NA
chrX	15100000	15200000	0	0.0	NA
chrX	15200000	15300000	42249	10308.0	0.243982106085
chrX	15300000	15400000	55745	12685.0	0.227554040721
chrX	15400000	15500000	2838	545.0	0.192036645525
chrX	15500000	15600000	42214	10099.0	0.239233429668
chrX	15600000	15700000	55994	12901.0	0.230399685681
chrX	15700000	15800000	38385	9726.0	0.253380226651
chrX	15800000	15900000	55342	12387.0	0.223826388638
chrX	15900000	16000000	29532	6070.0	0.205539753488
chrX	16000000	16100000	7585	1662.0	0.219116677653
chrX	16100000	16200000	10253	2199.0	0.214473812543
chrX	16200000	16300000	23612	4938.0	0.209130950364
chrX	16300000	16400000	3695	866.0	0.234370771313
chrX	16400000	16500000	14325	3058.0	0.213472949389
chrX	16500000	16600000	27255	5867.0	0.215263254449
chrX	16600000	16700000	3743	862.0	0.230296553567
chrX	16700000	16800000	26371	6157.0	0.233476167002
chrX	16800000	16900000	44952	9982.0	0.222059085246
chrX	16900000	17000000	31457	7068.0	0.224687668881
chrX	17000000	17100000	0	0.0	NA
chrX	17100000	17200000	5475	1318.0	0.240730593607
chrX	17200000	17300000	12998	2759.0	0.212263425142
chrX	17300000	17400000	14968	3430.0	0.229155531801
chrX	17400000	17500000	21810	4984.0	0.228519027969
chrX	17500000	17600000	0	0.0	NA
chrX	17600000	17700000	0	0.0	NA
chrX	17700000	17800000	25502	6017.0	0.235942279037
chrX	17800000	17900000	11923	2736.0	0.229472448209
chrX	17900000	18000000	39411	8887.0	0.22549542006
chrX	18000000	18100000	0	0.0	NA
chrX	18100000	18200000	27369	6138.0	0.224268332785
chrX	18200000	18300000	32385	7667.0	0.236745406824
chrX	18300000	18400000	14241	2925.0	0.205392879714
chrX	18400000	18500000	20768	4400.0	0.21186440678
chrX	18500000	18600000	0	0.0	NA
chrX	18600000	18700000	29003	6409.0	0.220977140296
chrX	18700000	18800000	22343	4798.0	0.214742872488
chrX	18800000	18900000	6064	1350.0	0.222625329815
chrX	18900000	19000000	36452	9392.0	0.257653901021
chrX	19000000	19100000	19205	4109.0	0.213954699297
chrX	19100000	19200000	14071	3177.0	0.225783526402
chrX	19200000	19300000	0	0.0	NA
chrX	19300000	19400000	10560	2132.0	0.201893939394
chrX	19400000	19500000	0	0.0	NA
chrX	19500000	19600000	36040	9285.0	0.257630410655
chrX	19600000	19700000	0	0.0	NA
chrX	19700000	19800000	0	0.0	NA
chrX	19800000	19900000	13315	3200.0	0.240330454375
chrX	19900000	20000000	46739	9666.0	0.206808018999
chrX	20000000	20100000	32942	7659.0	0.232499544654
chrX	20100000	20200000	48448	10239.0	0.211339993395
chrX	20200000	20300000	17014	3181.0	0.186963676972
chrX	20300000	20400000	39558	8509.0	0.215101875727
chrX	20400000	20500000	19043	4289.0	0.225227117576
chrX	20500000	20600000	24113	5238.0	0.217227221831
chrX	20600000	20700000	0	0.0	NA
chrX	20700000	20800000	20074	4307.0	0.214556142274
chrX	20800000	20900000	0	0.0	NA
chrX	20900000	21000000	0	0.0	NA
chrX	21000000	21100000	279	71.0	0.254480286738
chrX	21100000	21200000	37847	7857.0	0.207599017095
chrX	21200000	21300000	22041	4777.0	0.216732453155
chrX	21300000	21400000	11614	2593.0	0.22326502497
chrX	21400000	21500000	0	0.0	NA
chrX	21500000	21600000	0	0.0	NA
chrX	21600000	21700000	18968	4064.0	0.214255588359
chrX	21700000	21800000	23966	5543.0	0.231285988484
chrX	21800000	21900000	26497	5773.0	0.217873721553
chrX	21900000	22000000	14156	3081.0	0.217646227748
chrX	22000000	22100000	31349	7397.0	0.23595648984
chrX	22100000	22200000	0	0.0	NA
chrX	22200000	22300000	0	0.0	NA
chrX	22300000	22400000	0	0.0	NA
chrX	22400000	22500000	0	0.0	NA
chrX	22500000	22600000	0	0.0	NA
chrX	22600000	22700000	0	0.0	NA
chrX	22700000	22800000	0	0.0	NA
chrX	22800000	22900000	0	0.0	NA
chrX	22900000	23000000	0	0.0	NA
chrX	23000000	23100000	0	0.0	NA
chrX	23100000	23200000	0	0.0	NA
chrX	23200000	23300000	0	0.0	NA
chrX	23300000	23400000	49312	10796.0	0.218932511356
chrX	23400000	23500000	8659	1945.0	0.224621780806
chrX	23500000	23600000	11064	2318.0	0.209508315257
chrX	23600000	23700000	31262	8222.0	0.263003006845
chrX	23700000	23800000	16488	3688.0	0.223677826298
chrX	23800000	23900000	20080	4194.0	0.208864541833
chrX	23900000	24000000	16683	3459.0	0.207336809926
chrX	24000000	24100000	29832	5426.0	0.181885223921
chrX	24100000	24200000	19124	3912.0	0.204559715541
chrX	24200000	24300000	19478	4421.0	0.226974021974
chrX	24300000	24400000	22554	5455.0	0.241863970914
chrX	24400000	24500000	30005	6767.0	0.225529078487
chrX	24500000	24600000	26755	6128.0	0.229041300691
chrX	24600000	24700000	29362	6251.0	0.212894217015
chrX	24700000	24800000	20052	3980.0	0.198483941751
chrX	24800000	24900000	0	0.0	NA
chrX	24900000	25000000	19462	4219.0	0.216781420203
chrX	25000000	25100000	33995	7038.0	0.207030445654
chrX	25100000	25200000	27886	5469.0	0.196119916804
chrX	25200000	25300000	19221	3928.0	0.204359814786
chrX	25300000	25400000	0	0.0	NA
chrX	25400000	25500000	0	0.0	NA
chrX	25500000	25600000	0	0.0	NA
chrX	25600000	25700000	0	0.0	NA
chrX	25700000	25800000	0	0.0	NA
chrX	25800000	25900000	16597	3867.0	0.232993914563
chrX	25900000	26000000	13450	3120.0	0.231970260223
chrX	26000000	26100000	0	0.0	NA
chrX	26100000	26200000	39594	9809.0	0.247739556498
chrX	26200000	26300000	24314	6891.0	0.283416961421
chrX	26300000	26400000	0	0.0	NA
chrX	26400000	26500000	0	0.0	NA
chrX	26500000	26600000	11615	2972.0	0.255876022385
chrX	26600000	26700000	13934	3725.0	0.267331706617
chrX	26700000	26800000	9476	2171.0	0.22910510764
chrX	26800000	26900000	7131	1669.0	0.234048520544
chrX	26900000	27000000	0	0.0	NA
chrX	27000000	27100000	11955	2649.0	0.221580928482
chrX	27100000	27200000	0	0.0	NA
chrX	27200000	27300000	0	0.0	NA
chrX	27300000	27400000	0	0.0	NA
chrX	27400000	27500000	17354	4152.0	0.23925319811
chrX	27500000	27600000	17993	3930.0	0.218418273773
chrX	27600000	27700000	0	0.0	NA
chrX	27700000	27800000	14626	3412.0	0.233283194312
chrX	27800000	27900000	35194	8163.0	0.23194294482
chrX	27900000	28000000	14260	2926.0	0.205189340813
chrX	28000000	28100000	10795	2945.0	0.272811486799
chrX	28100000	28200000	0	0.0	NA
chrX	28200000	28300000	0	0.0	NA
chrX	28300000	28400000	17362	3915.0	0.225492454786
chrX	28400000	28500000	26404	6018.0	0.227920012119
chrX	28500000	28600000	35191	7661.0	0.2176977068
chrX	28600000	28700000	25084	5147.0	0.205190559719
chrX	28700000	28800000	0	0.0	NA
chrX	28800000	28900000	0	0.0	NA
chrX	28900000	29000000	0	0.0	NA
chrX	29000000	29100000	0	0.0	NA
chrX	29100000	29200000	0	0.0	NA
chrX	29200000	29300000	0	0.0	NA
chrX	29300000	29400000	0	0.0	NA
chrX	29400000	29500000	0	0.0	NA
chrX	29500000	29600000	0	0.0	NA
chrX	29600000	29700000	0	0.0	NA
chrX	29700000	29800000	0	0.0	NA
chrX	29800000	29900000	0	0.0	NA
chrX	29900000	30000000	0	0.0	NA
chrX	30000000	30100000	8085	1908.0	0.23599257885
chrX	30100000	30200000	9877	2292.0	0.23205426749
chrX	30200000	30300000	36942	9155.0	0.247820908451
chrX	30300000	30400000	23174	5315.0	0.229351859843
chrX	30400000	30500000	0	0.0	NA
chrX	30500000	30600000	12872	3018.0	0.234462399006
chrX	30600000	30700000	11284	2670.0	0.236618220489
chrX	30700000	30800000	3935	1086.0	0.275984752224
chrX	30800000	30900000	2008	522.0	0.259960159363
chrX	30900000	31000000	5013	1280.0	0.255336126072
chrX	31000000	31100000	56635	12450.0	0.219828727818
chrX	31100000	31200000	24801	5598.0	0.225716704972
chrX	31200000	31300000	0	0.0	NA
chrX	31300000	31400000	0	0.0	NA
chrX	31400000	31500000	0	0.0	NA
chrX	31500000	31600000	0	0.0	NA
chrX	31600000	31700000	0	0.0	NA
chrX	31700000	31800000	0	0.0	NA
chrX	31800000	31900000	0	0.0	NA
chrX	31900000	32000000	0	0.0	NA
chrX	32000000	32100000	0	0.0	NA
chrX	32100000	32200000	0	0.0	NA
chrX	32200000	32300000	0	0.0	NA
chrX	32300000	32400000	0	0.0	NA
chrX	32400000	32500000	0	0.0	NA
chrX	32500000	32600000	0	0.0	NA
chrX	32600000	32700000	0	0.0	NA
chrX	32700000	32800000	0	0.0	NA
chrX	32800000	32900000	0	0.0	NA
chrX	32900000	33000000	0	0.0	NA
chrX	33000000	33100000	0	0.0	NA
chrX	33100000	33200000	0	0.0	NA
chrX	33200000	33300000	0	0.0	NA
chrX	33300000	33400000	7463	1911.0	0.256063245344
chrX	33400000	33500000	6208	1529.0	0.246295103093
chrX	33500000	33600000	0	0.0	NA
chrX	33600000	33700000	3836	1014.0	0.264337851929
chrX	33700000	33800000	12755	3350.0	0.262642101137
chrX	33800000	33900000	0	0.0	NA
chrX	33900000	34000000	8986	2230.0	0.248163810372
chrX	34000000	34100000	5510	1405.0	0.25499092559
chrX	34100000	34200000	12737	3117.0	0.244720106776
chrX	34200000	34300000	0	0.0	NA
chrX	34300000	34400000	0	0.0	NA
chrX	34400000	34500000	9199	2335.0	0.253831938254
chrX	34500000	34600000	3555	818.0	0.230098452883
chrX	34600000	34700000	11425	2522.0	0.220743982495
chrX	34700000	34800000	5073	1161.0	0.228858663513
chrX	34800000	34900000	0	0.0	NA
chrX	34900000	35000000	25435	6152.0	0.241871436996
chrX	35000000	35100000	19622	5116.0	0.260727754561
chrX	35100000	35200000	15988	4057.0	0.253752814611
chrX	35200000	35300000	0	0.0	NA
chrX	35300000	35400000	0	0.0	NA
chrX	35400000	35500000	0	0.0	NA
chrX	35500000	35600000	11247	2843.0	0.252778518716
chrX	35600000	35700000	1597	353.0	0.221039448967
chrX	35700000	35800000	8624	2142.0	0.248376623377
chrX	35800000	35900000	12321	3220.0	0.261342423505
chrX	35900000	36000000	8854	2109.0	0.238197424893
chrX	36000000	36100000	0	0.0	NA
chrX	36100000	36200000	0	0.0	NA
chrX	36200000	36300000	0	0.0	NA
chrX	36300000	36400000	0	0.0	NA
chrX	36400000	36500000	6514	1652.0	0.253607614369
chrX	36500000	36600000	15571	3921.0	0.251814270118
chrX	36600000	36700000	8126	2125.0	0.261506276151
chrX	36700000	36800000	0	0.0	NA
chrX	36800000	36900000	0	0.0	NA
chrX	36900000	37000000	8205	1923.0	0.23436928702
chrX	37000000	37100000	14486	3756.0	0.259284826729
chrX	37100000	37200000	5887	1453.0	0.246815016137
chrX	37200000	37300000	0	0.0	NA
chrX	37300000	37400000	0	0.0	NA
chrX	37400000	37500000	0	0.0	NA
chrX	37500000	37600000	0	0.0	NA
chrX	37600000	37700000	0	0.0	NA
chrX	37700000	37800000	0	0.0	NA
chrX	37800000	37900000	0	0.0	NA
chrX	37900000	38000000	0	0.0	NA
chrX	38000000	38100000	0	0.0	NA
chrX	38100000	38200000	0	0.0	NA
chrX	38200000	38300000	0	0.0	NA
chrX	38300000	38400000	0	0.0	NA
chrX	38400000	38500000	0	0.0	NA
chrX	38500000	38600000	14597	3435.0	0.235322326505
chrX	38600000	38700000	38536	8740.0	0.226800913432
chrX	38700000	38800000	12496	2823.0	0.225912291933
chrX	38800000	38900000	7509	1723.0	0.229457983753
chrX	38900000	39000000	30105	7336.0	0.243680451752
chrX	39000000	39100000	13996	3234.0	0.231066018863
chrX	39100000	39200000	31111	7448.0	0.239400855003
chrX	39200000	39300000	42805	10812.0	0.252587314566
chrX	39300000	39400000	24590	6376.0	0.259292395283
chrX	39400000	39500000	15987	3730.0	0.233314568087
chrX	39500000	39600000	22689	5136.0	0.226365198995
chrX	39600000	39700000	47165	11672.0	0.247471642107
chrX	39700000	39800000	19671	4727.0	0.240302984088
chrX	39800000	39900000	37345	8436.0	0.225893693935
chrX	39900000	40000000	11623	2813.0	0.242020132496
chrX	40000000	40100000	11942	2876.0	0.240830681628
chrX	40100000	40200000	15729	3740.0	0.237777353932
chrX	40200000	40300000	13611	3345.0	0.245757108221
chrX	40300000	40400000	50845	12343.0	0.242757399941
chrX	40400000	40500000	47785	10878.0	0.227644658366
chrX	40500000	40600000	35633	7385.0	0.20725170488
chrX	40600000	40700000	18687	3945.0	0.21110932734
chrX	40700000	40800000	15356	3288.0	0.214118259964
chrX	40800000	40900000	944	187.0	0.198093220339
chrX	40900000	41000000	6060	1310.0	0.216171617162
chrX	41000000	41100000	9025	1566.0	0.17351800554
chrX	41100000	41200000	30048	7427.0	0.247171192758
chrX	41200000	41300000	22968	4834.0	0.210466736329
chrX	41300000	41400000	20946	4709.0	0.224816194023
chrX	41400000	41500000	0	0.0	NA
chrX	41500000	41600000	0	0.0	NA
chrX	41600000	41700000	0	0.0	NA
chrX	41700000	41800000	0	0.0	NA
chrX	41800000	41900000	35926	7737.0	0.215359349775
chrX	41900000	42000000	34980	7779.0	0.222384219554
chrX	42000000	42100000	43820	9958.0	0.22724783204
chrX	42100000	42200000	0	0.0	NA
chrX	42200000	42300000	0	0.0	NA
chrX	42300000	42400000	0	0.0	NA
chrX	42400000	42500000	0	0.0	NA
chrX	42500000	42600000	13254	3033.0	0.228836577637
chrX	42600000	42700000	23202	5176.0	0.223084216878
chrX	42700000	42800000	19366	4628.0	0.238975524114
chrX	42800000	42900000	0	0.0	NA
chrX	42900000	43000000	12287	2792.0	0.227232033857
chrX	43000000	43100000	17878	4180.0	0.233806913525
chrX	43100000	43200000	21643	5191.0	0.239846601673
chrX	43200000	43300000	0	0.0	NA
chrX	43300000	43400000	0	0.0	NA
chrX	43400000	43500000	5442	1335.0	0.245314222712
chrX	43500000	43600000	10854	2866.0	0.264050119772
chrX	43600000	43700000	22633	5564.0	0.245835726594
chrX	43700000	43800000	15453	3676.0	0.237882611791
chrX	43800000	43900000	17895	4040.0	0.225761385862
chrX	43900000	44000000	17660	3805.0	0.215458663647
chrX	44000000	44100000	0	0.0	NA
chrX	44100000	44200000	0	0.0	NA
chrX	44200000	44300000	20693	4549.0	0.219832793698
chrX	44300000	44400000	20480	4466.0	0.21806640625
chrX	44400000	44500000	13859	2975.0	0.214661952522
chrX	44500000	44600000	8436	1896.0	0.224751066856
chrX	44600000	44700000	13566	2787.0	0.205440070765
chrX	44700000	44800000	20577	4248.0	0.206444088059
chrX	44800000	44900000	0	0.0	NA
chrX	44900000	45000000	19498	3791.0	0.194430197969
chrX	45000000	45100000	10338	2702.0	0.261365834784
chrX	45100000	45200000	0	0.0	NA
chrX	45200000	45300000	4574	1107.0	0.242020113686
chrX	45300000	45400000	6753	1610.0	0.238412557382
chrX	45400000	45500000	0	0.0	NA
chrX	45500000	45600000	27773	6057.0	0.218089511396
chrX	45600000	45700000	48955	11587.0	0.236686753141
chrX	45700000	45800000	48207	10586.0	0.219594664675
chrX	45800000	45900000	8738	1805.0	0.206569008927
chrX	45900000	46000000	0	0.0	NA
chrX	46000000	46100000	0	0.0	NA
chrX	46100000	46200000	12074	2589.0	0.214427695875
chrX	46200000	46300000	16917	3581.0	0.211680558019
chrX	46300000	46400000	15553	4388.0	0.282132064553
chrX	46400000	46500000	39788	9465.0	0.237885794712
chrX	46500000	46600000	5123	1244.0	0.242826468866
chrX	46600000	46700000	13832	3160.0	0.228455754772
chrX	46700000	46800000	44140	8488.0	0.192297236067
chrX	46800000	46900000	10667	2219.0	0.208024749227
chrX	46900000	47000000	24414	5455.0	0.223437372
chrX	47000000	47100000	61151	13010.0	0.212752040032
chrX	47100000	47200000	17921	4301.0	0.239997767982
chrX	47200000	47300000	11042	2433.0	0.220340518022
chrX	47300000	47400000	18761	4231.0	0.225521027664
chrX	47400000	47500000	35491	7863.0	0.22154912513
chrX	47500000	47600000	15644	3556.0	0.227307593966
chrX	47600000	47700000	4290	941.0	0.219347319347
chrX	47700000	47800000	14423	3182.0	0.220619843306
chrX	47800000	47900000	6715	1785.0	0.26582278481
chrX	47900000	48000000	18558	4183.0	0.225401444121
chrX	48000000	48100000	9883	2643.0	0.267428918345
chrX	48100000	48200000	5539	1540.0	0.278028525005
chrX	48200000	48300000	1523	398.0	0.261326329613
chrX	48300000	48400000	49048	11063.0	0.2255545588
chrX	48400000	48500000	25343	5886.0	0.232253482224
chrX	48500000	48600000	22184	5279.0	0.237964298594
chrX	48600000	48700000	48982	11926.0	0.243477195705
chrX	48700000	48800000	28677	6207.0	0.216445234857
chrX	48800000	48900000	48449	10389.0	0.214431670416
chrX	48900000	49000000	28456	6243.0	0.219391341018
chrX	49000000	49100000	54049	11388.0	0.210697700235
chrX	49100000	49200000	40796	9100.0	0.22306108442
chrX	49200000	49300000	0	0.0	NA
chrX	49300000	49400000	9290	2289.0	0.246393972013
chrX	49400000	49500000	4789	1061.0	0.221549384005
chrX	49500000	49600000	19007	5449.0	0.286683853317
chrX	49600000	49700000	52080	11382.0	0.218548387097
chrX	49700000	49800000	0	0.0	NA
chrX	49800000	49900000	369	161.0	0.436314363144
chrX	49900000	50000000	30077	6683.0	0.222196362669
chrX	50000000	50100000	5965	1424.0	0.23872590109
chrX	50100000	50200000	26272	5353.0	0.203753045067
chrX	50200000	50300000	19189	4039.0	0.210485173797
chrX	50300000	50400000	25731	5438.0	0.211340406514
chrX	50400000	50500000	0	0.0	NA
chrX	50500000	50600000	7694	1815.0	0.235898102417
chrX	50600000	50700000	20113	4407.0	0.219112017103
chrX	50700000	50800000	0	0.0	NA
chrX	50800000	50900000	0	0.0	NA
chrX	50900000	51000000	2324	573.0	0.246557659208
chrX	51000000	51100000	22150	5797.0	0.261715575621
chrX	51100000	51200000	1071	316.0	0.295051353875
chrX	51200000	51300000	17380	4624.0	0.266052934407
chrX	51300000	51400000	13263	3390.0	0.255598280932
chrX	51400000	51500000	21148	4805.0	0.227208246643
chrX	51500000	51600000	13159	3519.0	0.267421536591
chrX	51600000	51700000	2415	591.0	0.244720496894
chrX	51700000	51800000	5425	1422.0	0.262119815668
chrX	51800000	51900000	6045	1612.0	0.266666666667
chrX	51900000	52000000	5009	1281.0	0.255739668597
chrX	52000000	52100000	3583	1038.0	0.289701367569
chrX	52100000	52200000	0	0.0	NA
chrX	52200000	52300000	0	0.0	NA
chrX	52300000	52400000	0	0.0	NA
chrX	52400000	52500000	0	0.0	NA
chrX	52500000	52600000	3407	1033.0	0.303199295568
chrX	52600000	52700000	5756	1906.0	0.331132731063
chrX	52700000	52800000	0	0.0	NA
chrX	52800000	52900000	9703	3174.0	0.327115325157
chrX	52900000	53000000	854	377.0	0.441451990632
chrX	53000000	53100000	16504	3765.0	0.228126514784
chrX	53100000	53200000	11599	2481.0	0.213897749806
chrX	53200000	53300000	37842	7548.0	0.199460916442
chrX	53300000	53400000	41503	8873.0	0.213791774089
chrX	53400000	53500000	48966	9843.0	0.201017032226
chrX	53500000	53600000	7841	1658.0	0.211452620839
chrX	53600000	53700000	0	0.0	NA
chrX	53700000	53800000	9120	1964.0	0.215350877193
chrX	53800000	53900000	1735	434.0	0.250144092219
chrX	53900000	54000000	22506	4854.0	0.215675819781
chrX	54000000	54100000	20116	3855.0	0.191638496719
chrX	54100000	54200000	20143	4248.0	0.210892121332
chrX	54200000	54300000	3436	728.0	0.21187427241
chrX	54300000	54400000	0	0.0	NA
chrX	54400000	54500000	10941	2392.0	0.218627182159
chrX	54500000	54600000	24835	5378.0	0.216549224884
chrX	54600000	54700000	0	0.0	NA
chrX	54700000	54800000	3096	688.0	0.222222222222
chrX	54800000	54900000	8542	2472.0	0.289393584641
chrX	54900000	55000000	14576	3427.0	0.235112513721
chrX	55000000	55100000	12025	2733.0	0.227276507277
chrX	55100000	55200000	12539	4141.0	0.330249621182
chrX	55200000	55300000	0	0.0	NA
chrX	55300000	55400000	0	0.0	NA
chrX	55400000	55500000	2815	676.0	0.240142095915
chrX	55500000	55600000	20600	5179.0	0.25140776699
chrX	55600000	55700000	12924	3057.0	0.236536675952
chrX	55700000	55800000	0	0.0	NA
chrX	55800000	55900000	0	0.0	NA
chrX	55900000	56000000	0	0.0	NA
chrX	56000000	56100000	0	0.0	NA
chrX	56100000	56200000	0	0.0	NA
chrX	56200000	56300000	0	0.0	NA
chrX	56300000	56400000	0	0.0	NA
chrX	56400000	56500000	0	0.0	NA
chrX	56500000	56600000	4023	929.0	0.230922197365
chrX	56600000	56700000	428	115.0	0.268691588785
chrX	56700000	56800000	0	0.0	NA
chrX	56800000	56900000	0	0.0	NA
chrX	56900000	57000000	0	0.0	NA
chrX	57000000	57100000	2926	982.0	0.335611756664
chrX	57100000	57200000	2146	587.0	0.273532152842
chrX	57200000	57300000	0	0.0	NA
chrX	57300000	57400000	0	0.0	NA
chrX	57400000	57500000	0	0.0	NA
chrX	57500000	57600000	0	0.0	NA
chrX	57600000	57700000	0	0.0	NA
chrX	57700000	57800000	0	0.0	NA
chrX	57800000	57900000	0	0.0	NA
chrX	57900000	58000000	0	0.0	NA
chrX	58000000	58100000	0	0.0	NA
chrX	58100000	58200000	0	0.0	NA
chrX	58200000	58300000	0	0.0	NA
chrX	58300000	58400000	0	0.0	NA
chrX	58400000	58500000	0	0.0	NA
chrX	58500000	58600000	0	0.0	NA
chrX	58600000	58700000	0	0.0	NA
chrX	58700000	58800000	0	0.0	NA
chrX	58800000	58900000	0	0.0	NA
chrX	58900000	59000000	0	0.0	NA
chrX	59000000	59100000	0	0.0	NA
chrX	59100000	59200000	0	0.0	NA
chrX	59200000	59300000	0	0.0	NA
chrX	59300000	59400000	0	0.0	NA
chrX	59400000	59500000	0	0.0	NA
chrX	59500000	59600000	0	0.0	NA
chrX	59600000	59700000	0	0.0	NA
chrX	59700000	59800000	0	0.0	NA
chrX	59800000	59900000	0	0.0	NA
chrX	59900000	60000000	0	0.0	NA
chrX	60000000	60100000	0	0.0	NA
chrX	60100000	60200000	0	0.0	NA
chrX	60200000	60300000	0	0.0	NA
chrX	60300000	60400000	0	0.0	NA
chrX	60400000	60500000	0	0.0	NA
chrX	60500000	60600000	0	0.0	NA
chrX	60600000	60700000	0	0.0	NA
chrX	60700000	60800000	0	0.0	NA
chrX	60800000	60900000	0	0.0	NA
chrX	60900000	61000000	0	0.0	NA
chrX	61000000	61100000	0	0.0	NA
chrX	61100000	61200000	0	0.0	NA
chrX	61200000	61300000	0	0.0	NA
chrX	61300000	61400000	0	0.0	NA
chrX	61400000	61500000	0	0.0	NA
chrX	61500000	61600000	0	0.0	NA
chrX	61600000	61700000	0	0.0	NA
chrX	61700000	61800000	0	0.0	NA
chrX	61800000	61900000	0	0.0	NA
chrX	61900000	62000000	0	0.0	NA
chrX	62000000	62100000	0	0.0	NA
chrX	62100000	62200000	0	0.0	NA
chrX	62200000	62300000	0	0.0	NA
chrX	62300000	62400000	0	0.0	NA
chrX	62400000	62500000	0	0.0	NA
chrX	62500000	62600000	0	0.0	NA
chrX	62600000	62700000	0	0.0	NA
chrX	62700000	62800000	0	0.0	NA
chrX	62800000	62900000	0	0.0	NA
chrX	62900000	63000000	24114	5428.0	0.225097453761
chrX	63000000	63100000	8515	2089.0	0.245331767469
chrX	63100000	63200000	0	0.0	NA
chrX	63200000	63300000	0	0.0	NA
chrX	63300000	63400000	0	0.0	NA
chrX	63400000	63500000	25941	5625.0	0.216838209784
chrX	63500000	63600000	0	0.0	NA
chrX	63600000	63700000	2995	801.0	0.267445742905
chrX	63700000	63800000	0	0.0	NA
chrX	63800000	63900000	0	0.0	NA
chrX	63900000	64000000	0	0.0	NA
chrX	64000000	64100000	0	0.0	NA
chrX	64100000	64200000	0	0.0	NA
chrX	64200000	64300000	0	0.0	NA
chrX	64300000	64400000	44	12.0	0.272727272727
chrX	64400000	64500000	1123	274.0	0.243989314337
chrX	64500000	64600000	0	0.0	NA
chrX	64600000	64700000	44	9.0	0.204545454545
chrX	64700000	64800000	37552	7730.0	0.205847890925
chrX	64800000	64900000	27005	6340.0	0.234771338641
chrX	64900000	65000000	0	0.0	NA
chrX	65000000	65100000	0	0.0	NA
chrX	65100000	65200000	962	253.0	0.262993762994
chrX	65200000	65300000	44775	11159.0	0.249223897264
chrX	65300000	65400000	0	0.0	NA
chrX	65400000	65500000	0	0.0	NA
chrX	65500000	65600000	0	0.0	NA
chrX	65600000	65700000	0	0.0	NA
chrX	65700000	65800000	0	0.0	NA
chrX	65800000	65900000	7993	2059.0	0.25760040035
chrX	65900000	66000000	5986	1647.0	0.275141997995
chrX	66000000	66100000	0	0.0	NA
chrX	66100000	66200000	0	0.0	NA
chrX	66200000	66300000	0	0.0	NA
chrX	66300000	66400000	0	0.0	NA
chrX	66400000	66500000	0	0.0	NA
chrX	66500000	66600000	0	0.0	NA
chrX	66600000	66700000	0	0.0	NA
chrX	66700000	66800000	6355	1578.0	0.248308418568
chrX	66800000	66900000	0	0.0	NA
chrX	66900000	67000000	11202	2818.0	0.251562221032
chrX	67000000	67100000	450	120.0	0.266666666667
chrX	67100000	67200000	0	0.0	NA
chrX	67200000	67300000	23108	5503.0	0.238142634585
chrX	67300000	67400000	0	0.0	NA
chrX	67400000	67500000	0	0.0	NA
chrX	67500000	67600000	0	0.0	NA
chrX	67600000	67700000	944	252.0	0.266949152542
chrX	67700000	67800000	9095	1942.0	0.213523914239
chrX	67800000	67900000	0	0.0	NA
chrX	67900000	68000000	16172	4164.0	0.257482067771
chrX	68000000	68100000	16920	4073.0	0.240721040189
chrX	68100000	68200000	14634	3535.0	0.241560748941
chrX	68200000	68300000	0	0.0	NA
chrX	68300000	68400000	39621	9460.0	0.238762272532
chrX	68400000	68500000	44011	11033.0	0.250687328168
chrX	68500000	68600000	0	0.0	NA
chrX	68600000	68700000	6633	1499.0	0.225991255842
chrX	68700000	68800000	41963	8951.0	0.213306960894
chrX	68800000	68900000	21446	4331.0	0.201949081414
chrX	68900000	69000000	0	0.0	NA
chrX	69000000	69100000	0	0.0	NA
chrX	69100000	69200000	0	0.0	NA
chrX	69200000	69300000	41231	9547.0	0.231549077151
chrX	69300000	69400000	34146	7531.0	0.220552919815
chrX	69400000	69500000	55820	12082.0	0.216445718381
chrX	69500000	69600000	34233	7403.0	0.216253322817
chrX	69600000	69700000	45475	8445.0	0.185706432106
chrX	69700000	69800000	38174	8446.0	0.22125006549
chrX	69800000	69900000	0	0.0	NA
chrX	69900000	70000000	0	0.0	NA
chrX	70000000	70100000	299	51.0	0.170568561873
chrX	70100000	70200000	15976	3162.0	0.197921882824
chrX	70200000	70300000	25400	4952.0	0.194960629921
chrX	70300000	70400000	66961	12691.0	0.189528232852
chrX	70400000	70500000	29710	6295.0	0.211881521373
chrX	70500000	70600000	0	0.0	NA
chrX	70600000	70700000	0	0.0	NA
chrX	70700000	70800000	0	0.0	NA
chrX	70800000	70900000	0	0.0	NA
chrX	70900000	71000000	0	0.0	NA
chrX	71000000	71100000	8313	2703.0	0.325153374233
chrX	71100000	71200000	451	98.0	0.217294900222
chrX	71200000	71300000	0	0.0	NA
chrX	71300000	71400000	19421	3982.0	0.205035786005
chrX	71400000	71500000	35952	7992.0	0.222296395194
chrX	71500000	71600000	44557	9206.0	0.206611755729
chrX	71600000	71700000	0	0.0	NA
chrX	71700000	71800000	17309	3610.0	0.208562019759
chrX	71800000	71900000	16698	3418.0	0.204695173075
chrX	71900000	72000000	13657	2899.0	0.212272094896
chrX	72000000	72100000	0	0.0	NA
chrX	72100000	72200000	0	0.0	NA
chrX	72200000	72300000	318	69.0	0.216981132075
chrX	72300000	72400000	4338	1100.0	0.25357307515
chrX	72400000	72500000	0	0.0	NA
chrX	72500000	72600000	0	0.0	NA
chrX	72600000	72700000	4754	1139.0	0.239587715608
chrX	72700000	72800000	0	0.0	NA
chrX	72800000	72900000	1726	324.0	0.187717265353
chrX	72900000	73000000	2713	607.0	0.223737559897
chrX	73000000	73100000	0	0.0	NA
chrX	73100000	73200000	7568	1824.0	0.241014799154
chrX	73200000	73300000	0	0.0	NA
chrX	73300000	73400000	0	0.0	NA
chrX	73400000	73500000	2447	594.0	0.242746219861
chrX	73500000	73600000	17822	4245.0	0.238188755471
chrX	73600000	73700000	22756	4901.0	0.215371770083
chrX	73700000	73800000	10988	2479.0	0.225609756098
chrX	73800000	73900000	5160	1179.0	0.228488372093
chrX	73900000	74000000	4961	1202.0	0.242289860915
chrX	74000000	74100000	0	0.0	NA
chrX	74100000	74200000	9178	2103.0	0.229134887775
chrX	74200000	74300000	1909	458.0	0.239916186485
chrX	74300000	74400000	5169	1145.0	0.221512865158
chrX	74400000	74500000	6102	1348.0	0.220911176663
chrX	74500000	74600000	18412	3775.0	0.205029328699
chrX	74600000	74700000	0	0.0	NA
chrX	74700000	74800000	0	0.0	NA
chrX	74800000	74900000	0	0.0	NA
chrX	74900000	75000000	2258	632.0	0.279893711249
chrX	75000000	75100000	9569	2272.0	0.237433378618
chrX	75100000	75200000	857	245.0	0.285880980163
chrX	75200000	75300000	0	0.0	NA
chrX	75300000	75400000	1149	303.0	0.263707571802
chrX	75400000	75500000	0	0.0	NA
chrX	75500000	75600000	0	0.0	NA
chrX	75600000	75700000	0	0.0	NA
chrX	75700000	75800000	0	0.0	NA
chrX	75800000	75900000	0	0.0	NA
chrX	75900000	76000000	2720	702.0	0.258088235294
chrX	76000000	76100000	0	0.0	NA
chrX	76100000	76200000	0	0.0	NA
chrX	76200000	76300000	13483	3196.0	0.237039234592
chrX	76300000	76400000	2937	667.0	0.227102485529
chrX	76400000	76500000	0	0.0	NA
chrX	76500000	76600000	0	0.0	NA
chrX	76600000	76700000	0	0.0	NA
chrX	76700000	76800000	13264	2447.0	0.184484318456
chrX	76800000	76900000	0	0.0	NA
chrX	76900000	77000000	0	0.0	NA
chrX	77000000	77100000	10127	1932.0	0.190777130443
chrX	77100000	77200000	21297	4493.0	0.210968681035
chrX	77200000	77300000	1487	334.0	0.2246133154
chrX	77300000	77400000	5917	1362.0	0.230184214974
chrX	77400000	77500000	0	0.0	NA
chrX	77500000	77600000	0	0.0	NA
chrX	77600000	77700000	1380	358.0	0.259420289855
chrX	77700000	77800000	0	0.0	NA
chrX	77800000	77900000	5019	1292.0	0.257421797171
chrX	77900000	78000000	17039	4215.0	0.247373672164
chrX	78000000	78100000	4235	1148.0	0.271074380165
chrX	78100000	78200000	4646	1319.0	0.283900129143
chrX	78200000	78300000	5150	1338.0	0.259805825243
chrX	78300000	78400000	10254	2815.0	0.274527013848
chrX	78400000	78500000	0	0.0	NA
chrX	78500000	78600000	0	0.0	NA
chrX	78600000	78700000	5127	1418.0	0.276574995124
chrX	78700000	78800000	0	0.0	NA
chrX	78800000	78900000	0	0.0	NA
chrX	78900000	79000000	0	0.0	NA
chrX	79000000	79100000	0	0.0	NA
chrX	79100000	79200000	0	0.0	NA
chrX	79200000	79300000	0	0.0	NA
chrX	79300000	79400000	0	0.0	NA
chrX	79400000	79500000	0	0.0	NA
chrX	79500000	79600000	0	0.0	NA
chrX	79600000	79700000	3318	791.0	0.238396624473
chrX	79700000	79800000	0	0.0	NA
chrX	79800000	79900000	0	0.0	NA
chrX	79900000	80000000	0	0.0	NA
chrX	80000000	80100000	6188	1471.0	0.237718164189
chrX	80100000	80200000	1102	347.0	0.314882032668
chrX	80200000	80300000	0	0.0	NA
chrX	80300000	80400000	1930	534.0	0.276683937824
chrX	80400000	80500000	0	0.0	NA
chrX	80500000	80600000	2382	644.0	0.270361041142
chrX	80600000	80700000	1180	329.0	0.278813559322
chrX	80700000	80800000	0	0.0	NA
chrX	80800000	80900000	0	0.0	NA
chrX	80900000	81000000	0	0.0	NA
chrX	81000000	81100000	0	0.0	NA
chrX	81100000	81200000	0	0.0	NA
chrX	81200000	81300000	0	0.0	NA
chrX	81300000	81400000	0	0.0	NA
chrX	81400000	81500000	0	0.0	NA
chrX	81500000	81600000	0	0.0	NA
chrX	81600000	81700000	0	0.0	NA
chrX	81700000	81800000	4905	1197.0	0.244036697248
chrX	81800000	81900000	10268	2676.0	0.26061550448
chrX	81900000	82000000	0	0.0	NA
chrX	82000000	82100000	0	0.0	NA
chrX	82100000	82200000	0	0.0	NA
chrX	82200000	82300000	0	0.0	NA
chrX	82300000	82400000	0	0.0	NA
chrX	82400000	82500000	0	0.0	NA
chrX	82500000	82600000	0	0.0	NA
chrX	82600000	82700000	0	0.0	NA
chrX	82700000	82800000	11194	2895.0	0.258620689655
chrX	82800000	82900000	5	0.0	0.0
chrX	82900000	83000000	0	0.0	NA
chrX	83000000	83100000	2230	667.0	0.299103139013
chrX	83100000	83200000	0	0.0	NA
chrX	83200000	83300000	2364	603.0	0.255076142132
chrX	83300000	83400000	0	0.0	NA
chrX	83400000	83500000	26416	6327.0	0.239513930951
chrX	83500000	83600000	0	0.0	NA
chrX	83600000	83700000	0	0.0	NA
chrX	83700000	83800000	0	0.0	NA
chrX	83800000	83900000	0	0.0	NA
chrX	83900000	84000000	0	0.0	NA
chrX	84000000	84100000	0	0.0	NA
chrX	84100000	84200000	0	0.0	NA
chrX	84200000	84300000	0	0.0	NA
chrX	84300000	84400000	0	0.0	NA
chrX	84400000	84500000	17687	4186.0	0.2366710013
chrX	84500000	84600000	35383	6950.0	0.19642201057
chrX	84600000	84700000	0	0.0	NA
chrX	84700000	84800000	0	0.0	NA
chrX	84800000	84900000	0	0.0	NA
chrX	84900000	85000000	0	0.0	NA
chrX	85000000	85100000	0	0.0	NA
chrX	85100000	85200000	16614	3703.0	0.222884314434
chrX	85200000	85300000	0	0.0	NA
chrX	85300000	85400000	7245	1634.0	0.225534851622
chrX	85400000	85500000	0	0.0	NA
chrX	85500000	85600000	0	0.0	NA
chrX	85600000	85700000	0	0.0	NA
chrX	85700000	85800000	0	0.0	NA
chrX	85800000	85900000	0	0.0	NA
chrX	85900000	86000000	0	0.0	NA
chrX	86000000	86100000	0	0.0	NA
chrX	86100000	86200000	0	0.0	NA
chrX	86200000	86300000	0	0.0	NA
chrX	86300000	86400000	0	0.0	NA
chrX	86400000	86500000	0	0.0	NA
chrX	86500000	86600000	0	0.0	NA
chrX	86600000	86700000	0	0.0	NA
chrX	86700000	86800000	11534	2875.0	0.249263048379
chrX	86800000	86900000	0	0.0	NA
chrX	86900000	87000000	6341	1580.0	0.249172054881
chrX	87000000	87100000	0	0.0	NA
chrX	87100000	87200000	0	0.0	NA
chrX	87200000	87300000	0	0.0	NA
chrX	87300000	87400000	0	0.0	NA
chrX	87400000	87500000	0	0.0	NA
chrX	87500000	87600000	0	0.0	NA
chrX	87600000	87700000	0	0.0	NA
chrX	87700000	87800000	0	0.0	NA
chrX	87800000	87900000	0	0.0	NA
chrX	87900000	88000000	0	0.0	NA
chrX	88000000	88100000	0	0.0	NA
chrX	88100000	88200000	0	0.0	NA
chrX	88200000	88300000	0	0.0	NA
chrX	88300000	88400000	0	0.0	NA
chrX	88400000	88500000	0	0.0	NA
chrX	88500000	88600000	0	0.0	NA
chrX	88600000	88700000	0	0.0	NA
chrX	88700000	88800000	0	0.0	NA
chrX	88800000	88900000	0	0.0	NA
chrX	88900000	89000000	0	0.0	NA
chrX	89000000	89100000	0	0.0	NA
chrX	89100000	89200000	0	0.0	NA
chrX	89200000	89300000	0	0.0	NA
chrX	89300000	89400000	0	0.0	NA
chrX	89400000	89500000	0	0.0	NA
chrX	89500000	89600000	0	0.0	NA
chrX	89600000	89700000	0	0.0	NA
chrX	89700000	89800000	0	0.0	NA
chrX	89800000	89900000	0	0.0	NA
chrX	89900000	90000000	0	0.0	NA
chrX	90000000	90100000	0	0.0	NA
chrX	90100000	90200000	0	0.0	NA
chrX	90200000	90300000	0	0.0	NA
chrX	90300000	90400000	0	0.0	NA
chrX	90400000	90500000	0	0.0	NA
chrX	90500000	90600000	991	293.0	0.295660948537
chrX	90600000	90700000	0	0.0	NA
chrX	90700000	90800000	649	201.0	0.309707241911
chrX	90800000	90900000	0	0.0	NA
chrX	90900000	91000000	0	0.0	NA
chrX	91000000	91100000	87	22.0	0.252873563218
chrX	91100000	91200000	0	0.0	NA
chrX	91200000	91300000	0	0.0	NA
chrX	91300000	91400000	0	0.0	NA
chrX	91400000	91500000	0	0.0	NA
chrX	91500000	91600000	0	0.0	NA
chrX	91600000	91700000	0	0.0	NA
chrX	91700000	91800000	0	0.0	NA
chrX	91800000	91900000	0	0.0	NA
chrX	91900000	92000000	0	0.0	NA
chrX	92000000	92100000	0	0.0	NA
chrX	92100000	92200000	0	0.0	NA
chrX	92200000	92300000	0	0.0	NA
chrX	92300000	92400000	0	0.0	NA
chrX	92400000	92500000	0	0.0	NA
chrX	92500000	92600000	0	0.0	NA
chrX	92600000	92700000	0	0.0	NA
chrX	92700000	92800000	0	0.0	NA
chrX	92800000	92900000	1984	512.0	0.258064516129
chrX	92900000	93000000	16844	3847.0	0.228389931133
chrX	93000000	93100000	0	0.0	NA
chrX	93100000	93200000	0	0.0	NA
chrX	93200000	93300000	0	0.0	NA
chrX	93300000	93400000	0	0.0	NA
chrX	93400000	93500000	0	0.0	NA
chrX	93500000	93600000	0	0.0	NA
chrX	93600000	93700000	0	0.0	NA
chrX	93700000	93800000	0	0.0	NA
chrX	93800000	93900000	0	0.0	NA
chrX	93900000	94000000	0	0.0	NA
chrX	94000000	94100000	0	0.0	NA
chrX	94100000	94200000	0	0.0	NA
chrX	94200000	94300000	0	0.0	NA
chrX	94300000	94400000	0	0.0	NA
chrX	94400000	94500000	0	0.0	NA
chrX	94500000	94600000	0	0.0	NA
chrX	94600000	94700000	0	0.0	NA
chrX	94700000	94800000	0	0.0	NA
chrX	94800000	94900000	0	0.0	NA
chrX	94900000	95000000	0	0.0	NA
chrX	95000000	95100000	0	0.0	NA
chrX	95100000	95200000	0	0.0	NA
chrX	95200000	95300000	8601	1917.0	0.222881060342
chrX	95300000	95400000	6192	1487.0	0.240148578811
chrX	95400000	95500000	0	0.0	NA
chrX	95500000	95600000	2509	617.0	0.245914707055
chrX	95600000	95700000	21860	4599.0	0.210384263495
chrX	95700000	95800000	8051	1685.0	0.209290771333
chrX	95800000	95900000	5339	1056.0	0.197789848286
chrX	95900000	96000000	6645	1622.0	0.244093303236
chrX	96000000	96100000	0	0.0	NA
chrX	96100000	96200000	0	0.0	NA
chrX	96200000	96300000	0	0.0	NA
chrX	96300000	96400000	0	0.0	NA
chrX	96400000	96500000	0	0.0	NA
chrX	96500000	96600000	0	0.0	NA
chrX	96600000	96700000	0	0.0	NA
chrX	96700000	96800000	0	0.0	NA
chrX	96800000	96900000	0	0.0	NA
chrX	96900000	97000000	19883	4296.0	0.216063974249
chrX	97000000	97100000	0	0.0	NA
chrX	97100000	97200000	0	0.0	NA
chrX	97200000	97300000	0	0.0	NA
chrX	97300000	97400000	0	0.0	NA
chrX	97400000	97500000	0	0.0	NA
chrX	97500000	97600000	7814	1782.0	0.228052213975
chrX	97600000	97700000	7444	1850.0	0.248522299839
chrX	97700000	97800000	2680	816.0	0.30447761194
chrX	97800000	97900000	2345	581.0	0.24776119403
chrX	97900000	98000000	0	0.0	NA
chrX	98000000	98100000	0	0.0	NA
chrX	98100000	98200000	14346	3407.0	0.237487801478
chrX	98200000	98300000	0	0.0	NA
chrX	98300000	98400000	0	0.0	NA
chrX	98400000	98500000	0	0.0	NA
chrX	98500000	98600000	0	0.0	NA
chrX	98600000	98700000	5077	1524.0	0.300177270041
chrX	98700000	98800000	0	0.0	NA
chrX	98800000	98900000	0	0.0	NA
chrX	98900000	99000000	0	0.0	NA
chrX	99000000	99100000	0	0.0	NA
chrX	99100000	99200000	0	0.0	NA
chrX	99200000	99300000	14473	3401.0	0.234989290403
chrX	99300000	99400000	26252	6074.0	0.231372847783
chrX	99400000	99500000	1161	232.0	0.199827734711
chrX	99500000	99600000	8431	1800.0	0.213497805717
chrX	99600000	99700000	11139	2125.0	0.190771164377
chrX	99700000	99800000	4230	988.0	0.233569739953
chrX	99800000	99900000	50482	10141.0	0.200883483222
chrX	99900000	100000000	26418	5193.0	0.1965705201
chrX	100000000	100100000	7208	1589.0	0.220449500555
chrX	100100000	100200000	39368	7991.0	0.202982117456
chrX	100200000	100300000	20219	4306.0	0.212968000396
chrX	100300000	100400000	20787	4335.0	0.208543801414
chrX	100400000	100500000	31193	6591.0	0.211297406469
chrX	100500000	100600000	19877	4180.0	0.210293303818
chrX	100600000	100700000	40691	8202.0	0.201567914281
chrX	100700000	100800000	8352	1949.0	0.233357279693
chrX	100800000	100900000	32517	7056.0	0.216994187656
chrX	100900000	101000000	48121	10540.0	0.219031192203
chrX	101000000	101100000	11883	2875.0	0.24194227047
chrX	101100000	101200000	24426	5166.0	0.211495946942
chrX	101200000	101300000	0	0.0	NA
chrX	101300000	101400000	5545	1549.0	0.279350766456
chrX	101400000	101500000	10272	2389.0	0.232573987539
chrX	101500000	101600000	0	0.0	NA
chrX	101600000	101700000	0	0.0	NA
chrX	101700000	101800000	7303	1751.0	0.239764480351
chrX	101800000	101900000	17849	4181.0	0.234242814724
chrX	101900000	102000000	12683	3267.0	0.257588898526
chrX	102000000	102100000	22122	5647.0	0.255266250791
chrX	102100000	102200000	448	126.0	0.28125
chrX	102200000	102300000	0	0.0	NA
chrX	102300000	102400000	2312	726.0	0.31401384083
chrX	102400000	102500000	12381	3072.0	0.248122122607
chrX	102500000	102600000	40770	9275.0	0.227495707628
chrX	102600000	102700000	35766	8772.0	0.245260862271
chrX	102700000	102800000	26610	7714.0	0.289891018414
chrX	102800000	102900000	26779	6013.0	0.224541618432
chrX	102900000	103000000	41673	8741.0	0.209752117678
chrX	103000000	103100000	34147	7226.0	0.211614490292
chrX	103100000	103200000	16342	4039.0	0.247154571044
chrX	103200000	103300000	17704	5834.0	0.329530049706
chrX	103300000	103400000	30238	7046.0	0.23301805675
chrX	103400000	103500000	36558	7445.0	0.203648996116
chrX	103500000	103600000	14144	2988.0	0.211255656109
chrX	103600000	103700000	0	0.0	NA
chrX	103700000	103800000	7127	1666.0	0.233758944858
chrX	103800000	103900000	0	0.0	NA
chrX	103900000	104000000	0	0.0	NA
chrX	104000000	104100000	0	0.0	NA
chrX	104100000	104200000	0	0.0	NA
chrX	104200000	104300000	0	0.0	NA
chrX	104300000	104400000	0	0.0	NA
chrX	104400000	104500000	0	0.0	NA
chrX	104500000	104600000	0	0.0	NA
chrX	104600000	104700000	0	0.0	NA
chrX	104700000	104800000	0	0.0	NA
chrX	104800000	104900000	0	0.0	NA
chrX	104900000	105000000	0	0.0	NA
chrX	105000000	105100000	24240	5238.0	0.216089108911
chrX	105100000	105200000	0	0.0	NA
chrX	105200000	105300000	9223	2337.0	0.253388268459
chrX	105300000	105400000	6085	1661.0	0.2729663106
chrX	105400000	105500000	3625	930.0	0.256551724138
chrX	105500000	105600000	0	0.0	NA
chrX	105600000	105700000	18368	5013.0	0.272920296167
chrX	105700000	105800000	6965	1834.0	0.263316582915
chrX	105800000	105900000	5837	1339.0	0.229398663697
chrX	105900000	106000000	33047	7118.0	0.215390201834
chrX	106000000	106100000	23879	4770.0	0.199757108757
chrX	106100000	106200000	0	0.0	NA
chrX	106200000	106300000	16187	3557.0	0.219744239204
chrX	106300000	106400000	32776	6834.0	0.208506224066
chrX	106400000	106500000	32138	6957.0	0.216472711432
chrX	106500000	106600000	8375	1970.0	0.235223880597
chrX	106600000	106700000	23428	5130.0	0.218968755335
chrX	106700000	106800000	26852	6303.0	0.234731118725
chrX	106800000	106900000	30869	6895.0	0.223363244679
chrX	106900000	107000000	17566	4399.0	0.250426961175
chrX	107000000	107100000	35816	7752.0	0.216439580076
chrX	107100000	107200000	6722	1523.0	0.226569473371
chrX	107200000	107300000	37908	8687.0	0.229160071753
chrX	107300000	107400000	40184	9353.0	0.232754330082
chrX	107400000	107500000	0	0.0	NA
chrX	107500000	107600000	0	0.0	NA
chrX	107600000	107700000	21063	4455.0	0.211508332146
chrX	107700000	107800000	9799	2212.0	0.225737320135
chrX	107800000	107900000	0	0.0	NA
chrX	107900000	108000000	47249	9651.0	0.204258291181
chrX	108000000	108100000	5312	1214.0	0.228539156627
chrX	108100000	108200000	10796	2578.0	0.238792145239
chrX	108200000	108300000	0	0.0	NA
chrX	108300000	108400000	0	0.0	NA
chrX	108400000	108500000	0	0.0	NA
chrX	108500000	108600000	10402	2239.0	0.215247067872
chrX	108600000	108700000	0	0.0	NA
chrX	108700000	108800000	3773	915.0	0.242512589451
chrX	108800000	108900000	24296	5999.0	0.246913072111
chrX	108900000	109000000	26413	6207.0	0.234997917692
chrX	109000000	109100000	16645	4070.0	0.244517873235
chrX	109100000	109200000	2352	582.0	0.247448979592
chrX	109200000	109300000	10224	2452.0	0.239827856025
chrX	109300000	109400000	7100	1938.0	0.272957746479
chrX	109400000	109500000	40103	8953.0	0.223250130913
chrX	109500000	109600000	0	0.0	NA
chrX	109600000	109700000	0	0.0	NA
chrX	109700000	109800000	14588	3537.0	0.242459555799
chrX	109800000	109900000	6422	1449.0	0.225630644659
chrX	109900000	110000000	0	0.0	NA
chrX	110000000	110100000	11025	2719.0	0.246621315193
chrX	110100000	110200000	11720	2842.0	0.242491467577
chrX	110200000	110300000	0	0.0	NA
chrX	110300000	110400000	0	0.0	NA
chrX	110400000	110500000	33677	6813.0	0.202304243252
chrX	110500000	110600000	40288	8639.0	0.214431096108
chrX	110600000	110700000	31232	6965.0	0.223008452869
chrX	110700000	110800000	23752	5523.0	0.232527787134
chrX	110800000	110900000	12634	2724.0	0.215608675004
chrX	110900000	111000000	40113	8581.0	0.213920674096
chrX	111000000	111100000	2076	446.0	0.214836223507
chrX	111100000	111200000	0	0.0	NA
chrX	111200000	111300000	17817	4039.0	0.226693607229
chrX	111300000	111400000	9983	2233.0	0.223680256436
chrX	111400000	111500000	0	0.0	NA
chrX	111500000	111600000	0	0.0	NA
chrX	111600000	111700000	0	0.0	NA
chrX	111700000	111800000	2780	715.0	0.257194244604
chrX	111800000	111900000	4945	1119.0	0.226289180991
chrX	111900000	112000000	25102	6006.0	0.239263803681
chrX	112000000	112100000	25123	4687.0	0.186562114397
chrX	112100000	112200000	42428	9223.0	0.217380032054
chrX	112200000	112300000	34172	8019.0	0.234665808264
chrX	112300000	112400000	0	0.0	NA
chrX	112400000	112500000	0	0.0	NA
chrX	112500000	112600000	0	0.0	NA
chrX	112600000	112700000	0	0.0	NA
chrX	112700000	112800000	7201	1672.0	0.232189973615
chrX	112800000	112900000	6447	1509.0	0.234062354584
chrX	112900000	113000000	0	0.0	NA
chrX	113000000	113100000	0	0.0	NA
chrX	113100000	113200000	31141	7161.0	0.22995407983
chrX	113200000	113300000	19520	4480.0	0.229508196721
chrX	113300000	113400000	1047	241.0	0.230181470869
chrX	113400000	113500000	0	0.0	NA
chrX	113500000	113600000	0	0.0	NA
chrX	113600000	113700000	0	0.0	NA
chrX	113700000	113800000	15085	3401.0	0.225455750746
chrX	113800000	113900000	0	0.0	NA
chrX	113900000	114000000	0	0.0	NA
chrX	114000000	114100000	0	0.0	NA
chrX	114100000	114200000	6326	1460.0	0.230793550427
chrX	114200000	114300000	33752	7528.0	0.223038634748
chrX	114300000	114400000	6611	1468.0	0.222054152171
chrX	114400000	114500000	6826	1472.0	0.215646059185
chrX	114500000	114600000	24366	5482.0	0.224985635722
chrX	114600000	114700000	0	0.0	NA
chrX	114700000	114800000	13987	3185.0	0.227711446343
chrX	114800000	114900000	0	0.0	NA
chrX	114900000	115000000	3842	888.0	0.23112961999
chrX	115000000	115100000	7639	2593.0	0.339442335384
chrX	115100000	115200000	13422	2934.0	0.218596334376
chrX	115200000	115300000	8343	1986.0	0.238043869112
chrX	115300000	115400000	0	0.0	NA
chrX	115400000	115500000	9665	2314.0	0.239420589757
chrX	115500000	115600000	42954	10321.0	0.240280299856
chrX	115600000	115700000	4768	1164.0	0.244127516779
chrX	115700000	115800000	6738	1750.0	0.259720985456
chrX	115800000	115900000	5965	1394.0	0.233696563286
chrX	115900000	116000000	18745	4797.0	0.255908242198
chrX	116000000	116100000	7992	1997.0	0.249874874875
chrX	116100000	116200000	0	0.0	NA
chrX	116200000	116300000	0	0.0	NA
chrX	116300000	116400000	0	0.0	NA
chrX	116400000	116500000	0	0.0	NA
chrX	116500000	116600000	0	0.0	NA
chrX	116600000	116700000	0	0.0	NA
chrX	116700000	116800000	0	0.0	NA
chrX	116800000	116900000	0	0.0	NA
chrX	116900000	117000000	13708	3255.0	0.237452582434
chrX	117000000	117100000	19543	4491.0	0.229800951747
chrX	117100000	117200000	0	0.0	NA
chrX	117200000	117300000	14244	3368.0	0.236450435271
chrX	117300000	117400000	801	203.0	0.253433208489
chrX	117400000	117500000	8381	1898.0	0.22646462236
chrX	117500000	117600000	8642	1808.0	0.209210830826
chrX	117600000	117700000	9824	2222.0	0.226180781759
chrX	117700000	117800000	0	0.0	NA
chrX	117800000	117900000	27528	6598.0	0.239683231619
chrX	117900000	118000000	44950	10773.0	0.239666295884
chrX	118000000	118100000	16543	3741.0	0.226137943541
chrX	118100000	118200000	16717	4289.0	0.256565173177
chrX	118200000	118300000	18362	4349.0	0.236847837926
chrX	118300000	118400000	38972	9305.0	0.23876116186
chrX	118400000	118500000	26873	6319.0	0.235143080415
chrX	118500000	118600000	13661	3377.0	0.247200058561
chrX	118600000	118700000	27960	6881.0	0.246101573677
chrX	118700000	118800000	50269	10298.0	0.204857864688
chrX	118800000	118900000	16774	3911.0	0.233158459521
chrX	118900000	119000000	24087	5189.0	0.215427408976
chrX	119000000	119100000	18988	4302.0	0.226564145776
chrX	119100000	119200000	19561	5555.0	0.28398343643
chrX	119200000	119300000	8684	2409.0	0.277406725012
chrX	119300000	119400000	6627	1720.0	0.259544288517
chrX	119400000	119500000	50963	10707.0	0.210093597316
chrX	119500000	119600000	24735	5002.0	0.20222356984
chrX	119600000	119700000	18036	3780.0	0.209580838323
chrX	119700000	119800000	34979	6976.0	0.199433946082
chrX	119800000	119900000	3915	832.0	0.21251596424
chrX	119900000	120000000	14170	2766.0	0.195201129146
chrX	120000000	120100000	0	0.0	NA
chrX	120100000	120200000	21852	4886.0	0.223595094271
chrX	120200000	120300000	5848	1370.0	0.234268125855
chrX	120300000	120400000	0	0.0	NA
chrX	120400000	120500000	39877	10112.0	0.253579757755
chrX	120500000	120600000	17160	4798.0	0.279603729604
chrX	120600000	120700000	0	0.0	NA
chrX	120700000	120800000	0	0.0	NA
chrX	120800000	120900000	0	0.0	NA
chrX	120900000	121000000	11638	3110.0	0.267228046056
chrX	121000000	121100000	13112	3180.0	0.242525930445
chrX	121100000	121200000	0	0.0	NA
chrX	121200000	121300000	0	0.0	NA
chrX	121300000	121400000	11102	2665.0	0.240046838407
chrX	121400000	121500000	7353	1788.0	0.243166054672
chrX	121500000	121600000	2321	539.0	0.232227488152
chrX	121600000	121700000	7849	1752.0	0.223213148172
chrX	121700000	121800000	0	0.0	NA
chrX	121800000	121900000	0	0.0	NA
chrX	121900000	122000000	15452	3529.0	0.228384675123
chrX	122000000	122100000	15941	3618.0	0.226961922088
chrX	122100000	122200000	0	0.0	NA
chrX	122200000	122300000	11095	2330.0	0.210004506534
chrX	122300000	122400000	0	0.0	NA
chrX	122400000	122500000	0	0.0	NA
chrX	122500000	122600000	0	0.0	NA
chrX	122600000	122700000	12334	2582.0	0.209340035674
chrX	122700000	122800000	17776	3554.0	0.199932493249
chrX	122800000	122900000	16083	3399.0	0.211341167693
chrX	122900000	123000000	11015	2459.0	0.223241034952
chrX	123000000	123100000	31304	5830.0	0.186238180424
chrX	123100000	123200000	0	0.0	NA
chrX	123200000	123300000	21723	4095.0	0.188509874327
chrX	123300000	123400000	17655	3649.0	0.20668365902
chrX	123400000	123500000	39781	8565.0	0.215303788241
chrX	123500000	123600000	38598	6775.0	0.17552722939
chrX	123600000	123700000	0	0.0	NA
chrX	123700000	123800000	0	0.0	NA
chrX	123800000	123900000	0	0.0	NA
chrX	123900000	124000000	0	0.0	NA
chrX	124000000	124100000	0	0.0	NA
chrX	124100000	124200000	20392	4247.0	0.208267948215
chrX	124200000	124300000	0	0.0	NA
chrX	124300000	124400000	12368	2503.0	0.202377102199
chrX	124400000	124500000	27062	6399.0	0.23645702461
chrX	124500000	124600000	3072	715.0	0.232747395833
chrX	124600000	124700000	0	0.0	NA
chrX	124700000	124800000	3808	842.0	0.221113445378
chrX	124800000	124900000	7355	1750.0	0.237933378654
chrX	124900000	125000000	0	0.0	NA
chrX	125000000	125100000	321	90.0	0.280373831776
chrX	125100000	125200000	10901	2556.0	0.234473901477
chrX	125200000	125300000	20036	4665.0	0.232830904372
chrX	125300000	125400000	11350	2728.0	0.240352422907
chrX	125400000	125500000	0	0.0	NA
chrX	125500000	125600000	3168	804.0	0.253787878788
chrX	125600000	125700000	9671	2349.0	0.242891117775
chrX	125700000	125800000	10724	2713.0	0.252983961209
chrX	125800000	125900000	22608	5473.0	0.242082448691
chrX	125900000	126000000	16741	3916.0	0.233916731378
chrX	126000000	126100000	0	0.0	NA
chrX	126100000	126200000	0	0.0	NA
chrX	126200000	126300000	0	0.0	NA
chrX	126300000	126400000	0	0.0	NA
chrX	126400000	126500000	3305	968.0	0.292889561271
chrX	126500000	126600000	15597	4205.0	0.269603128807
chrX	126600000	126700000	0	0.0	NA
chrX	126700000	126800000	8700	2244.0	0.257931034483
chrX	126800000	126900000	2962	739.0	0.249493585415
chrX	126900000	127000000	0	0.0	NA
chrX	127000000	127100000	0	0.0	NA
chrX	127100000	127200000	3535	942.0	0.266478076379
chrX	127200000	127300000	0	0.0	NA
chrX	127300000	127400000	0	0.0	NA
chrX	127400000	127500000	3075	706.0	0.229593495935
chrX	127500000	127600000	0	0.0	NA
chrX	127600000	127700000	0	0.0	NA
chrX	127700000	127800000	20440	4675.0	0.228718199609
chrX	127800000	127900000	0	0.0	NA
chrX	127900000	128000000	0	0.0	NA
chrX	128000000	128100000	0	0.0	NA
chrX	128100000	128200000	0	0.0	NA
chrX	128200000	128300000	0	0.0	NA
chrX	128300000	128400000	0	0.0	NA
chrX	128400000	128500000	0	0.0	NA
chrX	128500000	128600000	19324	3906.0	0.202132063755
chrX	128600000	128700000	48198	9548.0	0.198099506204
chrX	128700000	128800000	34288	8287.0	0.24168805413
chrX	128800000	128900000	47800	11710.0	0.244979079498
chrX	128900000	129000000	49492	10373.0	0.209589428595
chrX	129000000	129100000	19676	3928.0	0.199634071966
chrX	129100000	129200000	35709	7190.0	0.20134979977
chrX	129200000	129300000	47247	9988.0	0.211399665587
chrX	129300000	129400000	42945	9044.0	0.210594947025
chrX	129400000	129500000	31072	6649.0	0.213986869207
chrX	129500000	129600000	47852	10293.0	0.215100727242
chrX	129600000	129700000	15467	3334.0	0.215555699231
chrX	129700000	129800000	14037	3183.0	0.226757854242
chrX	129800000	129900000	0	0.0	NA
chrX	129900000	130000000	0	0.0	NA
chrX	130000000	130100000	3093	675.0	0.218234723569
chrX	130100000	130200000	20315	4200.0	0.20674378538
chrX	130200000	130300000	14213	2967.0	0.208752550482
chrX	130300000	130400000	29265	6536.0	0.22333845891
chrX	130400000	130500000	0	0.0	NA
chrX	130500000	130600000	0	0.0	NA
chrX	130600000	130700000	0	0.0	NA
chrX	130700000	130800000	23086	5178.0	0.224291778567
chrX	130800000	130900000	0	0.0	NA
chrX	130900000	131000000	7224	1922.0	0.266057585825
chrX	131000000	131100000	13422	3245.0	0.241767247802
chrX	131100000	131200000	49895	10465.0	0.209740454955
chrX	131200000	131300000	22416	5312.0	0.236973590293
chrX	131300000	131400000	12531	3051.0	0.243476179076
chrX	131400000	131500000	0	0.0	NA
chrX	131500000	131600000	0	0.0	NA
chrX	131600000	131700000	22879	5548.0	0.242493115958
chrX	131700000	131800000	37867	8586.0	0.226740961787
chrX	131800000	131900000	0	0.0	NA
chrX	131900000	132000000	0	0.0	NA
chrX	132000000	132100000	0	0.0	NA
chrX	132100000	132200000	23427	5649.0	0.241132027148
chrX	132200000	132300000	13612	3235.0	0.237657948869
chrX	132300000	132400000	45077	10289.0	0.2282538767
chrX	132400000	132500000	34072	7927.0	0.232654378962
chrX	132500000	132600000	10333	2381.0	0.230426787961
chrX	132600000	132700000	28084	6623.0	0.235828229597
chrX	132700000	132800000	12610	2666.0	0.211419508327
chrX	132800000	132900000	0	0.0	NA
chrX	132900000	133000000	0	0.0	NA
chrX	133000000	133100000	0	0.0	NA
chrX	133100000	133200000	18551	3930.0	0.211848417875
chrX	133200000	133300000	26782	6126.0	0.22873571802
chrX	133300000	133400000	45232	9130.0	0.201848249027
chrX	133400000	133500000	9182	2187.0	0.238183402309
chrX	133500000	133600000	24050	4704.0	0.195592515593
chrX	133600000	133700000	33800	7662.0	0.226686390533
chrX	133700000	133800000	27300	5807.0	0.212710622711
chrX	133800000	133900000	17305	3364.0	0.194394683617
chrX	133900000	134000000	31268	6316.0	0.201995650505
chrX	134000000	134100000	39579	8590.0	0.217034285859
chrX	134100000	134200000	32058	8883.0	0.277091521617
chrX	134200000	134300000	4530	1476.0	0.32582781457
chrX	134300000	134400000	5607	2016.0	0.359550561798
chrX	134400000	134500000	8350	1796.0	0.215089820359
chrX	134500000	134600000	17352	5246.0	0.302328261872
chrX	134600000	134700000	13029	3153.0	0.241998618466
chrX	134700000	134800000	5249	1637.0	0.311868927415
chrX	134800000	134900000	3663	1068.0	0.291564291564
chrX	134900000	135000000	2291	701.0	0.305979921432
chrX	135000000	135100000	9126	2360.0	0.258601797063
chrX	135100000	135200000	15653	3682.0	0.235226474158
chrX	135200000	135300000	32171	7901.0	0.245593857822
chrX	135300000	135400000	39570	9547.0	0.241268637857
chrX	135400000	135500000	0	0.0	NA
chrX	135500000	135600000	46983	10388.0	0.221101249388
chrX	135600000	135700000	45237	11190.0	0.247363883547
chrX	135700000	135800000	51090	11205.0	0.21931884909
chrX	135800000	135900000	15767	3349.0	0.212405657386
chrX	135900000	136000000	16876	4087.0	0.242178241289
chrX	136000000	136100000	12476	2830.0	0.226835524206
chrX	136100000	136200000	41770	9208.0	0.220445295667
chrX	136200000	136300000	0	0.0	NA
chrX	136300000	136400000	0	0.0	NA
chrX	136400000	136500000	0	0.0	NA
chrX	136500000	136600000	4516	1021.0	0.226085031001
chrX	136600000	136700000	25395	5690.0	0.224059854302
chrX	136700000	136800000	0	0.0	NA
chrX	136800000	136900000	0	0.0	NA
chrX	136900000	137000000	0	0.0	NA
chrX	137000000	137100000	11338	2434.0	0.214676309755
chrX	137100000	137200000	3439	866.0	0.251817388776
chrX	137200000	137300000	0	0.0	NA
chrX	137300000	137400000	0	0.0	NA
chrX	137400000	137500000	15588	3735.0	0.2396073903
chrX	137500000	137600000	20550	4814.0	0.234257907543
chrX	137600000	137700000	6709	1545.0	0.230287673275
chrX	137700000	137800000	0	0.0	NA
chrX	137800000	137900000	0	0.0	NA
chrX	137900000	138000000	0	0.0	NA
chrX	138000000	138100000	0	0.0	NA
chrX	138100000	138200000	0	0.0	NA
chrX	138200000	138300000	0	0.0	NA
chrX	138300000	138400000	15754	3835.0	0.243430239939
chrX	138400000	138500000	1164	249.0	0.213917525773
chrX	138500000	138600000	30865	6992.0	0.226534910092
chrX	138600000	138700000	46446	10659.0	0.229492313655
chrX	138700000	138800000	14134	3745.0	0.264963916796
chrX	138800000	138900000	22938	4624.0	0.201586886389
chrX	138900000	139000000	5275	1218.0	0.230900473934
chrX	139000000	139100000	20227	4441.0	0.219558016513
chrX	139100000	139200000	26092	5309.0	0.203472328683
chrX	139200000	139300000	28560	6063.0	0.212289915966
chrX	139300000	139400000	12924	2755.0	0.213169297431
chrX	139400000	139500000	12946	2971.0	0.229491734899
chrX	139500000	139600000	52489	12453.0	0.237249709463
chrX	139600000	139700000	22508	4762.0	0.211569219833
chrX	139700000	139800000	32674	7273.0	0.222592887311
chrX	139800000	139900000	23928	5916.0	0.247241725176
chrX	139900000	140000000	16626	3783.0	0.227535185853
chrX	140000000	140100000	26418	6048.0	0.22893481717
chrX	140100000	140200000	0	0.0	NA
chrX	140200000	140300000	23770	5575.0	0.234539335297
chrX	140300000	140400000	7913	1790.0	0.226210034121
chrX	140400000	140500000	0	0.0	NA
chrX	140500000	140600000	0	0.0	NA
chrX	140600000	140700000	0	0.0	NA
chrX	140700000	140800000	19304	4641.0	0.240416493991
chrX	140800000	140900000	23059	5596.0	0.242681816211
chrX	140900000	141000000	13904	4265.0	0.306746260069
chrX	141000000	141100000	12525	3223.0	0.257325349301
chrX	141100000	141200000	0	0.0	NA
chrX	141200000	141300000	1989	689.0	0.346405228758
chrX	141300000	141400000	8470	2143.0	0.253010625738
chrX	141400000	141500000	9728	2367.0	0.243318256579
chrX	141500000	141600000	17593	4496.0	0.25555618712
chrX	141600000	141700000	5163	1334.0	0.258376912648
chrX	141700000	141800000	17445	4391.0	0.251705359702
chrX	141800000	141900000	0	0.0	NA
chrX	141900000	142000000	21138	5506.0	0.260478758634
chrX	142000000	142100000	21331	5841.0	0.273826824809
chrX	142100000	142200000	16899	4484.0	0.265341144446
chrX	142200000	142300000	22159	5956.0	0.26878469245
chrX	142300000	142400000	24995	6658.0	0.266373274655
chrX	142400000	142500000	0	0.0	NA
chrX	142500000	142600000	0	0.0	NA
chrX	142600000	142700000	14282	3397.0	0.237851841479
chrX	142700000	142800000	15581	3715.0	0.238431422887
chrX	142800000	142900000	18130	4564.0	0.251737451737
chrX	142900000	143000000	13593	3358.0	0.24703891709
chrX	143000000	143100000	1981	438.0	0.221100454316
chrX	143100000	143200000	0	0.0	NA
chrX	143200000	143300000	0	0.0	NA
chrX	143300000	143400000	0	0.0	NA
chrX	143400000	143500000	0	0.0	NA
chrX	143500000	143600000	0	0.0	NA
chrX	143600000	143700000	0	0.0	NA
chrX	143700000	143800000	0	0.0	NA
chrX	143800000	143900000	0	0.0	NA
chrX	143900000	144000000	0	0.0	NA
chrX	144000000	144100000	1311	284.0	0.216628527841
chrX	144100000	144200000	23781	5888.0	0.247592615954
chrX	144200000	144300000	17904	4327.0	0.241677837355
chrX	144300000	144400000	11713	2708.0	0.23119610689
chrX	144400000	144500000	0	0.0	NA
chrX	144500000	144600000	0	0.0	NA
chrX	144600000	144700000	0	0.0	NA
chrX	144700000	144800000	0	0.0	NA
chrX	144800000	144900000	16997	4346.0	0.255692180973
chrX	144900000	145000000	39312	8440.0	0.214692714693
chrX	145000000	145100000	14273	4844.0	0.339382050025
chrX	145100000	145200000	22532	5867.0	0.260385229895
chrX	145200000	145300000	0	0.0	NA
chrX	145300000	145400000	0	0.0	NA
chrX	145400000	145500000	8619	2238.0	0.259658893143
chrX	145500000	145600000	9166	2398.0	0.261619026838
chrX	145600000	145700000	0	0.0	NA
chrX	145700000	145800000	0	0.0	NA
chrX	145800000	145900000	10812	2633.0	0.243525712172
chrX	145900000	146000000	17702	4343.0	0.24533950966
chrX	146000000	146100000	0	0.0	NA
chrX	146100000	146200000	0	0.0	NA
chrX	146200000	146300000	190	47.0	0.247368421053
chrX	146300000	146400000	25065	6536.0	0.260762018751
chrX	146400000	146500000	12448	3044.0	0.244537275064
chrX	146500000	146600000	0	0.0	NA
chrX	146600000	146700000	0	0.0	NA
chrX	146700000	146800000	0	0.0	NA
chrX	146800000	146900000	19445	4484.0	0.230599125739
chrX	146900000	147000000	10273	2272.0	0.221162270028
chrX	147000000	147100000	41682	8470.0	0.203205220479
chrX	147100000	147200000	11165	2547.0	0.228123600537
chrX	147200000	147300000	0	0.0	NA
chrX	147300000	147400000	0	0.0	NA
chrX	147400000	147500000	0	0.0	NA
chrX	147500000	147600000	23317	5425.0	0.232662864005
chrX	147600000	147700000	24726	5747.0	0.232427404352
chrX	147700000	147800000	0	0.0	NA
chrX	147800000	147900000	0	0.0	NA
chrX	147900000	148000000	0	0.0	NA
chrX	148000000	148100000	0	0.0	NA
chrX	148100000	148200000	16071	3915.0	0.243606496173
chrX	148200000	148300000	0	0.0	NA
chrX	148300000	148400000	31645	7698.0	0.243261178701
chrX	148400000	148500000	22456	5669.0	0.252449234058
chrX	148500000	148600000	11189	2773.0	0.247832692823
chrX	148600000	148700000	8375	2222.0	0.265313432836
chrX	148700000	148800000	17765	4851.0	0.27306501548
chrX	148800000	148900000	6861	2465.0	0.359277073313
chrX	148900000	149000000	0	0.0	NA
chrX	149000000	149100000	0	0.0	NA
chrX	149100000	149200000	0	0.0	NA
chrX	149200000	149300000	0	0.0	NA
chrX	149300000	149400000	24708	6017.0	0.243524364578
chrX	149400000	149500000	28380	7534.0	0.265468639887
chrX	149500000	149600000	6907	1859.0	0.269147241928
chrX	149600000	149700000	3654	1026.0	0.28078817734
chrX	149700000	149800000	17816	5015.0	0.281488549618
chrX	149800000	149900000	41304	9879.0	0.239177803603
chrX	149900000	150000000	19732	5655.0	0.286590310156
chrX	150000000	150100000	27068	7363.0	0.272018619772
chrX	150100000	150200000	38386	10522.0	0.274110352733
chrX	150200000	150300000	11398	2702.0	0.237059133181
chrX	150300000	150400000	9564	2474.0	0.258678377248
chrX	150400000	150500000	0	0.0	NA
chrX	150500000	150600000	15385	3809.0	0.24757881053
chrX	150600000	150700000	27891	6339.0	0.227277616435
chrX	150700000	150800000	5750	1471.0	0.255826086957
chrX	150800000	150900000	51675	13831.0	0.267653604257
chrX	150900000	151000000	45228	11287.0	0.249557796056
chrX	151000000	151100000	20645	5852.0	0.283458464519
chrX	151100000	151200000	27594	6572.0	0.23816771762
chrX	151200000	151300000	10369	3184.0	0.307069148423
chrX	151300000	151400000	17120	4053.0	0.236740654206
chrX	151400000	151500000	0	0.0	NA
chrX	151500000	151600000	0	0.0	NA
chrX	151600000	151700000	2501	592.0	0.236705317873
chrX	151700000	151800000	15975	3672.0	0.22985915493
chrX	151800000	151900000	14078	3497.0	0.248401761614
chrX	151900000	152000000	12452	3063.0	0.24598458079
chrX	152000000	152100000	45668	12409.0	0.271721993518
chrX	152100000	152200000	20210	5478.0	0.271053933696
chrX	152200000	152300000	5428	1564.0	0.28813559322
chrX	152300000	152400000	373	127.0	0.340482573727
chrX	152400000	152500000	4912	1639.0	0.333672638436
chrX	152500000	152600000	6663	2045.0	0.306918805343
chrX	152600000	152700000	39262	11428.0	0.291070246039
chrX	152700000	152800000	39832	12303.0	0.308872263507
chrX	152800000	152900000	46917	14827.0	0.316026173882
chrX	152900000	153000000	36591	10573.0	0.288950834905
chrX	153000000	153100000	34743	9711.0	0.27950954149
chrX	153100000	153200000	45043	12049.0	0.267499944497
chrX	153200000	153300000	53043	13357.0	0.251814565541
chrX	153300000	153400000	30169	7693.0	0.254996851072
chrX	153400000	153500000	5401	1783.0	0.330124051102
chrX	153500000	153600000	37213	9186.0	0.246849219359
chrX	153600000	153700000	50914	13374.0	0.262678241741
chrX	153700000	153800000	30980	9138.0	0.294964493221
chrX	153800000	153900000	10509	3150.0	0.299743077362
chrX	153900000	154000000	28818	8677.0	0.301096536887
chrX	154000000	154100000	20602	6249.0	0.303320066013
chrX	154100000	154200000	25	10.0	0.4
chrX	154200000	154300000	10561	2583.0	0.244579111827
chrX	154300000	154400000	15210	3622.0	0.238132807364
chrX	154400000	154500000	27112	6660.0	0.245647683683
chrX	154500000	154600000	9192	1887.0	0.205287206266
chrX	154600000	154700000	0	0.0	NA
chrX	154700000	154800000	3780	807.0	0.213492063492
chrX	154800000	154900000	0	0.0	NA
chrX	154900000	155000000	0	0.0	NA
chrX	155000000	155100000	6671	1456.0	0.218258132214
chrX	155100000	155200000	359	125.0	0.348189415042
chrX	155200000	155270560	0	0.0	NA
