chrX	0	100000	0	0.0	NA
chrX	100000	200000	0	0.0	NA
chrX	200000	300000	0	0.0	NA
chrX	300000	400000	0	0.0	NA
chrX	400000	500000	741	244.0	0.329284750337
chrX	500000	600000	10160	3178.0	0.312795275591
chrX	600000	700000	7577	2589.0	0.341691962518
chrX	700000	800000	15842	4908.0	0.309809367504
chrX	800000	900000	11656	3754.0	0.322065888813
chrX	900000	1000000	11889	3812.0	0.320632517453
chrX	1000000	1100000	939	309.0	0.329073482428
chrX	1100000	1200000	0	0.0	NA
chrX	1200000	1300000	5009	1722.0	0.343781193851
chrX	1300000	1400000	79	30.0	0.379746835443
chrX	1400000	1500000	0	0.0	NA
chrX	1500000	1600000	0	0.0	NA
chrX	1600000	1700000	811	249.0	0.307028360049
chrX	1700000	1800000	867	304.0	0.350634371396
chrX	1800000	1900000	0	0.0	NA
chrX	1900000	2000000	4591	1535.0	0.334349814855
chrX	2000000	2100000	4884	1712.0	0.350532350532
chrX	2100000	2200000	1687	607.0	0.359810314167
chrX	2200000	2300000	0	0.0	NA
chrX	2300000	2400000	0	0.0	NA
chrX	2400000	2500000	13071	4262.0	0.326065335475
chrX	2500000	2600000	7239	2545.0	0.351567896118
chrX	2600000	2700000	3181	1092.0	0.343288274128
chrX	2700000	2800000	1152	414.0	0.359375
chrX	2800000	2900000	473	150.0	0.317124735729
chrX	2900000	3000000	4933	1589.0	0.322116359213
chrX	3000000	3100000	10084	3310.0	0.328242760809
chrX	3100000	3200000	32938	11020.0	0.334567976198
chrX	3200000	3300000	13361	4542.0	0.339944614924
chrX	3300000	3400000	26308	9029.0	0.343203588262
chrX	3400000	3500000	23788	7970.0	0.335042878762
chrX	3500000	3600000	6486	2111.0	0.325470243602
chrX	3600000	3700000	6971	2379.0	0.341270979773
chrX	3700000	3800000	2714	974.0	0.358879882093
chrX	3800000	3900000	8497	2798.0	0.329292691538
chrX	3900000	4000000	28774	9044.0	0.314311531243
chrX	4000000	4100000	29095	9205.0	0.31637738443
chrX	4100000	4200000	27682	9014.0	0.325626761072
chrX	4200000	4300000	36936	11958.0	0.323749187784
chrX	4300000	4400000	31973	10133.0	0.316923654333
chrX	4400000	4500000	37235	11624.0	0.312179401101
chrX	4500000	4600000	22603	7226.0	0.319692076273
chrX	4600000	4700000	27474	8437.0	0.307090339958
chrX	4700000	4800000	29885	9595.0	0.321064078969
chrX	4800000	4900000	27894	9025.0	0.323546282355
chrX	4900000	5000000	34546	11034.0	0.319400219997
chrX	5000000	5100000	22114	7061.0	0.319299990956
chrX	5100000	5200000	30931	9986.0	0.322847628593
chrX	5200000	5300000	33813	10847.0	0.320793777541
chrX	5300000	5400000	28008	8811.0	0.314588688946
chrX	5400000	5500000	34311	10638.0	0.310046340824
chrX	5500000	5600000	23548	7224.0	0.30677764566
chrX	5600000	5700000	15762	4741.0	0.300786702195
chrX	5700000	5800000	40373	12309.0	0.304881975578
chrX	5800000	5900000	4819	1722.0	0.357335546794
chrX	5900000	6000000	0	0.0	NA
chrX	6000000	6100000	0	0.0	NA
chrX	6100000	6200000	22647	6856.0	0.302733253853
chrX	6200000	6300000	40407	12094.0	0.29930457594
chrX	6300000	6400000	40557	12298.0	0.303227556279
chrX	6400000	6500000	31982	9443.0	0.295259833656
chrX	6500000	6600000	28966	8931.0	0.308327004074
chrX	6600000	6700000	28260	8626.0	0.305237084218
chrX	6700000	6800000	44022	12980.0	0.294852573713
chrX	6800000	6900000	36082	10263.0	0.28443545258
chrX	6900000	7000000	18173	5247.0	0.28872503164
chrX	7000000	7100000	0	0.0	NA
chrX	7100000	7200000	0	0.0	NA
chrX	7200000	7300000	11033	3514.0	0.31849904831
chrX	7300000	7400000	50303	14790.0	0.294018249409
chrX	7400000	7500000	45321	13264.0	0.292667858167
chrX	7500000	7600000	41904	12638.0	0.301594119893
chrX	7600000	7700000	23130	6708.0	0.290012970169
chrX	7700000	7800000	53844	16064.0	0.298343362306
chrX	7800000	7900000	34008	9806.0	0.288343919078
chrX	7900000	8000000	41059	11444.0	0.278720865097
chrX	8000000	8100000	39779	11375.0	0.285954900827
chrX	8100000	8200000	37093	10171.0	0.274202679751
chrX	8200000	8300000	46440	12992.0	0.279758828596
chrX	8300000	8400000	51880	15275.0	0.294429452583
chrX	8400000	8500000	35515	10494.0	0.295480782768
chrX	8500000	8600000	0	0.0	NA
chrX	8600000	8700000	0	0.0	NA
chrX	8700000	8800000	33083	8865.0	0.267962397606
chrX	8800000	8900000	63622	16277.0	0.255839175128
chrX	8900000	9000000	17788	5120.0	0.287834495165
chrX	9000000	9100000	45849	11715.0	0.255512661127
chrX	9100000	9200000	59153	15550.0	0.262877622437
chrX	9200000	9300000	44666	11974.0	0.268078628039
chrX	9300000	9400000	38933	11376.0	0.292194282485
chrX	9400000	9500000	11352	3216.0	0.283298097252
chrX	9500000	9600000	0	0.0	NA
chrX	9600000	9700000	67	14.0	0.208955223881
chrX	9700000	9800000	6374	1799.0	0.282240351428
chrX	9800000	9900000	0	0.0	NA
chrX	9900000	10000000	18202	4915.0	0.270025271948
chrX	10000000	10100000	0	0.0	NA
chrX	10100000	10200000	1693	506.0	0.298877731837
chrX	10200000	10300000	3041	700.0	0.230187438343
chrX	10300000	10400000	46539	10828.0	0.232665076602
chrX	10400000	10500000	6224	1711.0	0.274903598972
chrX	10500000	10600000	0	0.0	NA
chrX	10600000	10700000	0	0.0	NA
chrX	10700000	10800000	0	0.0	NA
chrX	10800000	10900000	10370	2149.0	0.207232401157
chrX	10900000	11000000	0	0.0	NA
chrX	11000000	11100000	0	0.0	NA
chrX	11100000	11200000	4486	1520.0	0.338831921534
chrX	11200000	11300000	0	0.0	NA
chrX	11300000	11400000	0	0.0	NA
chrX	11400000	11500000	0	0.0	NA
chrX	11500000	11600000	0	0.0	NA
chrX	11600000	11700000	1858	381.0	0.205059203445
chrX	11700000	11800000	2080	507.0	0.24375
chrX	11800000	11900000	56511	12460.0	0.220488046575
chrX	11900000	12000000	54796	12172.0	0.222133002409
chrX	12000000	12100000	59219	12801.0	0.216163731235
chrX	12100000	12200000	35319	7860.0	0.222543107109
chrX	12200000	12300000	0	0.0	NA
chrX	12300000	12400000	0	0.0	NA
chrX	12400000	12500000	0	0.0	NA
chrX	12500000	12600000	0	0.0	NA
chrX	12600000	12700000	0	0.0	NA
chrX	12700000	12800000	26772	6961.0	0.260010458688
chrX	12800000	12900000	15857	4365.0	0.275272750205
chrX	12900000	13000000	24593	7197.0	0.292644248363
chrX	13000000	13100000	52667	13970.0	0.26525148575
chrX	13100000	13200000	53959	13840.0	0.256491039493
chrX	13200000	13300000	38997	9909.0	0.254096468959
chrX	13300000	13400000	16966	5056.0	0.298007780266
chrX	13400000	13500000	39565	9429.0	0.238316694048
chrX	13500000	13600000	39469	9833.0	0.249132230358
chrX	13600000	13700000	5384	1442.0	0.267830609212
chrX	13700000	13800000	6523	1546.0	0.237007511881
chrX	13800000	13900000	0	0.0	NA
chrX	13900000	14000000	16118	3783.0	0.234706539273
chrX	14000000	14100000	39496	9405.0	0.238125379785
chrX	14100000	14200000	46479	9968.0	0.214462445405
chrX	14200000	14300000	38031	8498.0	0.223449291368
chrX	14300000	14400000	59100	13337.0	0.225668358714
chrX	14400000	14500000	56866	12087.0	0.212552315971
chrX	14500000	14600000	33362	7201.0	0.215844373838
chrX	14600000	14700000	0	0.0	NA
chrX	14700000	14800000	25685	5472.0	0.213042631886
chrX	14800000	14900000	28260	6237.0	0.220700636943
chrX	14900000	15000000	27937	6506.0	0.232881125389
chrX	15000000	15100000	49963	11102.0	0.222204431279
chrX	15100000	15200000	56446	12745.0	0.225791021507
chrX	15200000	15300000	40552	9468.0	0.233478003551
chrX	15300000	15400000	6977	1679.0	0.240647842912
chrX	15400000	15500000	0	0.0	NA
chrX	15500000	15600000	1773	428.0	0.241398759165
chrX	15600000	15700000	11747	2760.0	0.234953605176
chrX	15700000	15800000	12714	3100.0	0.243825703948
chrX	15800000	15900000	17719	3703.0	0.208984705683
chrX	15900000	16000000	50111	10513.0	0.20979425675
chrX	16000000	16100000	59465	12503.0	0.210258135037
chrX	16100000	16200000	25894	5832.0	0.225225921063
chrX	16200000	16300000	34282	7326.0	0.213698150633
chrX	16300000	16400000	31247	6938.0	0.222037315582
chrX	16400000	16500000	49086	10517.0	0.214256610846
chrX	16500000	16600000	37779	8052.0	0.21313428095
chrX	16600000	16700000	623	141.0	0.22632423756
chrX	16700000	16800000	4923	1235.0	0.250863294739
chrX	16800000	16900000	7468	1618.0	0.216657739689
chrX	16900000	17000000	24344	5603.0	0.230159382189
chrX	17000000	17100000	0	0.0	NA
chrX	17100000	17200000	18283	4159.0	0.227479078926
chrX	17200000	17300000	51614	10911.0	0.211396132832
chrX	17300000	17400000	43490	9816.0	0.225707059094
chrX	17400000	17500000	0	0.0	NA
chrX	17500000	17600000	0	0.0	NA
chrX	17600000	17700000	0	0.0	NA
chrX	17700000	17800000	3956	1291.0	0.326339737108
chrX	17800000	17900000	20267	4858.0	0.239700004934
chrX	17900000	18000000	60659	13387.0	0.220692724905
chrX	18000000	18100000	0	0.0	NA
chrX	18100000	18200000	33908	7622.0	0.224784711572
chrX	18200000	18300000	2002	604.0	0.301698301698
chrX	18300000	18400000	8594	1885.0	0.219339073772
chrX	18400000	18500000	13446	3074.0	0.228618176409
chrX	18500000	18600000	0	0.0	NA
chrX	18600000	18700000	2491	647.0	0.259735046166
chrX	18700000	18800000	3152	777.0	0.246510152284
chrX	18800000	18900000	905	269.0	0.297237569061
chrX	18900000	19000000	3682	1157.0	0.31423139598
chrX	19000000	19100000	2912	643.0	0.22081043956
chrX	19100000	19200000	29634	6701.0	0.226125396504
chrX	19200000	19300000	45412	10471.0	0.23057782084
chrX	19300000	19400000	25239	5805.0	0.230001188637
chrX	19400000	19500000	0	0.0	NA
chrX	19500000	19600000	4813	1097.0	0.227924371494
chrX	19600000	19700000	0	0.0	NA
chrX	19700000	19800000	0	0.0	NA
chrX	19800000	19900000	0	0.0	NA
chrX	19900000	20000000	11633	2587.0	0.222384595547
chrX	20000000	20100000	9765	2275.0	0.232974910394
chrX	20100000	20200000	3367	854.0	0.253638253638
chrX	20200000	20300000	6918	1305.0	0.188638334779
chrX	20300000	20400000	58667	12850.0	0.219032846404
chrX	20400000	20500000	40868	8924.0	0.218361554272
chrX	20500000	20600000	55956	11960.0	0.213739366645
chrX	20600000	20700000	54524	11427.0	0.209577433791
chrX	20700000	20800000	37073	7993.0	0.215601650797
chrX	20800000	20900000	0	0.0	NA
chrX	20900000	21000000	0	0.0	NA
chrX	21000000	21100000	0	0.0	NA
chrX	21100000	21200000	36630	7560.0	0.206388206388
chrX	21200000	21300000	25041	5381.0	0.214887584362
chrX	21300000	21400000	24099	5214.0	0.216357525209
chrX	21400000	21500000	0	0.0	NA
chrX	21500000	21600000	0	0.0	NA
chrX	21600000	21700000	16063	3591.0	0.223557243354
chrX	21700000	21800000	28995	6794.0	0.234316261424
chrX	21800000	21900000	36632	8066.0	0.220189997816
chrX	21900000	22000000	21441	4749.0	0.22149153491
chrX	22000000	22100000	17773	4266.0	0.240027007258
chrX	22100000	22200000	0	0.0	NA
chrX	22200000	22300000	0	0.0	NA
chrX	22300000	22400000	0	0.0	NA
chrX	22400000	22500000	0	0.0	NA
chrX	22500000	22600000	0	0.0	NA
chrX	22600000	22700000	0	0.0	NA
chrX	22700000	22800000	0	0.0	NA
chrX	22800000	22900000	0	0.0	NA
chrX	22900000	23000000	0	0.0	NA
chrX	23000000	23100000	0	0.0	NA
chrX	23100000	23200000	0	0.0	NA
chrX	23200000	23300000	0	0.0	NA
chrX	23300000	23400000	32478	7400.0	0.227846542275
chrX	23400000	23500000	19634	4440.0	0.226138331466
chrX	23500000	23600000	31306	7173.0	0.22912540727
chrX	23600000	23700000	41963	12852.0	0.306269809118
chrX	23700000	23800000	3979	913.0	0.229454636843
chrX	23800000	23900000	16345	3581.0	0.21908840624
chrX	23900000	24000000	13379	2806.0	0.209731669034
chrX	24000000	24100000	4667	1011.0	0.216627383758
chrX	24100000	24200000	5776	1122.0	0.194252077562
chrX	24200000	24300000	26049	5760.0	0.22112173212
chrX	24300000	24400000	28764	7096.0	0.246697260464
chrX	24400000	24500000	40698	9251.0	0.227308467247
chrX	24500000	24600000	5851	1556.0	0.26593744659
chrX	24600000	24700000	4344	958.0	0.220534069982
chrX	24700000	24800000	3578	805.0	0.224986025713
chrX	24800000	24900000	0	0.0	NA
chrX	24900000	25000000	0	0.0	NA
chrX	25000000	25100000	39820	8276.0	0.207835258664
chrX	25100000	25200000	48285	9317.0	0.192958475717
chrX	25200000	25300000	60495	12236.0	0.202264649971
chrX	25300000	25400000	38023	8808.0	0.231649264919
chrX	25400000	25500000	55287	11761.0	0.212726319026
chrX	25500000	25600000	62200	14460.0	0.232475884244
chrX	25600000	25700000	48703	11355.0	0.233147855368
chrX	25700000	25800000	54053	12929.0	0.239191164228
chrX	25800000	25900000	46676	10981.0	0.235260090839
chrX	25900000	26000000	31368	7229.0	0.23045779138
chrX	26000000	26100000	41459	9836.0	0.237246436238
chrX	26100000	26200000	40786	10027.0	0.245844162213
chrX	26200000	26300000	29937	8282.0	0.276647626683
chrX	26300000	26400000	33528	8426.0	0.251312335958
chrX	26400000	26500000	51443	12706.0	0.246991816185
chrX	26500000	26600000	41978	10533.0	0.250917147077
chrX	26600000	26700000	37055	9165.0	0.247335042504
chrX	26700000	26800000	30281	7031.0	0.232191803441
chrX	26800000	26900000	46162	10723.0	0.232290628656
chrX	26900000	27000000	45004	10094.0	0.224291174118
chrX	27000000	27100000	28380	6517.0	0.22963354475
chrX	27100000	27200000	0	0.0	NA
chrX	27200000	27300000	0	0.0	NA
chrX	27300000	27400000	0	0.0	NA
chrX	27400000	27500000	44373	10239.0	0.230748428098
chrX	27500000	27600000	32316	7075.0	0.21893179849
chrX	27600000	27700000	4304	976.0	0.226765799257
chrX	27700000	27800000	16416	3891.0	0.237024853801
chrX	27800000	27900000	59438	14638.0	0.246273427773
chrX	27900000	28000000	54587	11978.0	0.219429534505
chrX	28000000	28100000	42881	10508.0	0.245050255358
chrX	28100000	28200000	40335	9108.0	0.225808850874
chrX	28200000	28300000	50345	11680.0	0.231999205482
chrX	28300000	28400000	44683	10198.0	0.228229975606
chrX	28400000	28500000	44724	10069.0	0.225136392094
chrX	28500000	28600000	50802	11118.0	0.218849651589
chrX	28600000	28700000	883	131.0	0.148357870895
chrX	28700000	28800000	0	0.0	NA
chrX	28800000	28900000	0	0.0	NA
chrX	28900000	29000000	0	0.0	NA
chrX	29000000	29100000	0	0.0	NA
chrX	29100000	29200000	0	0.0	NA
chrX	29200000	29300000	0	0.0	NA
chrX	29300000	29400000	0	0.0	NA
chrX	29400000	29500000	0	0.0	NA
chrX	29500000	29600000	0	0.0	NA
chrX	29600000	29700000	0	0.0	NA
chrX	29700000	29800000	0	0.0	NA
chrX	29800000	29900000	0	0.0	NA
chrX	29900000	30000000	15408	2964.0	0.192367601246
chrX	30000000	30100000	43073	10209.0	0.237016228264
chrX	30100000	30200000	42879	9917.0	0.231278714522
chrX	30200000	30300000	33911	8372.0	0.246881542862
chrX	30300000	30400000	40265	9446.0	0.234595802806
chrX	30400000	30500000	61024	14394.0	0.235874410068
chrX	30500000	30600000	35996	8558.0	0.237748638738
chrX	30600000	30700000	26285	6122.0	0.232908502948
chrX	30700000	30800000	10600	2815.0	0.265566037736
chrX	30800000	30900000	9825	2593.0	0.263918575064
chrX	30900000	31000000	3112	734.0	0.235861182519
chrX	31000000	31100000	56016	12275.0	0.219133818909
chrX	31100000	31200000	22253	5294.0	0.237900507797
chrX	31200000	31300000	0	0.0	NA
chrX	31300000	31400000	0	0.0	NA
chrX	31400000	31500000	0	0.0	NA
chrX	31500000	31600000	0	0.0	NA
chrX	31600000	31700000	0	0.0	NA
chrX	31700000	31800000	0	0.0	NA
chrX	31800000	31900000	0	0.0	NA
chrX	31900000	32000000	0	0.0	NA
chrX	32000000	32100000	0	0.0	NA
chrX	32100000	32200000	0	0.0	NA
chrX	32200000	32300000	0	0.0	NA
chrX	32300000	32400000	0	0.0	NA
chrX	32400000	32500000	0	0.0	NA
chrX	32500000	32600000	0	0.0	NA
chrX	32600000	32700000	0	0.0	NA
chrX	32700000	32800000	0	0.0	NA
chrX	32800000	32900000	0	0.0	NA
chrX	32900000	33000000	0	0.0	NA
chrX	33000000	33100000	0	0.0	NA
chrX	33100000	33200000	0	0.0	NA
chrX	33200000	33300000	0	0.0	NA
chrX	33300000	33400000	11353	2906.0	0.25596758566
chrX	33400000	33500000	29840	7852.0	0.263136729223
chrX	33500000	33600000	23003	6320.0	0.27474677216
chrX	33600000	33700000	47520	12790.0	0.26914983165
chrX	33700000	33800000	27602	7186.0	0.260343453373
chrX	33800000	33900000	0	0.0	NA
chrX	33900000	34000000	11329	2800.0	0.24715332333
chrX	34000000	34100000	33158	8219.0	0.247873816274
chrX	34100000	34200000	24505	5992.0	0.244521526219
chrX	34200000	34300000	5169	1261.0	0.2439543432
chrX	34300000	34400000	0	0.0	NA
chrX	34400000	34500000	17460	4345.0	0.248854524628
chrX	34500000	34600000	47978	11228.0	0.234023927633
chrX	34600000	34700000	37951	8422.0	0.221917736028
chrX	34700000	34800000	51158	11853.0	0.231693967708
chrX	34800000	34900000	38554	9097.0	0.235954764746
chrX	34900000	35000000	41893	10090.0	0.2408516936
chrX	35000000	35100000	39283	10112.0	0.257414148614
chrX	35100000	35200000	47787	12151.0	0.254274174985
chrX	35200000	35300000	36189	9259.0	0.255851225511
chrX	35300000	35400000	34298	8824.0	0.257274476646
chrX	35400000	35500000	32594	8265.0	0.253574277474
chrX	35500000	35600000	30116	7459.0	0.247675654137
chrX	35600000	35700000	17355	4042.0	0.232901181216
chrX	35700000	35800000	26433	6613.0	0.250179699618
chrX	35800000	35900000	30812	7962.0	0.258405815916
chrX	35900000	36000000	12742	3090.0	0.24250510124
chrX	36000000	36100000	0	0.0	NA
chrX	36100000	36200000	0	0.0	NA
chrX	36200000	36300000	0	0.0	NA
chrX	36300000	36400000	0	0.0	NA
chrX	36400000	36500000	8342	2103.0	0.252097818269
chrX	36500000	36600000	31218	8109.0	0.259753988084
chrX	36600000	36700000	21689	5623.0	0.259255843976
chrX	36700000	36800000	46815	18646.0	0.398291146
chrX	36800000	36900000	32606	8709.0	0.267098080108
chrX	36900000	37000000	27753	6800.0	0.245018556552
chrX	37000000	37100000	20520	5130.0	0.25
chrX	37100000	37200000	19110	4378.0	0.229094714809
chrX	37200000	37300000	4840	1056.0	0.218181818182
chrX	37300000	37400000	0	0.0	NA
chrX	37400000	37500000	0	0.0	NA
chrX	37500000	37600000	0	0.0	NA
chrX	37600000	37700000	0	0.0	NA
chrX	37700000	37800000	0	0.0	NA
chrX	37800000	37900000	0	0.0	NA
chrX	37900000	38000000	0	0.0	NA
chrX	38000000	38100000	0	0.0	NA
chrX	38100000	38200000	0	0.0	NA
chrX	38200000	38300000	0	0.0	NA
chrX	38300000	38400000	0	0.0	NA
chrX	38400000	38500000	0	0.0	NA
chrX	38500000	38600000	22159	5175.0	0.233539419649
chrX	38600000	38700000	43286	10015.0	0.231368109781
chrX	38700000	38800000	71091	16982.0	0.238876932382
chrX	38800000	38900000	67513	15753.0	0.233332839601
chrX	38900000	39000000	49019	11991.0	0.244619433281
chrX	39000000	39100000	59064	14683.0	0.248594744684
chrX	39100000	39200000	11694	3010.0	0.257396955704
chrX	39200000	39300000	20607	5231.0	0.25384578056
chrX	39300000	39400000	77645	19202.0	0.247305042179
chrX	39400000	39500000	57838	14285.0	0.246982952384
chrX	39500000	39600000	69505	15741.0	0.226472915618
chrX	39600000	39700000	60762	14753.0	0.242799776176
chrX	39700000	39800000	60928	15326.0	0.251542804622
chrX	39800000	39900000	48294	11748.0	0.243260032302
chrX	39900000	40000000	2649	672.0	0.253680634202
chrX	40000000	40100000	20917	4746.0	0.226896782521
chrX	40100000	40200000	31682	7779.0	0.245533741557
chrX	40200000	40300000	35344	8901.0	0.251839067451
chrX	40300000	40400000	60255	14612.0	0.242502696872
chrX	40400000	40500000	24198	5473.0	0.226175717001
chrX	40500000	40600000	829	196.0	0.236429433052
chrX	40600000	40700000	17922	3812.0	0.212699475505
chrX	40700000	40800000	32324	6865.0	0.212380893454
chrX	40800000	40900000	26992	6207.0	0.229957024303
chrX	40900000	41000000	10778	2396.0	0.222304694749
chrX	41000000	41100000	1669	380.0	0.227681246255
chrX	41100000	41200000	23493	5743.0	0.244455795343
chrX	41200000	41300000	17328	4106.0	0.236957525392
chrX	41300000	41400000	10562	2506.0	0.237265669381
chrX	41400000	41500000	0	0.0	NA
chrX	41500000	41600000	0	0.0	NA
chrX	41600000	41700000	0	0.0	NA
chrX	41700000	41800000	12937	2686.0	0.207621550591
chrX	41800000	41900000	50511	10946.0	0.216705272119
chrX	41900000	42000000	55334	12261.0	0.221581667691
chrX	42000000	42100000	56238	12946.0	0.230200220491
chrX	42100000	42200000	10309	2533.0	0.245707634106
chrX	42200000	42300000	0	0.0	NA
chrX	42300000	42400000	0	0.0	NA
chrX	42400000	42500000	0	0.0	NA
chrX	42500000	42600000	29524	6814.0	0.230795285192
chrX	42600000	42700000	37017	8355.0	0.225707107545
chrX	42700000	42800000	54281	12085.0	0.222637755384
chrX	42800000	42900000	33242	7464.0	0.224535226521
chrX	42900000	43000000	57416	12912.0	0.224885049464
chrX	43000000	43100000	31970	7395.0	0.231310603691
chrX	43100000	43200000	26992	6456.0	0.239181979846
chrX	43200000	43300000	30096	7251.0	0.240929027113
chrX	43300000	43400000	39182	9564.0	0.244091674749
chrX	43400000	43500000	29090	7121.0	0.244792024751
chrX	43500000	43600000	3892	895.0	0.229958890031
chrX	43600000	43700000	13914	3401.0	0.244430070433
chrX	43700000	43800000	29196	7331.0	0.251096040554
chrX	43800000	43900000	46560	10601.0	0.227684707904
chrX	43900000	44000000	50292	10989.0	0.218503937008
chrX	44000000	44100000	4261	748.0	0.175545646562
chrX	44100000	44200000	0	0.0	NA
chrX	44200000	44300000	27270	6025.0	0.220938760543
chrX	44300000	44400000	32722	7392.0	0.22590306216
chrX	44400000	44500000	17511	3808.0	0.217463308777
chrX	44500000	44600000	36650	7990.0	0.218008185539
chrX	44600000	44700000	21532	4551.0	0.211359836522
chrX	44700000	44800000	13787	3000.0	0.217596286357
chrX	44800000	44900000	0	0.0	NA
chrX	44900000	45000000	11535	2417.0	0.209536194192
chrX	45000000	45100000	3366	828.0	0.245989304813
chrX	45100000	45200000	1480	337.0	0.227702702703
chrX	45200000	45300000	29427	6772.0	0.230128793285
chrX	45300000	45400000	18938	4279.0	0.22594782976
chrX	45400000	45500000	0	0.0	NA
chrX	45500000	45600000	34118	7434.0	0.217890849405
chrX	45600000	45700000	46765	11197.0	0.239431198546
chrX	45700000	45800000	51948	11328.0	0.218064218064
chrX	45800000	45900000	42204	8954.0	0.212159984836
chrX	45900000	46000000	22277	5159.0	0.231584145082
chrX	46000000	46100000	40097	8634.0	0.215327830012
chrX	46100000	46200000	40915	8842.0	0.216106562385
chrX	46200000	46300000	27947	5998.0	0.214620531721
chrX	46300000	46400000	2427	837.0	0.344870210136
chrX	46400000	46500000	6106	1424.0	0.233213232886
chrX	46500000	46600000	0	0.0	NA
chrX	46600000	46700000	27334	6366.0	0.232896758616
chrX	46700000	46800000	7173	1478.0	0.206050467029
chrX	46800000	46900000	0	0.0	NA
chrX	46900000	47000000	16860	4008.0	0.237722419929
chrX	47000000	47100000	6970	1689.0	0.242324246772
chrX	47100000	47200000	12475	3083.0	0.247134268537
chrX	47200000	47300000	13016	3163.0	0.243008604794
chrX	47300000	47400000	8226	2021.0	0.245684415269
chrX	47400000	47500000	10904	2800.0	0.256786500367
chrX	47500000	47600000	5784	1470.0	0.254149377593
chrX	47600000	47700000	13482	3276.0	0.242990654206
chrX	47700000	47800000	3931	811.0	0.20630882727
chrX	47800000	47900000	6342	1696.0	0.267423525702
chrX	47900000	48000000	5104	1286.0	0.251959247649
chrX	48000000	48100000	7629	2015.0	0.264123738367
chrX	48100000	48200000	3872	1081.0	0.279183884298
chrX	48200000	48300000	1131	285.0	0.25198938992
chrX	48300000	48400000	15691	3851.0	0.245427315021
chrX	48400000	48500000	6498	1737.0	0.267313019391
chrX	48500000	48600000	10871	2714.0	0.249655045534
chrX	48600000	48700000	18358	4552.0	0.247957293823
chrX	48700000	48800000	4767	1281.0	0.26872246696
chrX	48800000	48900000	5385	1164.0	0.216155988858
chrX	48900000	49000000	3741	959.0	0.256348569901
chrX	49000000	49100000	4969	1201.0	0.241698530892
chrX	49100000	49200000	7048	1672.0	0.237230419977
chrX	49200000	49300000	0	0.0	NA
chrX	49300000	49400000	8386	2035.0	0.242666348676
chrX	49400000	49500000	16822	3735.0	0.222030674117
chrX	49500000	49600000	33090	8499.0	0.256844968268
chrX	49600000	49700000	40151	9267.0	0.230803715972
chrX	49700000	49800000	0	0.0	NA
chrX	49800000	49900000	11288	2547.0	0.2256378455
chrX	49900000	50000000	23908	5682.0	0.237661033964
chrX	50000000	50100000	1412	337.0	0.238668555241
chrX	50100000	50200000	1241	275.0	0.22159548751
chrX	50200000	50300000	47916	10141.0	0.211641205443
chrX	50300000	50400000	15179	3191.0	0.21022465248
chrX	50400000	50500000	0	0.0	NA
chrX	50500000	50600000	18867	4158.0	0.220384798855
chrX	50600000	50700000	30764	6970.0	0.226563515798
chrX	50700000	50800000	5650	1363.0	0.241238938053
chrX	50800000	50900000	1058	284.0	0.26843100189
chrX	50900000	51000000	13281	3265.0	0.245839921693
chrX	51000000	51100000	22016	5676.0	0.2578125
chrX	51100000	51200000	48	13.0	0.270833333333
chrX	51200000	51300000	6041	1503.0	0.248799867572
chrX	51300000	51400000	17824	4445.0	0.249382854578
chrX	51400000	51500000	18465	4525.0	0.245058218251
chrX	51500000	51600000	14027	3720.0	0.265202823127
chrX	51600000	51700000	9953	2402.0	0.241334271074
chrX	51700000	51800000	5608	1456.0	0.259629101284
chrX	51800000	51900000	6446	1711.0	0.265435929258
chrX	51900000	52000000	5471	1405.0	0.256808627308
chrX	52000000	52100000	12140	3500.0	0.288303130148
chrX	52100000	52200000	0	0.0	NA
chrX	52200000	52300000	0	0.0	NA
chrX	52300000	52400000	0	0.0	NA
chrX	52400000	52500000	0	0.0	NA
chrX	52500000	52600000	3749	1116.0	0.297679381168
chrX	52600000	52700000	5756	1906.0	0.331132731063
chrX	52700000	52800000	0	0.0	NA
chrX	52800000	52900000	7854	2535.0	0.322765469824
chrX	52900000	53000000	1347	432.0	0.320712694878
chrX	53000000	53100000	9143	2280.0	0.249371103577
chrX	53100000	53200000	3771	748.0	0.198355873774
chrX	53200000	53300000	9019	2055.0	0.227852311786
chrX	53300000	53400000	19483	4122.0	0.211569060206
chrX	53400000	53500000	11388	2473.0	0.217158412364
chrX	53500000	53600000	4188	1033.0	0.246657115568
chrX	53600000	53700000	0	0.0	NA
chrX	53700000	53800000	25988	5762.0	0.221717715869
chrX	53800000	53900000	10005	2306.0	0.230484757621
chrX	53900000	54000000	13473	3074.0	0.228160023751
chrX	54000000	54100000	9227	2001.0	0.216863552617
chrX	54100000	54200000	0	0.0	NA
chrX	54200000	54300000	5622	1121.0	0.199395233013
chrX	54300000	54400000	3969	859.0	0.216427311665
chrX	54400000	54500000	14693	3211.0	0.21853944055
chrX	54500000	54600000	7567	1622.0	0.21435179067
chrX	54600000	54700000	4249	960.0	0.225935514239
chrX	54700000	54800000	4400	1033.0	0.234772727273
chrX	54800000	54900000	14341	3547.0	0.247332821979
chrX	54900000	55000000	2011	478.0	0.237692690204
chrX	55000000	55100000	1934	407.0	0.21044467425
chrX	55100000	55200000	5890	1947.0	0.330560271647
chrX	55200000	55300000	0	0.0	NA
chrX	55300000	55400000	802	203.0	0.253117206983
chrX	55400000	55500000	1641	453.0	0.2760511883
chrX	55500000	55600000	16850	4605.0	0.273293768546
chrX	55600000	55700000	10177	2451.0	0.240837181881
chrX	55700000	55800000	4255	1130.0	0.265569917744
chrX	55800000	55900000	0	0.0	NA
chrX	55900000	56000000	1116	260.0	0.232974910394
chrX	56000000	56100000	0	0.0	NA
chrX	56100000	56200000	0	0.0	NA
chrX	56200000	56300000	0	0.0	NA
chrX	56300000	56400000	441	118.0	0.267573696145
chrX	56400000	56500000	0	0.0	NA
chrX	56500000	56600000	6299	1449.0	0.230036513732
chrX	56600000	56700000	428	115.0	0.268691588785
chrX	56700000	56800000	2441	593.0	0.242933224088
chrX	56800000	56900000	0	0.0	NA
chrX	56900000	57000000	0	0.0	NA
chrX	57000000	57100000	6375	1749.0	0.274352941176
chrX	57100000	57200000	4459	1274.0	0.285714285714
chrX	57200000	57300000	0	0.0	NA
chrX	57300000	57400000	0	0.0	NA
chrX	57400000	57500000	0	0.0	NA
chrX	57500000	57600000	0	0.0	NA
chrX	57600000	57700000	6802	2036.0	0.299323728315
chrX	57700000	57800000	0	0.0	NA
chrX	57800000	57900000	1715	435.0	0.253644314869
chrX	57900000	58000000	8238	2056.0	0.249575139597
chrX	58000000	58100000	0	0.0	NA
chrX	58100000	58200000	0	0.0	NA
chrX	58200000	58300000	0	0.0	NA
chrX	58300000	58400000	0	0.0	NA
chrX	58400000	58500000	0	0.0	NA
chrX	58500000	58600000	0	0.0	NA
chrX	58600000	58700000	0	0.0	NA
chrX	58700000	58800000	0	0.0	NA
chrX	58800000	58900000	0	0.0	NA
chrX	58900000	59000000	0	0.0	NA
chrX	59000000	59100000	0	0.0	NA
chrX	59100000	59200000	0	0.0	NA
chrX	59200000	59300000	0	0.0	NA
chrX	59300000	59400000	0	0.0	NA
chrX	59400000	59500000	0	0.0	NA
chrX	59500000	59600000	0	0.0	NA
chrX	59600000	59700000	0	0.0	NA
chrX	59700000	59800000	0	0.0	NA
chrX	59800000	59900000	0	0.0	NA
chrX	59900000	60000000	0	0.0	NA
chrX	60000000	60100000	0	0.0	NA
chrX	60100000	60200000	0	0.0	NA
chrX	60200000	60300000	0	0.0	NA
chrX	60300000	60400000	0	0.0	NA
chrX	60400000	60500000	0	0.0	NA
chrX	60500000	60600000	0	0.0	NA
chrX	60600000	60700000	0	0.0	NA
chrX	60700000	60800000	0	0.0	NA
chrX	60800000	60900000	0	0.0	NA
chrX	60900000	61000000	0	0.0	NA
chrX	61000000	61100000	0	0.0	NA
chrX	61100000	61200000	0	0.0	NA
chrX	61200000	61300000	0	0.0	NA
chrX	61300000	61400000	0	0.0	NA
chrX	61400000	61500000	0	0.0	NA
chrX	61500000	61600000	0	0.0	NA
chrX	61600000	61700000	0	0.0	NA
chrX	61700000	61800000	0	0.0	NA
chrX	61800000	61900000	0	0.0	NA
chrX	61900000	62000000	0	0.0	NA
chrX	62000000	62100000	10270	2722.0	0.265043816943
chrX	62100000	62200000	0	0.0	NA
chrX	62200000	62300000	0	0.0	NA
chrX	62300000	62400000	0	0.0	NA
chrX	62400000	62500000	0	0.0	NA
chrX	62500000	62600000	0	0.0	NA
chrX	62600000	62700000	0	0.0	NA
chrX	62700000	62800000	1855	461.0	0.248517520216
chrX	62800000	62900000	1079	294.0	0.272474513438
chrX	62900000	63000000	0	0.0	NA
chrX	63000000	63100000	18709	4584.0	0.245015767812
chrX	63100000	63200000	8583	2275.0	0.265058837236
chrX	63200000	63300000	0	0.0	NA
chrX	63300000	63400000	1946	503.0	0.258478931141
chrX	63400000	63500000	10459	2562.0	0.244956496797
chrX	63500000	63600000	0	0.0	NA
chrX	63600000	63700000	5244	1312.0	0.250190694127
chrX	63700000	63800000	0	0.0	NA
chrX	63800000	63900000	0	0.0	NA
chrX	63900000	64000000	0	0.0	NA
chrX	64000000	64100000	836	226.0	0.27033492823
chrX	64100000	64200000	1549	383.0	0.247256294383
chrX	64200000	64300000	5684	1211.0	0.213054187192
chrX	64300000	64400000	2630	665.0	0.252851711027
chrX	64400000	64500000	2101	505.0	0.240361732508
chrX	64500000	64600000	6189	1562.0	0.252383260624
chrX	64600000	64700000	591	145.0	0.245346869712
chrX	64700000	64800000	11611	2812.0	0.242184135733
chrX	64800000	64900000	11316	2711.0	0.239572287027
chrX	64900000	65000000	748	171.0	0.228609625668
chrX	65000000	65100000	0	0.0	NA
chrX	65100000	65200000	962	253.0	0.262993762994
chrX	65200000	65300000	35950	8871.0	0.246759388039
chrX	65300000	65400000	7244	1951.0	0.269326339039
chrX	65400000	65500000	65	13.0	0.2
chrX	65500000	65600000	0	0.0	NA
chrX	65600000	65700000	3074	829.0	0.269681197137
chrX	65700000	65800000	0	0.0	NA
chrX	65800000	65900000	4522	1160.0	0.256523662096
chrX	65900000	66000000	14934	4209.0	0.281840096424
chrX	66000000	66100000	14705	3901.0	0.265283917035
chrX	66100000	66200000	25480	6603.0	0.259144427002
chrX	66200000	66300000	13763	3740.0	0.271743079271
chrX	66300000	66400000	16579	4457.0	0.268834067193
chrX	66400000	66500000	3678	942.0	0.256117455139
chrX	66500000	66600000	20485	5484.0	0.267708079082
chrX	66600000	66700000	1190	328.0	0.275630252101
chrX	66700000	66800000	22072	5305.0	0.240349764407
chrX	66800000	66900000	0	0.0	NA
chrX	66900000	67000000	21778	5328.0	0.24465056479
chrX	67000000	67100000	5065	1252.0	0.247186574531
chrX	67100000	67200000	0	0.0	NA
chrX	67200000	67300000	6657	1716.0	0.257773771969
chrX	67300000	67400000	0	0.0	NA
chrX	67400000	67500000	0	0.0	NA
chrX	67500000	67600000	0	0.0	NA
chrX	67600000	67700000	5104	1200.0	0.235109717868
chrX	67700000	67800000	4875	1163.0	0.238564102564
chrX	67800000	67900000	11713	2759.0	0.235550243319
chrX	67900000	68000000	20063	5214.0	0.259881373673
chrX	68000000	68100000	42953	10374.0	0.241519800712
chrX	68100000	68200000	62739	14844.0	0.236599244489
chrX	68200000	68300000	69575	17324.0	0.248997484729
chrX	68300000	68400000	71325	17058.0	0.239158780231
chrX	68400000	68500000	47960	11621.0	0.242306088407
chrX	68500000	68600000	56796	13376.0	0.235509542926
chrX	68600000	68700000	41638	9247.0	0.222080791585
chrX	68700000	68800000	41477	9037.0	0.217879788799
chrX	68800000	68900000	17132	3593.0	0.209724492178
chrX	68900000	69000000	0	0.0	NA
chrX	69000000	69100000	0	0.0	NA
chrX	69100000	69200000	0	0.0	NA
chrX	69200000	69300000	15367	3822.0	0.248714778421
chrX	69300000	69400000	25493	5789.0	0.227081944063
chrX	69400000	69500000	26022	5720.0	0.219814003535
chrX	69500000	69600000	1218	316.0	0.259441707718
chrX	69600000	69700000	4746	967.0	0.203750526759
chrX	69700000	69800000	8737	2324.0	0.265995192858
chrX	69800000	69900000	0	0.0	NA
chrX	69900000	70000000	0	0.0	NA
chrX	70000000	70100000	0	0.0	NA
chrX	70100000	70200000	14798	3135.0	0.211852953102
chrX	70200000	70300000	18575	3841.0	0.206783310902
chrX	70300000	70400000	17184	3608.0	0.209962756052
chrX	70400000	70500000	4157	909.0	0.218667308155
chrX	70500000	70600000	0	0.0	NA
chrX	70600000	70700000	0	0.0	NA
chrX	70700000	70800000	0	0.0	NA
chrX	70800000	70900000	0	0.0	NA
chrX	70900000	71000000	0	0.0	NA
chrX	71000000	71100000	8894	2839.0	0.319203957724
chrX	71100000	71200000	4629	936.0	0.202203499676
chrX	71200000	71300000	0	0.0	NA
chrX	71300000	71400000	2309	526.0	0.227804244262
chrX	71400000	71500000	4866	1193.0	0.245170571311
chrX	71500000	71600000	20045	4491.0	0.224045896732
chrX	71600000	71700000	0	0.0	NA
chrX	71700000	71800000	3661	779.0	0.212783392516
chrX	71800000	71900000	0	0.0	NA
chrX	71900000	72000000	4568	1039.0	0.227451838879
chrX	72000000	72100000	0	0.0	NA
chrX	72100000	72200000	0	0.0	NA
chrX	72200000	72300000	287	92.0	0.320557491289
chrX	72300000	72400000	4720	1165.0	0.246822033898
chrX	72400000	72500000	5338	1217.0	0.227988010491
chrX	72500000	72600000	239	63.0	0.26359832636
chrX	72600000	72700000	6237	1540.0	0.246913580247
chrX	72700000	72800000	0	0.0	NA
chrX	72800000	72900000	0	0.0	NA
chrX	72900000	73000000	5128	1150.0	0.224258970359
chrX	73000000	73100000	2958	677.0	0.228870858688
chrX	73100000	73200000	11445	2713.0	0.237046745304
chrX	73200000	73300000	0	0.0	NA
chrX	73300000	73400000	0	0.0	NA
chrX	73400000	73500000	0	0.0	NA
chrX	73500000	73600000	19334	4550.0	0.235336712527
chrX	73600000	73700000	9332	1985.0	0.212708958423
chrX	73700000	73800000	9110	2006.0	0.220197585071
chrX	73800000	73900000	15849	3589.0	0.226449618272
chrX	73900000	74000000	6000	1448.0	0.241333333333
chrX	74000000	74100000	0	0.0	NA
chrX	74100000	74200000	20560	4735.0	0.23030155642
chrX	74200000	74300000	7038	1628.0	0.231315714692
chrX	74300000	74400000	2952	636.0	0.215447154472
chrX	74400000	74500000	2631	609.0	0.231470923603
chrX	74500000	74600000	2482	555.0	0.223609991942
chrX	74600000	74700000	0	0.0	NA
chrX	74700000	74800000	0	0.0	NA
chrX	74800000	74900000	323	113.0	0.349845201238
chrX	74900000	75000000	2258	632.0	0.279893711249
chrX	75000000	75100000	7315	1963.0	0.268352699932
chrX	75100000	75200000	1414	388.0	0.274398868458
chrX	75200000	75300000	790	222.0	0.281012658228
chrX	75300000	75400000	8244	2047.0	0.248301795245
chrX	75400000	75500000	2802	628.0	0.224125624554
chrX	75500000	75600000	0	0.0	NA
chrX	75600000	75700000	0	0.0	NA
chrX	75700000	75800000	0	0.0	NA
chrX	75800000	75900000	251	67.0	0.266932270916
chrX	75900000	76000000	0	0.0	NA
chrX	76000000	76100000	0	0.0	NA
chrX	76100000	76200000	0	0.0	NA
chrX	76200000	76300000	17039	4006.0	0.235107694114
chrX	76300000	76400000	8560	2204.0	0.257476635514
chrX	76400000	76500000	2081	484.0	0.232580490149
chrX	76500000	76600000	7363	1728.0	0.234686948255
chrX	76600000	76700000	19003	4076.0	0.214492448561
chrX	76700000	76800000	14108	2845.0	0.201658633399
chrX	76800000	76900000	0	0.0	NA
chrX	76900000	77000000	0	0.0	NA
chrX	77000000	77100000	2047	410.0	0.200293111871
chrX	77100000	77200000	3015	691.0	0.229187396352
chrX	77200000	77300000	0	0.0	NA
chrX	77300000	77400000	3822	935.0	0.244636316065
chrX	77400000	77500000	0	0.0	NA
chrX	77500000	77600000	4125	961.0	0.23296969697
chrX	77600000	77700000	1335	350.0	0.262172284644
chrX	77700000	77800000	0	0.0	NA
chrX	77800000	77900000	9213	2428.0	0.263540649083
chrX	77900000	78000000	33348	8135.0	0.243942665227
chrX	78000000	78100000	27774	6967.0	0.250846115072
chrX	78100000	78200000	6750	1907.0	0.282518518519
chrX	78200000	78300000	4529	1182.0	0.260984764849
chrX	78300000	78400000	18276	4980.0	0.272488509521
chrX	78400000	78500000	22278	5827.0	0.261558488195
chrX	78500000	78600000	15681	4077.0	0.259996173713
chrX	78600000	78700000	7554	2025.0	0.268069896743
chrX	78700000	78800000	0	0.0	NA
chrX	78800000	78900000	0	0.0	NA
chrX	78900000	79000000	0	0.0	NA
chrX	79000000	79100000	0	0.0	NA
chrX	79100000	79200000	0	0.0	NA
chrX	79200000	79300000	0	0.0	NA
chrX	79300000	79400000	0	0.0	NA
chrX	79400000	79500000	384	86.0	0.223958333333
chrX	79500000	79600000	0	0.0	NA
chrX	79600000	79700000	0	0.0	NA
chrX	79700000	79800000	5491	1355.0	0.246767437625
chrX	79800000	79900000	0	0.0	NA
chrX	79900000	80000000	2121	510.0	0.24045261669
chrX	80000000	80100000	4426	1198.0	0.270673294171
chrX	80100000	80200000	4670	1423.0	0.304710920771
chrX	80200000	80300000	0	0.0	NA
chrX	80300000	80400000	2019	557.0	0.275879148093
chrX	80400000	80500000	0	0.0	NA
chrX	80500000	80600000	2768	757.0	0.27348265896
chrX	80600000	80700000	13568	3459.0	0.254938089623
chrX	80700000	80800000	1929	561.0	0.290824261275
chrX	80800000	80900000	0	0.0	NA
chrX	80900000	81000000	0	0.0	NA
chrX	81000000	81100000	6684	1869.0	0.279622980251
chrX	81100000	81200000	0	0.0	NA
chrX	81200000	81300000	435	112.0	0.257471264368
chrX	81300000	81400000	94	29.0	0.308510638298
chrX	81400000	81500000	6910	1982.0	0.286830680174
chrX	81500000	81600000	1948	533.0	0.273613963039
chrX	81600000	81700000	3049	767.0	0.251557887832
chrX	81700000	81800000	11137	3015.0	0.270719224208
chrX	81800000	81900000	11884	3070.0	0.258330528442
chrX	81900000	82000000	21347	5128.0	0.240221108352
chrX	82000000	82100000	17690	4493.0	0.253985302431
chrX	82100000	82200000	3971	1157.0	0.291362377235
chrX	82200000	82300000	10155	2869.0	0.282520925652
chrX	82300000	82400000	8535	2485.0	0.29115407147
chrX	82400000	82500000	2501	676.0	0.270291883247
chrX	82500000	82600000	13366	3317.0	0.248166990872
chrX	82600000	82700000	11111	3015.0	0.271352713527
chrX	82700000	82800000	34881	8540.0	0.244832430263
chrX	82800000	82900000	6633	1826.0	0.275290215589
chrX	82900000	83000000	0	0.0	NA
chrX	83000000	83100000	2533	769.0	0.303592577971
chrX	83100000	83200000	4188	1182.0	0.28223495702
chrX	83200000	83300000	3147	823.0	0.261518906895
chrX	83300000	83400000	300	72.0	0.24
chrX	83400000	83500000	21164	5179.0	0.244707994708
chrX	83500000	83600000	3693	1162.0	0.314649336583
chrX	83600000	83700000	0	0.0	NA
chrX	83700000	83800000	6781	1676.0	0.247161185666
chrX	83800000	83900000	7896	2056.0	0.260385005066
chrX	83900000	84000000	9538	2338.0	0.245124764101
chrX	84000000	84100000	7340	1650.0	0.224795640327
chrX	84100000	84200000	0	0.0	NA
chrX	84200000	84300000	1146	316.0	0.275741710297
chrX	84300000	84400000	7720	1791.0	0.231994818653
chrX	84400000	84500000	29462	7274.0	0.246894304528
chrX	84500000	84600000	3481	750.0	0.215455328928
chrX	84600000	84700000	4927	1165.0	0.236452202151
chrX	84700000	84800000	19264	4729.0	0.245483803987
chrX	84800000	84900000	13098	3306.0	0.25240494732
chrX	84900000	85000000	4457	1126.0	0.252636302446
chrX	85000000	85100000	0	0.0	NA
chrX	85100000	85200000	634	137.0	0.216088328076
chrX	85200000	85300000	0	0.0	NA
chrX	85300000	85400000	21073	4603.0	0.218431167845
chrX	85400000	85500000	2069	416.0	0.201063315611
chrX	85500000	85600000	0	0.0	NA
chrX	85600000	85700000	0	0.0	NA
chrX	85700000	85800000	0	0.0	NA
chrX	85800000	85900000	0	0.0	NA
chrX	85900000	86000000	0	0.0	NA
chrX	86000000	86100000	5408	1361.0	0.251664201183
chrX	86100000	86200000	5105	1338.0	0.262095984329
chrX	86200000	86300000	0	0.0	NA
chrX	86300000	86400000	2049	589.0	0.287457296242
chrX	86400000	86500000	0	0.0	NA
chrX	86500000	86600000	0	0.0	NA
chrX	86600000	86700000	7011	1915.0	0.273142205106
chrX	86700000	86800000	7109	1815.0	0.255310170207
chrX	86800000	86900000	0	0.0	NA
chrX	86900000	87000000	608	179.0	0.294407894737
chrX	87000000	87100000	0	0.0	NA
chrX	87100000	87200000	0	0.0	NA
chrX	87200000	87300000	0	0.0	NA
chrX	87300000	87400000	0	0.0	NA
chrX	87400000	87500000	0	0.0	NA
chrX	87500000	87600000	0	0.0	NA
chrX	87600000	87700000	6746	1902.0	0.281944856211
chrX	87700000	87800000	0	0.0	NA
chrX	87800000	87900000	0	0.0	NA
chrX	87900000	88000000	0	0.0	NA
chrX	88000000	88100000	4011	1113.0	0.277486910995
chrX	88100000	88200000	0	0.0	NA
chrX	88200000	88300000	0	0.0	NA
chrX	88300000	88400000	0	0.0	NA
chrX	88400000	88500000	0	0.0	NA
chrX	88500000	88600000	0	0.0	NA
chrX	88600000	88700000	0	0.0	NA
chrX	88700000	88800000	0	0.0	NA
chrX	88800000	88900000	0	0.0	NA
chrX	88900000	89000000	0	0.0	NA
chrX	89000000	89100000	0	0.0	NA
chrX	89100000	89200000	12	3.0	0.25
chrX	89200000	89300000	0	0.0	NA
chrX	89300000	89400000	0	0.0	NA
chrX	89400000	89500000	479	127.0	0.265135699374
chrX	89500000	89600000	0	0.0	NA
chrX	89600000	89700000	0	0.0	NA
chrX	89700000	89800000	0	0.0	NA
chrX	89800000	89900000	0	0.0	NA
chrX	89900000	90000000	23	6.0	0.260869565217
chrX	90000000	90100000	0	0.0	NA
chrX	90100000	90200000	0	0.0	NA
chrX	90200000	90300000	0	0.0	NA
chrX	90300000	90400000	0	0.0	NA
chrX	90400000	90500000	0	0.0	NA
chrX	90500000	90600000	3279	931.0	0.283928026837
chrX	90600000	90700000	5921	1479.0	0.249788887012
chrX	90700000	90800000	4223	1112.0	0.263319914753
chrX	90800000	90900000	12	2.0	0.166666666667
chrX	90900000	91000000	280	57.0	0.203571428571
chrX	91000000	91100000	95	23.0	0.242105263158
chrX	91100000	91200000	0	0.0	NA
chrX	91200000	91300000	0	0.0	NA
chrX	91300000	91400000	0	0.0	NA
chrX	91400000	91500000	0	0.0	NA
chrX	91500000	91600000	0	0.0	NA
chrX	91600000	91700000	0	0.0	NA
chrX	91700000	91800000	0	0.0	NA
chrX	91800000	91900000	0	0.0	NA
chrX	91900000	92000000	79	22.0	0.278481012658
chrX	92000000	92100000	0	0.0	NA
chrX	92100000	92200000	0	0.0	NA
chrX	92200000	92300000	0	0.0	NA
chrX	92300000	92400000	0	0.0	NA
chrX	92400000	92500000	0	0.0	NA
chrX	92500000	92600000	0	0.0	NA
chrX	92600000	92700000	0	0.0	NA
chrX	92700000	92800000	0	0.0	NA
chrX	92800000	92900000	1984	512.0	0.258064516129
chrX	92900000	93000000	9587	2313.0	0.241264211954
chrX	93000000	93100000	0	0.0	NA
chrX	93100000	93200000	0	0.0	NA
chrX	93200000	93300000	0	0.0	NA
chrX	93300000	93400000	0	0.0	NA
chrX	93400000	93500000	0	0.0	NA
chrX	93500000	93600000	0	0.0	NA
chrX	93600000	93700000	0	0.0	NA
chrX	93700000	93800000	0	0.0	NA
chrX	93800000	93900000	0	0.0	NA
chrX	93900000	94000000	0	0.0	NA
chrX	94000000	94100000	0	0.0	NA
chrX	94100000	94200000	0	0.0	NA
chrX	94200000	94300000	0	0.0	NA
chrX	94300000	94400000	0	0.0	NA
chrX	94400000	94500000	0	0.0	NA
chrX	94500000	94600000	0	0.0	NA
chrX	94600000	94700000	0	0.0	NA
chrX	94700000	94800000	0	0.0	NA
chrX	94800000	94900000	0	0.0	NA
chrX	94900000	95000000	19368	4404.0	0.227385377943
chrX	95000000	95100000	24940	5797.0	0.232437850842
chrX	95100000	95200000	10618	2422.0	0.228103220946
chrX	95200000	95300000	20361	4669.0	0.229310937577
chrX	95300000	95400000	6192	1487.0	0.240148578811
chrX	95400000	95500000	0	0.0	NA
chrX	95500000	95600000	18141	4487.0	0.247340278926
chrX	95600000	95700000	30631	6550.0	0.213835656688
chrX	95700000	95800000	12947	2772.0	0.214103653356
chrX	95800000	95900000	23323	4837.0	0.20739184496
chrX	95900000	96000000	20454	4588.0	0.224308203774
chrX	96000000	96100000	0	0.0	NA
chrX	96100000	96200000	0	0.0	NA
chrX	96200000	96300000	0	0.0	NA
chrX	96300000	96400000	0	0.0	NA
chrX	96400000	96500000	0	0.0	NA
chrX	96500000	96600000	0	0.0	NA
chrX	96600000	96700000	0	0.0	NA
chrX	96700000	96800000	0	0.0	NA
chrX	96800000	96900000	448	111.0	0.247767857143
chrX	96900000	97000000	47810	10499.0	0.219598410374
chrX	97000000	97100000	43631	9728.0	0.222960738924
chrX	97100000	97200000	42547	9059.0	0.212917479493
chrX	97200000	97300000	21261	4864.0	0.228775692583
chrX	97300000	97400000	26858	6286.0	0.234045721945
chrX	97400000	97500000	40320	8813.0	0.218576388889
chrX	97500000	97600000	32835	7270.0	0.221410080707
chrX	97600000	97700000	37958	8812.0	0.232151325149
chrX	97700000	97800000	34201	8117.0	0.237332241747
chrX	97800000	97900000	9683	2414.0	0.249302901993
chrX	97900000	98000000	0	0.0	NA
chrX	98000000	98100000	0	0.0	NA
chrX	98100000	98200000	29719	7299.0	0.24560045762
chrX	98200000	98300000	42615	9968.0	0.233908248269
chrX	98300000	98400000	33489	8014.0	0.239302457523
chrX	98400000	98500000	23644	5735.0	0.242556251057
chrX	98500000	98600000	28566	6802.0	0.238115241896
chrX	98600000	98700000	12755	3497.0	0.274166993336
chrX	98700000	98800000	9370	2246.0	0.239701173959
chrX	98800000	98900000	0	0.0	NA
chrX	98900000	99000000	0	0.0	NA
chrX	99000000	99100000	0	0.0	NA
chrX	99100000	99200000	2931	750.0	0.255885363357
chrX	99200000	99300000	50094	11823.0	0.236016289376
chrX	99300000	99400000	40720	9265.0	0.227529469548
chrX	99400000	99500000	43260	9367.0	0.216527970411
chrX	99500000	99600000	20244	4274.0	0.211124283738
chrX	99600000	99700000	26001	4892.0	0.188146609746
chrX	99700000	99800000	38254	8344.0	0.218120980812
chrX	99800000	99900000	29182	6096.0	0.20889589473
chrX	99900000	100000000	9194	1993.0	0.216771807701
chrX	100000000	100100000	10148	2135.0	0.210386283011
chrX	100100000	100200000	20798	4373.0	0.210260601981
chrX	100200000	100300000	12066	2664.0	0.220785678767
chrX	100300000	100400000	1240	289.0	0.233064516129
chrX	100400000	100500000	17308	3763.0	0.217413912642
chrX	100500000	100600000	9100	2070.0	0.227472527473
chrX	100600000	100700000	2964	785.0	0.264844804318
chrX	100700000	100800000	0	0.0	NA
chrX	100800000	100900000	30829	7168.0	0.232508352525
chrX	100900000	101000000	46980	10559.0	0.224755214985
chrX	101000000	101100000	28793	6675.0	0.231827180217
chrX	101100000	101200000	11090	2765.0	0.249323715059
chrX	101200000	101300000	619	147.0	0.237479806139
chrX	101300000	101400000	8601	2272.0	0.264155330775
chrX	101400000	101500000	10154	2441.0	0.24039787276
chrX	101500000	101600000	0	0.0	NA
chrX	101600000	101700000	0	0.0	NA
chrX	101700000	101800000	6203	1448.0	0.233435434467
chrX	101800000	101900000	6131	1535.0	0.250366987441
chrX	101900000	102000000	1840	468.0	0.254347826087
chrX	102000000	102100000	10429	2629.0	0.252085530732
chrX	102100000	102200000	448	126.0	0.28125
chrX	102200000	102300000	0	0.0	NA
chrX	102300000	102400000	1124	322.0	0.286476868327
chrX	102400000	102500000	10628	2680.0	0.252164094844
chrX	102500000	102600000	32434	7755.0	0.239100943454
chrX	102600000	102700000	30208	7602.0	0.251655190678
chrX	102700000	102800000	17275	5031.0	0.291230101302
chrX	102800000	102900000	16771	3767.0	0.22461391688
chrX	102900000	103000000	27996	6087.0	0.217423917703
chrX	103000000	103100000	16631	3859.0	0.232036558235
chrX	103100000	103200000	5595	1678.0	0.299910634495
chrX	103200000	103300000	10132	3411.0	0.336656138966
chrX	103300000	103400000	7700	2028.0	0.263376623377
chrX	103400000	103500000	30422	6796.0	0.223390967063
chrX	103500000	103600000	49149	10681.0	0.217318765387
chrX	103600000	103700000	46745	10831.0	0.231703925554
chrX	103700000	103800000	48674	11180.0	0.229691416362
chrX	103800000	103900000	5221	1197.0	0.229266424057
chrX	103900000	104000000	0	0.0	NA
chrX	104000000	104100000	0	0.0	NA
chrX	104100000	104200000	0	0.0	NA
chrX	104200000	104300000	0	0.0	NA
chrX	104300000	104400000	0	0.0	NA
chrX	104400000	104500000	0	0.0	NA
chrX	104500000	104600000	0	0.0	NA
chrX	104600000	104700000	0	0.0	NA
chrX	104700000	104800000	0	0.0	NA
chrX	104800000	104900000	0	0.0	NA
chrX	104900000	105000000	0	0.0	NA
chrX	105000000	105100000	32466	6808.0	0.209696297665
chrX	105100000	105200000	0	0.0	NA
chrX	105200000	105300000	21853	5523.0	0.252734178374
chrX	105300000	105400000	11054	3002.0	0.271575900127
chrX	105400000	105500000	15573	3661.0	0.235086367431
chrX	105500000	105600000	16833	4282.0	0.254381274877
chrX	105600000	105700000	46563	11904.0	0.255653630565
chrX	105700000	105800000	13419	3637.0	0.271033609062
chrX	105800000	105900000	11060	2408.0	0.217721518987
chrX	105900000	106000000	3984	848.0	0.212851405622
chrX	106000000	106100000	3874	831.0	0.214506969541
chrX	106100000	106200000	0	0.0	NA
chrX	106200000	106300000	23507	5297.0	0.22533713362
chrX	106300000	106400000	4430	973.0	0.219638826185
chrX	106400000	106500000	5388	1116.0	0.207126948775
chrX	106500000	106600000	46472	10257.0	0.220713547943
chrX	106600000	106700000	53826	12225.0	0.227120722327
chrX	106700000	106800000	42517	9992.0	0.235011877602
chrX	106800000	106900000	11291	2907.0	0.257461695155
chrX	106900000	107000000	26708	6830.0	0.255728620638
chrX	107000000	107100000	12240	2755.0	0.225081699346
chrX	107100000	107200000	2370	580.0	0.244725738397
chrX	107200000	107300000	34892	8016.0	0.229737475639
chrX	107300000	107400000	3622	791.0	0.218387631143
chrX	107400000	107500000	0	0.0	NA
chrX	107500000	107600000	0	0.0	NA
chrX	107600000	107700000	338	52.0	0.153846153846
chrX	107700000	107800000	0	0.0	NA
chrX	107800000	107900000	0	0.0	NA
chrX	107900000	108000000	19518	4491.0	0.230095296649
chrX	108000000	108100000	13090	2978.0	0.227501909855
chrX	108100000	108200000	18247	4512.0	0.247273524415
chrX	108200000	108300000	23678	5270.0	0.222569473773
chrX	108300000	108400000	17515	3866.0	0.220725092778
chrX	108400000	108500000	14959	3659.0	0.244601911893
chrX	108500000	108600000	35570	8139.0	0.22881641833
chrX	108600000	108700000	12410	2512.0	0.202417405318
chrX	108700000	108800000	12597	3127.0	0.248233706438
chrX	108800000	108900000	36759	9015.0	0.245246062189
chrX	108900000	109000000	10998	2609.0	0.237224949991
chrX	109000000	109100000	50535	12402.0	0.245414069457
chrX	109100000	109200000	46349	11594.0	0.25014563421
chrX	109200000	109300000	17695	4211.0	0.237976829613
chrX	109300000	109400000	0	0.0	NA
chrX	109400000	109500000	10224	2693.0	0.263399843505
chrX	109500000	109600000	0	0.0	NA
chrX	109600000	109700000	434	102.0	0.235023041475
chrX	109700000	109800000	39202	9330.0	0.237998061323
chrX	109800000	109900000	19870	4553.0	0.22913940614
chrX	109900000	110000000	7714	1920.0	0.248898107337
chrX	110000000	110100000	35474	8585.0	0.242008231381
chrX	110100000	110200000	35169	8438.0	0.239927208621
chrX	110200000	110300000	0	0.0	NA
chrX	110300000	110400000	0	0.0	NA
chrX	110400000	110500000	9479	2405.0	0.253718746703
chrX	110500000	110600000	18498	4206.0	0.227375932533
chrX	110600000	110700000	19690	4644.0	0.235855764347
chrX	110700000	110800000	41376	9479.0	0.229094160866
chrX	110800000	110900000	20820	4594.0	0.22065321806
chrX	110900000	111000000	6694	1496.0	0.223483716761
chrX	111000000	111100000	10382	2337.0	0.225101136583
chrX	111100000	111200000	0	0.0	NA
chrX	111200000	111300000	0	0.0	NA
chrX	111300000	111400000	0	0.0	NA
chrX	111400000	111500000	0	0.0	NA
chrX	111500000	111600000	0	0.0	NA
chrX	111600000	111700000	0	0.0	NA
chrX	111700000	111800000	24557	5906.0	0.240501689946
chrX	111800000	111900000	24812	5864.0	0.236337256166
chrX	111900000	112000000	37592	8956.0	0.238242179187
chrX	112000000	112100000	22001	4874.0	0.221535384755
chrX	112100000	112200000	53761	11758.0	0.218708729376
chrX	112200000	112300000	37821	8845.0	0.233864784115
chrX	112300000	112400000	0	0.0	NA
chrX	112400000	112500000	0	0.0	NA
chrX	112500000	112600000	0	0.0	NA
chrX	112600000	112700000	0	0.0	NA
chrX	112700000	112800000	11514	2703.0	0.234757686295
chrX	112800000	112900000	14379	3427.0	0.238333681063
chrX	112900000	113000000	0	0.0	NA
chrX	113000000	113100000	0	0.0	NA
chrX	113100000	113200000	11604	2619.0	0.22569803516
chrX	113200000	113300000	25087	5791.0	0.230836688325
chrX	113300000	113400000	41405	9350.0	0.225818137906
chrX	113400000	113500000	34522	8342.0	0.241643010254
chrX	113500000	113600000	25330	5960.0	0.235294117647
chrX	113600000	113700000	38165	8941.0	0.234272238962
chrX	113700000	113800000	36947	8449.0	0.228678918451
chrX	113800000	113900000	11089	2418.0	0.218053927315
chrX	113900000	114000000	0	0.0	NA
chrX	114000000	114100000	0	0.0	NA
chrX	114100000	114200000	13195	3209.0	0.243198181129
chrX	114200000	114300000	36705	8254.0	0.224873995368
chrX	114300000	114400000	10508	2343.0	0.222972972973
chrX	114400000	114500000	10685	2270.0	0.212447356107
chrX	114500000	114600000	37657	8477.0	0.225110869161
chrX	114600000	114700000	56158	12630.0	0.224901171694
chrX	114700000	114800000	19739	4530.0	0.229494908557
chrX	114800000	114900000	598	171.0	0.285953177258
chrX	114900000	115000000	7867	2081.0	0.264522689717
chrX	115000000	115100000	6995	1929.0	0.275768406004
chrX	115100000	115200000	14037	3096.0	0.220559948707
chrX	115200000	115300000	19494	4599.0	0.235918744229
chrX	115300000	115400000	22923	5503.0	0.240064563975
chrX	115400000	115500000	40864	9937.0	0.24317247455
chrX	115500000	115600000	37765	9288.0	0.245942009797
chrX	115600000	115700000	10908	2720.0	0.24935826916
chrX	115700000	115800000	16653	4106.0	0.246562180988
chrX	115800000	115900000	18796	4252.0	0.226218344329
chrX	115900000	116000000	19831	5076.0	0.25596288639
chrX	116000000	116100000	21995	5531.0	0.251466242328
chrX	116100000	116200000	37592	9934.0	0.264258352841
chrX	116200000	116300000	34600	8650.0	0.25
chrX	116300000	116400000	17869	4183.0	0.234092562538
chrX	116400000	116500000	26005	5780.0	0.222264949048
chrX	116500000	116600000	36829	8659.0	0.235113633278
chrX	116600000	116700000	45760	11201.0	0.244777097902
chrX	116700000	116800000	34902	9214.0	0.263996332588
chrX	116800000	116900000	40779	10315.0	0.252948821697
chrX	116900000	117000000	42385	10766.0	0.254004954583
chrX	117000000	117100000	10751	2981.0	0.277276532416
chrX	117100000	117200000	0	0.0	NA
chrX	117200000	117300000	24884	5883.0	0.236416974763
chrX	117300000	117400000	56846	12510.0	0.220068254583
chrX	117400000	117500000	24622	5417.0	0.220006498254
chrX	117500000	117600000	5908	1351.0	0.228672985782
chrX	117600000	117700000	6643	1653.0	0.248833358422
chrX	117700000	117800000	0	0.0	NA
chrX	117800000	117900000	18331	4490.0	0.244940265125
chrX	117900000	118000000	17677	4444.0	0.251400124456
chrX	118000000	118100000	11823	2700.0	0.228368434408
chrX	118100000	118200000	22220	5541.0	0.249369936994
chrX	118200000	118300000	12135	3097.0	0.255212196127
chrX	118300000	118400000	49079	11599.0	0.236333258624
chrX	118400000	118500000	23800	5599.0	0.23525210084
chrX	118500000	118600000	5850	1334.0	0.228034188034
chrX	118600000	118700000	26392	6503.0	0.246400424371
chrX	118700000	118800000	7615	1723.0	0.226263952725
chrX	118800000	118900000	16354	3733.0	0.22826219885
chrX	118900000	119000000	13831	3196.0	0.231075121105
chrX	119000000	119100000	5480	1466.0	0.267518248175
chrX	119100000	119200000	19428	5414.0	0.278669960881
chrX	119200000	119300000	0	0.0	NA
chrX	119300000	119400000	7996	1997.0	0.249749874937
chrX	119400000	119500000	21178	4268.0	0.201529889508
chrX	119500000	119600000	11903	2662.0	0.223641098883
chrX	119600000	119700000	12656	2956.0	0.233565107459
chrX	119700000	119800000	21121	4458.0	0.211069551631
chrX	119800000	119900000	36119	7865.0	0.217752429469
chrX	119900000	120000000	42201	8795.0	0.208407383711
chrX	120000000	120100000	1830	460.0	0.251366120219
chrX	120100000	120200000	27701	6217.0	0.224432330963
chrX	120200000	120300000	36967	8639.0	0.233694917088
chrX	120300000	120400000	33589	8595.0	0.255887344071
chrX	120400000	120500000	44726	11456.0	0.256137369763
chrX	120500000	120600000	30881	8768.0	0.283928629254
chrX	120600000	120700000	34403	9952.0	0.289277097928
chrX	120700000	120800000	43117	11930.0	0.276689008976
chrX	120800000	120900000	22909	6285.0	0.274346326771
chrX	120900000	121000000	18417	4936.0	0.268013248629
chrX	121000000	121100000	23500	5912.0	0.251574468085
chrX	121100000	121200000	30220	7326.0	0.242422236929
chrX	121200000	121300000	17519	4369.0	0.249386380501
chrX	121300000	121400000	32605	7854.0	0.240883300107
chrX	121400000	121500000	16247	4004.0	0.24644549763
chrX	121500000	121600000	23413	5587.0	0.238628112587
chrX	121600000	121700000	30531	6920.0	0.226654875373
chrX	121700000	121800000	32529	7176.0	0.220603154109
chrX	121800000	121900000	24408	5624.0	0.230416256965
chrX	121900000	122000000	42668	9675.0	0.22675072654
chrX	122000000	122100000	40350	9062.0	0.22458488228
chrX	122100000	122200000	52481	11472.0	0.218593395705
chrX	122200000	122300000	39427	8166.0	0.207116950313
chrX	122300000	122400000	15349	3226.0	0.210176558733
chrX	122400000	122500000	0	0.0	NA
chrX	122500000	122600000	0	0.0	NA
chrX	122600000	122700000	23890	5250.0	0.219757220594
chrX	122700000	122800000	11022	2378.0	0.215750317547
chrX	122800000	122900000	9828	2190.0	0.222832722833
chrX	122900000	123000000	15340	3429.0	0.223533246415
chrX	123000000	123100000	14232	2779.0	0.195264193367
chrX	123100000	123200000	0	0.0	NA
chrX	123200000	123300000	8496	1928.0	0.226930320151
chrX	123300000	123400000	47655	10218.0	0.214416115833
chrX	123400000	123500000	37995	8114.0	0.213554415055
chrX	123500000	123600000	1993	376.0	0.188660311089
chrX	123600000	123700000	0	0.0	NA
chrX	123700000	123800000	0	0.0	NA
chrX	123800000	123900000	0	0.0	NA
chrX	123900000	124000000	0	0.0	NA
chrX	124000000	124100000	1797	348.0	0.193656093489
chrX	124100000	124200000	66016	13994.0	0.211978914203
chrX	124200000	124300000	72471	14891.0	0.205475293566
chrX	124300000	124400000	60470	11896.0	0.196725649082
chrX	124400000	124500000	33159	7608.0	0.229439971049
chrX	124500000	124600000	43104	10097.0	0.234247401633
chrX	124600000	124700000	32523	7791.0	0.239553546721
chrX	124700000	124800000	11170	2651.0	0.23733213966
chrX	124800000	124900000	22707	5253.0	0.231338353812
chrX	124900000	125000000	30411	7460.0	0.245305974812
chrX	125000000	125100000	11249	2885.0	0.256467241533
chrX	125100000	125200000	28693	7120.0	0.248144146656
chrX	125200000	125300000	19409	4705.0	0.242413313411
chrX	125300000	125400000	38644	9298.0	0.240606562468
chrX	125400000	125500000	34949	8649.0	0.247474891985
chrX	125500000	125600000	21965	5295.0	0.241065331209
chrX	125600000	125700000	15435	3730.0	0.241658568189
chrX	125700000	125800000	31865	7820.0	0.245410324808
chrX	125800000	125900000	41184	9929.0	0.241088772339
chrX	125900000	126000000	33239	7702.0	0.231715755588
chrX	126000000	126100000	17647	4234.0	0.239927466425
chrX	126100000	126200000	23273	5979.0	0.256907145619
chrX	126200000	126300000	19638	5052.0	0.257256339749
chrX	126300000	126400000	20026	5127.0	0.256017177669
chrX	126400000	126500000	24938	6513.0	0.261167695886
chrX	126500000	126600000	29018	7518.0	0.25908057068
chrX	126600000	126700000	20802	5485.0	0.263676569561
chrX	126700000	126800000	13558	3501.0	0.258223926833
chrX	126800000	126900000	17561	4481.0	0.255167701156
chrX	126900000	127000000	15734	4245.0	0.26979788992
chrX	127000000	127100000	18706	5139.0	0.274724687266
chrX	127100000	127200000	11291	3110.0	0.27544061642
chrX	127200000	127300000	370	122.0	0.32972972973
chrX	127300000	127400000	10216	3044.0	0.297963978074
chrX	127400000	127500000	18128	4287.0	0.236484995587
chrX	127500000	127600000	0	0.0	NA
chrX	127600000	127700000	0	0.0	NA
chrX	127700000	127800000	40966	9154.0	0.223453595665
chrX	127800000	127900000	45470	10093.0	0.22197053002
chrX	127900000	128000000	47798	10722.0	0.224319009164
chrX	128000000	128100000	63859	14221.0	0.222693747162
chrX	128100000	128200000	49409	10922.0	0.221052844623
chrX	128200000	128300000	64002	12766.0	0.199462516796
chrX	128300000	128400000	49024	10229.0	0.2086529047
chrX	128400000	128500000	31012	6766.0	0.218173610215
chrX	128500000	128600000	35463	7464.0	0.210472887235
chrX	128600000	128700000	9733	1969.0	0.20230144868
chrX	128700000	128800000	39538	9683.0	0.244903637007
chrX	128800000	128900000	41550	9926.0	0.23889290012
chrX	128900000	129000000	16868	3786.0	0.224448660185
chrX	129000000	129100000	6461	1246.0	0.192849404117
chrX	129100000	129200000	9825	2305.0	0.234605597964
chrX	129200000	129300000	10884	2605.0	0.23934215362
chrX	129300000	129400000	10548	2415.0	0.228953356086
chrX	129400000	129500000	15009	3410.0	0.227197015124
chrX	129500000	129600000	43263	9316.0	0.215334119224
chrX	129600000	129700000	29919	6618.0	0.221197232528
chrX	129700000	129800000	24902	5662.0	0.227371295478
chrX	129800000	129900000	0	0.0	NA
chrX	129900000	130000000	0	0.0	NA
chrX	130000000	130100000	13278	2954.0	0.222473264046
chrX	130100000	130200000	8564	1938.0	0.226296123307
chrX	130200000	130300000	7784	1975.0	0.253725590956
chrX	130300000	130400000	68396	14949.0	0.218565413182
chrX	130400000	130500000	6152	1266.0	0.205786736021
chrX	130500000	130600000	0	0.0	NA
chrX	130600000	130700000	0	0.0	NA
chrX	130700000	130800000	36874	8408.0	0.228019742908
chrX	130800000	130900000	5170	1325.0	0.256286266925
chrX	130900000	131000000	12646	3254.0	0.257314565871
chrX	131000000	131100000	18900	4557.0	0.241111111111
chrX	131100000	131200000	33144	7195.0	0.21708303162
chrX	131200000	131300000	2601	578.0	0.222222222222
chrX	131300000	131400000	23410	5721.0	0.244382742418
chrX	131400000	131500000	0	0.0	NA
chrX	131500000	131600000	0	0.0	NA
chrX	131600000	131700000	43318	10314.0	0.238099635256
chrX	131700000	131800000	38174	8993.0	0.235579190025
chrX	131800000	131900000	0	0.0	NA
chrX	131900000	132000000	0	0.0	NA
chrX	132000000	132100000	3268	803.0	0.245716034272
chrX	132100000	132200000	35963	8648.0	0.240469371298
chrX	132200000	132300000	15602	3823.0	0.245032688117
chrX	132300000	132400000	56754	12977.0	0.228653486979
chrX	132400000	132500000	17824	4455.0	0.249943895871
chrX	132500000	132600000	19822	4476.0	0.225809706387
chrX	132600000	132700000	37115	8830.0	0.237909201132
chrX	132700000	132800000	0	0.0	NA
chrX	132800000	132900000	0	0.0	NA
chrX	132900000	133000000	0	0.0	NA
chrX	133000000	133100000	0	0.0	NA
chrX	133100000	133200000	35137	7159.0	0.20374533967
chrX	133200000	133300000	38194	8716.0	0.22820338273
chrX	133300000	133400000	35404	7283.0	0.205711219071
chrX	133400000	133500000	13946	3252.0	0.233185142693
chrX	133500000	133600000	14663	3240.0	0.220964331992
chrX	133600000	133700000	18257	4358.0	0.238702963247
chrX	133700000	133800000	0	0.0	NA
chrX	133800000	133900000	642	187.0	0.291277258567
chrX	133900000	134000000	8533	1654.0	0.193835696707
chrX	134000000	134100000	24585	5623.0	0.228716697173
chrX	134100000	134200000	25744	7087.0	0.275287445618
chrX	134200000	134300000	2294	736.0	0.320836965998
chrX	134300000	134400000	4681	1663.0	0.35526596881
chrX	134400000	134500000	1374	336.0	0.244541484716
chrX	134500000	134600000	14351	4203.0	0.292871576894
chrX	134600000	134700000	21129	5259.0	0.248899616641
chrX	134700000	134800000	7087	2213.0	0.312261887964
chrX	134800000	134900000	1794	518.0	0.288740245262
chrX	134900000	135000000	3634	1225.0	0.337094111172
chrX	135000000	135100000	6798	1940.0	0.285378052368
chrX	135100000	135200000	28094	6763.0	0.240727557486
chrX	135200000	135300000	12572	3137.0	0.249522748966
chrX	135300000	135400000	21308	5151.0	0.241740191477
chrX	135400000	135500000	933	192.0	0.20578778135
chrX	135500000	135600000	43893	10502.0	0.23926366391
chrX	135600000	135700000	31441	7879.0	0.250596355078
chrX	135700000	135800000	24488	5353.0	0.21859686377
chrX	135800000	135900000	7269	1641.0	0.225753198514
chrX	135900000	136000000	9224	2422.0	0.262575888985
chrX	136000000	136100000	9606	2217.0	0.230793254216
chrX	136100000	136200000	66446	14680.0	0.220931282545
chrX	136200000	136300000	46758	10391.0	0.222229351127
chrX	136300000	136400000	57902	13645.0	0.23565679942
chrX	136400000	136500000	55929	13170.0	0.235477122781
chrX	136500000	136600000	54246	12848.0	0.236846956458
chrX	136600000	136700000	20697	5044.0	0.243706817413
chrX	136700000	136800000	0	0.0	NA
chrX	136800000	136900000	0	0.0	NA
chrX	136900000	137000000	0	0.0	NA
chrX	137000000	137100000	25540	5383.0	0.210767423649
chrX	137100000	137200000	23138	5758.0	0.2488546979
chrX	137200000	137300000	36987	8487.0	0.229458999108
chrX	137300000	137400000	55315	12869.0	0.23264937178
chrX	137400000	137500000	43750	10360.0	0.2368
chrX	137500000	137600000	39045	9457.0	0.242207709054
chrX	137600000	137700000	34895	8266.0	0.236882074796
chrX	137700000	137800000	0	0.0	NA
chrX	137800000	137900000	0	0.0	NA
chrX	137900000	138000000	0	0.0	NA
chrX	138000000	138100000	0	0.0	NA
chrX	138100000	138200000	0	0.0	NA
chrX	138200000	138300000	8854	2126.0	0.240117461035
chrX	138300000	138400000	45179	10359.0	0.229287943514
chrX	138400000	138500000	20254	4695.0	0.231806063
chrX	138500000	138600000	48113	10817.0	0.224824891401
chrX	138600000	138700000	13548	3009.0	0.222099202834
chrX	138700000	138800000	2079	454.0	0.218374218374
chrX	138800000	138900000	4752	1188.0	0.25
chrX	138900000	139000000	0	0.0	NA
chrX	139000000	139100000	17466	3739.0	0.214073056224
chrX	139100000	139200000	49196	9785.0	0.198898284413
chrX	139200000	139300000	49283	10617.0	0.215429255524
chrX	139300000	139400000	23658	5001.0	0.211387268577
chrX	139400000	139500000	33186	7263.0	0.218857349485
chrX	139500000	139600000	58978	13678.0	0.231916985995
chrX	139600000	139700000	52457	11496.0	0.219150923614
chrX	139700000	139800000	28325	6283.0	0.221818181818
chrX	139800000	139900000	13693	3038.0	0.221865186592
chrX	139900000	140000000	39874	9189.0	0.230450920399
chrX	140000000	140100000	5730	1302.0	0.22722513089
chrX	140100000	140200000	0	0.0	NA
chrX	140200000	140300000	34682	8371.0	0.241364396517
chrX	140300000	140400000	7913	1790.0	0.226210034121
chrX	140400000	140500000	0	0.0	NA
chrX	140500000	140600000	0	0.0	NA
chrX	140600000	140700000	0	0.0	NA
chrX	140700000	140800000	19001	4547.0	0.239303194569
chrX	140800000	140900000	44316	10730.0	0.2421247405
chrX	140900000	141000000	8382	2251.0	0.268551658315
chrX	141000000	141100000	35751	9079.0	0.253950938435
chrX	141100000	141200000	39579	9805.0	0.247732383335
chrX	141200000	141300000	13964	4223.0	0.302420509883
chrX	141300000	141400000	35796	9049.0	0.252793608224
chrX	141400000	141500000	26579	6537.0	0.245946047632
chrX	141500000	141600000	46405	11876.0	0.255920698201
chrX	141600000	141700000	48816	12124.0	0.248361193051
chrX	141700000	141800000	44783	11162.0	0.249246365808
chrX	141800000	141900000	24625	6601.0	0.268060913706
chrX	141900000	142000000	38937	10133.0	0.26024090197
chrX	142000000	142100000	42031	11279.0	0.268349551521
chrX	142100000	142200000	32855	8987.0	0.273535230559
chrX	142200000	142300000	37619	9993.0	0.26563704511
chrX	142300000	142400000	37538	9700.0	0.258404816453
chrX	142400000	142500000	0	0.0	NA
chrX	142500000	142600000	0	0.0	NA
chrX	142600000	142700000	23987	6031.0	0.251427856756
chrX	142700000	142800000	42321	9910.0	0.234162708821
chrX	142800000	142900000	17865	4460.0	0.249650153932
chrX	142900000	143000000	22071	5603.0	0.253862534548
chrX	143000000	143100000	28119	7106.0	0.252711689605
chrX	143100000	143200000	31405	8081.0	0.257315714058
chrX	143200000	143300000	583	157.0	0.269296740995
chrX	143300000	143400000	30767	8255.0	0.268306952254
chrX	143400000	143500000	20962	5575.0	0.265957446809
chrX	143500000	143600000	20291	5397.0	0.265979991129
chrX	143600000	143700000	34176	8951.0	0.261908941948
chrX	143700000	143800000	40924	10243.0	0.250293226469
chrX	143800000	143900000	20414	5304.0	0.259821690996
chrX	143900000	144000000	19631	4807.0	0.244867811115
chrX	144000000	144100000	19282	4632.0	0.240224043149
chrX	144100000	144200000	36851	9215.0	0.250061056688
chrX	144200000	144300000	44128	10732.0	0.243201595359
chrX	144300000	144400000	14564	3471.0	0.238327382587
chrX	144400000	144500000	27083	6555.0	0.242033748108
chrX	144500000	144600000	32886	7886.0	0.239798090373
chrX	144600000	144700000	33275	8059.0	0.242193839219
chrX	144700000	144800000	38498	9575.0	0.24871421892
chrX	144800000	144900000	44186	10838.0	0.245281310822
chrX	144900000	145000000	39640	9450.0	0.23839556004
chrX	145000000	145100000	13900	4698.0	0.337985611511
chrX	145100000	145200000	32151	8255.0	0.256757177071
chrX	145200000	145300000	49946	13444.0	0.269170704361
chrX	145300000	145400000	28663	7819.0	0.272790705788
chrX	145400000	145500000	43070	11087.0	0.257418156489
chrX	145500000	145600000	27269	7151.0	0.262239172687
chrX	145600000	145700000	30534	7725.0	0.252996659462
chrX	145700000	145800000	33180	8479.0	0.255545509343
chrX	145800000	145900000	24874	6087.0	0.244713355311
chrX	145900000	146000000	34317	8331.0	0.242765976047
chrX	146000000	146100000	18145	4501.0	0.248057316065
chrX	146100000	146200000	31689	7814.0	0.246583988135
chrX	146200000	146300000	6211	1668.0	0.268555788118
chrX	146300000	146400000	14244	3788.0	0.265936534681
chrX	146400000	146500000	43143	10528.0	0.244025682034
chrX	146500000	146600000	36972	8739.0	0.236368062317
chrX	146600000	146700000	51853	12738.0	0.245655989046
chrX	146700000	146800000	43249	10491.0	0.242572082592
chrX	146800000	146900000	63288	14662.0	0.231671090886
chrX	146900000	147000000	26990	6218.0	0.230381622823
chrX	147000000	147100000	14856	3747.0	0.252221324717
chrX	147100000	147200000	40889	9000.0	0.220108097532
chrX	147200000	147300000	49484	10344.0	0.20903726457
chrX	147300000	147400000	49332	11463.0	0.232364388227
chrX	147400000	147500000	37436	8826.0	0.235762367774
chrX	147500000	147600000	51505	12307.0	0.238947674983
chrX	147600000	147700000	0	0.0	NA
chrX	147700000	147800000	0	0.0	NA
chrX	147800000	147900000	0	0.0	NA
chrX	147900000	148000000	0	0.0	NA
chrX	148000000	148100000	13352	3460.0	0.259137207909
chrX	148100000	148200000	30316	7289.0	0.240434094208
chrX	148200000	148300000	32229	7050.0	0.218747091129
chrX	148300000	148400000	52826	12244.0	0.231779805399
chrX	148400000	148500000	38904	9696.0	0.249228871067
chrX	148500000	148600000	22167	5663.0	0.255469842559
chrX	148600000	148700000	0	0.0	NA
chrX	148700000	148800000	8045	2615.0	0.325046612803
chrX	148800000	148900000	6861	2465.0	0.359277073313
chrX	148900000	149000000	0	0.0	NA
chrX	149000000	149100000	0	0.0	NA
chrX	149100000	149200000	0	0.0	NA
chrX	149200000	149300000	0	0.0	NA
chrX	149300000	149400000	4271	1274.0	0.298290798408
chrX	149400000	149500000	54031	14195.0	0.262719549888
chrX	149500000	149600000	22287	5926.0	0.265894916319
chrX	149600000	149700000	5979	1800.0	0.301053687908
chrX	149700000	149800000	20199	5595.0	0.27699391059
chrX	149800000	149900000	8940	2630.0	0.29418344519
chrX	149900000	150000000	94	42.0	0.446808510638
chrX	150000000	150100000	12075	3238.0	0.268157349896
chrX	150100000	150200000	33673	9248.0	0.274641404092
chrX	150200000	150300000	25440	6036.0	0.237264150943
chrX	150300000	150400000	19988	4922.0	0.246247748649
chrX	150400000	150500000	50474	11267.0	0.223223838016
chrX	150500000	150600000	53039	12983.0	0.244782141443
chrX	150600000	150700000	37193	8395.0	0.225714516172
chrX	150700000	150800000	4839	1215.0	0.251084934904
chrX	150800000	150900000	23339	6490.0	0.278075324564
chrX	150900000	151000000	63020	15834.0	0.251253570295
chrX	151000000	151100000	31696	8116.0	0.256057546694
chrX	151100000	151200000	29725	7388.0	0.248544995795
chrX	151200000	151300000	8301	2213.0	0.266594386219
chrX	151300000	151400000	24	13.0	0.541666666667
chrX	151400000	151500000	0	0.0	NA
chrX	151500000	151600000	0	0.0	NA
chrX	151600000	151700000	15246	3579.0	0.234750098386
chrX	151700000	151800000	48677	11187.0	0.22982106539
chrX	151800000	151900000	10340	2690.0	0.260154738878
chrX	151900000	152000000	15491	4040.0	0.260796591569
chrX	152000000	152100000	29179	7899.0	0.270708386168
chrX	152100000	152200000	4440	1239.0	0.279054054054
chrX	152200000	152300000	5793	1702.0	0.293802865527
chrX	152300000	152400000	7160	1885.0	0.263268156425
chrX	152400000	152500000	4926	1643.0	0.333536337799
chrX	152500000	152600000	9079	2641.0	0.290891067298
chrX	152600000	152700000	19655	6175.0	0.314169422539
chrX	152700000	152800000	6800	2273.0	0.334264705882
chrX	152800000	152900000	10979	3508.0	0.319519081884
chrX	152900000	153000000	9951	3250.0	0.326600341674
chrX	153000000	153100000	3004	981.0	0.326564580559
chrX	153100000	153200000	6734	1987.0	0.29506979507
chrX	153200000	153300000	8439	2841.0	0.336651261998
chrX	153300000	153400000	10444	2642.0	0.252968211413
chrX	153400000	153500000	5141	1680.0	0.326784672243
chrX	153500000	153600000	1128	396.0	0.351063829787
chrX	153600000	153700000	4934	1659.0	0.336238346169
chrX	153700000	153800000	4366	1523.0	0.34883188273
chrX	153800000	153900000	10319	3085.0	0.298963077818
chrX	153900000	154000000	3096	916.0	0.295865633075
chrX	154000000	154100000	1671	497.0	0.297426690604
chrX	154100000	154200000	0	0.0	NA
chrX	154200000	154300000	802	244.0	0.304239401496
chrX	154300000	154400000	4039	958.0	0.237187422629
chrX	154400000	154500000	10033	2541.0	0.253264228047
chrX	154500000	154600000	176	17.0	0.0965909090909
chrX	154600000	154700000	0	0.0	NA
chrX	154700000	154800000	0	0.0	NA
chrX	154800000	154900000	0	0.0	NA
chrX	154900000	155000000	0	0.0	NA
chrX	155000000	155100000	14882	3237.0	0.217511087219
chrX	155100000	155200000	9074	2127.0	0.234405995151
chrX	155200000	155270560	1182	308.0	0.260575296108
