chrX	0	100000	0	0.0	NA
chrX	100000	200000	0	0.0	NA
chrX	200000	300000	0	0.0	NA
chrX	300000	400000	0	0.0	NA
chrX	400000	500000	741	244.0	0.329284750337
chrX	500000	600000	8934	2774.0	0.310499216476
chrX	600000	700000	6777	2297.0	0.33894053416
chrX	700000	800000	14927	4681.0	0.313592818383
chrX	800000	900000	11620	3745.0	0.322289156627
chrX	900000	1000000	9835	3194.0	0.324758515506
chrX	1000000	1100000	939	309.0	0.329073482428
chrX	1100000	1200000	0	0.0	NA
chrX	1200000	1300000	5009	1722.0	0.343781193851
chrX	1300000	1400000	0	0.0	NA
chrX	1400000	1500000	0	0.0	NA
chrX	1500000	1600000	0	0.0	NA
chrX	1600000	1700000	811	249.0	0.307028360049
chrX	1700000	1800000	0	0.0	NA
chrX	1800000	1900000	0	0.0	NA
chrX	1900000	2000000	4591	1535.0	0.334349814855
chrX	2000000	2100000	4884	1712.0	0.350532350532
chrX	2100000	2200000	586	216.0	0.368600682594
chrX	2200000	2300000	0	0.0	NA
chrX	2300000	2400000	0	0.0	NA
chrX	2400000	2500000	12952	4203.0	0.32450586782
chrX	2500000	2600000	4793	1787.0	0.372835384936
chrX	2600000	2700000	0	0.0	NA
chrX	2700000	2800000	0	0.0	NA
chrX	2800000	2900000	0	0.0	NA
chrX	2900000	3000000	2607	865.0	0.331799002685
chrX	3000000	3100000	8609	2808.0	0.326170286909
chrX	3100000	3200000	29949	9980.0	0.333233163044
chrX	3200000	3300000	4374	1523.0	0.348193872885
chrX	3300000	3400000	26308	9029.0	0.343203588262
chrX	3400000	3500000	10636	3504.0	0.329447160587
chrX	3500000	3600000	2274	717.0	0.315303430079
chrX	3600000	3700000	3686	1172.0	0.317959848074
chrX	3700000	3800000	2714	974.0	0.358879882093
chrX	3800000	3900000	6301	1987.0	0.315346770354
chrX	3900000	4000000	28774	9044.0	0.314311531243
chrX	4000000	4100000	29095	9205.0	0.31637738443
chrX	4100000	4200000	27682	9014.0	0.325626761072
chrX	4200000	4300000	36936	11958.0	0.323749187784
chrX	4300000	4400000	31973	10133.0	0.316923654333
chrX	4400000	4500000	36231	11331.0	0.312743230935
chrX	4500000	4600000	13365	4383.0	0.327946127946
chrX	4600000	4700000	23909	7416.0	0.31017608432
chrX	4700000	4800000	29885	9595.0	0.321064078969
chrX	4800000	4900000	27894	9025.0	0.323546282355
chrX	4900000	5000000	34546	11034.0	0.319400219997
chrX	5000000	5100000	22114	7061.0	0.319299990956
chrX	5100000	5200000	30931	9986.0	0.322847628593
chrX	5200000	5300000	33813	10847.0	0.320793777541
chrX	5300000	5400000	21701	6768.0	0.311875028801
chrX	5400000	5500000	34311	10638.0	0.310046340824
chrX	5500000	5600000	20223	6197.0	0.30643326905
chrX	5600000	5700000	13538	4025.0	0.297311271975
chrX	5700000	5800000	38844	11776.0	0.303161363402
chrX	5800000	5900000	0	0.0	NA
chrX	5900000	6000000	0	0.0	NA
chrX	6000000	6100000	0	0.0	NA
chrX	6100000	6200000	18476	5636.0	0.305044381901
chrX	6200000	6300000	38034	11284.0	0.29668191618
chrX	6300000	6400000	35088	10555.0	0.300815093479
chrX	6400000	6500000	28694	8333.0	0.290409144769
chrX	6500000	6600000	24214	7466.0	0.30833402164
chrX	6600000	6700000	26602	8158.0	0.306668671528
chrX	6700000	6800000	44022	12980.0	0.294852573713
chrX	6800000	6900000	36082	10263.0	0.28443545258
chrX	6900000	7000000	15317	4358.0	0.284520467454
chrX	7000000	7100000	0	0.0	NA
chrX	7100000	7200000	0	0.0	NA
chrX	7200000	7300000	6671	2152.0	0.322590316294
chrX	7300000	7400000	48808	14412.0	0.295279462383
chrX	7400000	7500000	35977	10667.0	0.296494982906
chrX	7500000	7600000	41904	12638.0	0.301594119893
chrX	7600000	7700000	23130	6708.0	0.290012970169
chrX	7700000	7800000	53844	16064.0	0.298343362306
chrX	7800000	7900000	24290	6849.0	0.28196788802
chrX	7900000	8000000	28373	7964.0	0.280689387798
chrX	8000000	8100000	36558	10478.0	0.28661305323
chrX	8100000	8200000	34507	9427.0	0.273190946764
chrX	8200000	8300000	46440	12992.0	0.279758828596
chrX	8300000	8400000	51880	15275.0	0.294429452583
chrX	8400000	8500000	29453	8486.0	0.288120055682
chrX	8500000	8600000	0	0.0	NA
chrX	8600000	8700000	0	0.0	NA
chrX	8700000	8800000	26156	6990.0	0.26724269766
chrX	8800000	8900000	48243	12192.0	0.252720601953
chrX	8900000	9000000	17788	5120.0	0.287834495165
chrX	9000000	9100000	39461	10103.0	0.256024936013
chrX	9100000	9200000	53869	14169.0	0.263026972842
chrX	9200000	9300000	32008	8386.0	0.26199700075
chrX	9300000	9400000	32535	9504.0	0.292116182573
chrX	9400000	9500000	6564	1922.0	0.292809262645
chrX	9500000	9600000	0	0.0	NA
chrX	9600000	9700000	0	0.0	NA
chrX	9700000	9800000	426	120.0	0.281690140845
chrX	9800000	9900000	0	0.0	NA
chrX	9900000	10000000	7301	1901.0	0.260375291056
chrX	10000000	10100000	0	0.0	NA
chrX	10100000	10200000	0	0.0	NA
chrX	10200000	10300000	0	0.0	NA
chrX	10300000	10400000	0	0.0	NA
chrX	10400000	10500000	0	0.0	NA
chrX	10500000	10600000	0	0.0	NA
chrX	10600000	10700000	0	0.0	NA
chrX	10700000	10800000	0	0.0	NA
chrX	10800000	10900000	0	0.0	NA
chrX	10900000	11000000	0	0.0	NA
chrX	11000000	11100000	0	0.0	NA
chrX	11100000	11200000	0	0.0	NA
chrX	11200000	11300000	0	0.0	NA
chrX	11300000	11400000	0	0.0	NA
chrX	11400000	11500000	0	0.0	NA
chrX	11500000	11600000	0	0.0	NA
chrX	11600000	11700000	0	0.0	NA
chrX	11700000	11800000	0	0.0	NA
chrX	11800000	11900000	0	0.0	NA
chrX	11900000	12000000	0	0.0	NA
chrX	12000000	12100000	0	0.0	NA
chrX	12100000	12200000	0	0.0	NA
chrX	12200000	12300000	0	0.0	NA
chrX	12300000	12400000	0	0.0	NA
chrX	12400000	12500000	0	0.0	NA
chrX	12500000	12600000	0	0.0	NA
chrX	12600000	12700000	0	0.0	NA
chrX	12700000	12800000	21356	5750.0	0.269245176999
chrX	12800000	12900000	2628	694.0	0.264079147641
chrX	12900000	13000000	3314	922.0	0.278213639107
chrX	13000000	13100000	38028	10074.0	0.264910066267
chrX	13100000	13200000	42874	10900.0	0.254233334888
chrX	13200000	13300000	35641	8972.0	0.251732555203
chrX	13300000	13400000	0	0.0	NA
chrX	13400000	13500000	38084	9060.0	0.237895179078
chrX	13500000	13600000	32987	8244.0	0.249916633825
chrX	13600000	13700000	0	0.0	NA
chrX	13700000	13800000	0	0.0	NA
chrX	13800000	13900000	0	0.0	NA
chrX	13900000	14000000	0	0.0	NA
chrX	14000000	14100000	18262	4197.0	0.229821487241
chrX	14100000	14200000	43788	9394.0	0.214533662191
chrX	14200000	14300000	24512	5472.0	0.223237597911
chrX	14300000	14400000	59100	13337.0	0.225668358714
chrX	14400000	14500000	56866	12087.0	0.212552315971
chrX	14500000	14600000	27175	5969.0	0.219650413983
chrX	14600000	14700000	0	0.0	NA
chrX	14700000	14800000	15866	3350.0	0.21114332535
chrX	14800000	14900000	23643	5194.0	0.219684473206
chrX	14900000	15000000	20258	4627.0	0.228403593642
chrX	15000000	15100000	49963	11102.0	0.222204431279
chrX	15100000	15200000	56446	12745.0	0.225791021507
chrX	15200000	15300000	27936	6331.0	0.226625143184
chrX	15300000	15400000	0	0.0	NA
chrX	15400000	15500000	0	0.0	NA
chrX	15500000	15600000	0	0.0	NA
chrX	15600000	15700000	0	0.0	NA
chrX	15700000	15800000	0	0.0	NA
chrX	15800000	15900000	7908	1587.0	0.200682852807
chrX	15900000	16000000	41943	8726.0	0.20804425053
chrX	16000000	16100000	59465	12503.0	0.210258135037
chrX	16100000	16200000	13536	2875.0	0.212396572104
chrX	16200000	16300000	34282	7326.0	0.213698150633
chrX	16300000	16400000	10787	2402.0	0.222675442662
chrX	16400000	16500000	47116	10123.0	0.214852703965
chrX	16500000	16600000	27620	5861.0	0.212201303403
chrX	16600000	16700000	0	0.0	NA
chrX	16700000	16800000	0	0.0	NA
chrX	16800000	16900000	0	0.0	NA
chrX	16900000	17000000	9158	2180.0	0.238043240882
chrX	17000000	17100000	0	0.0	NA
chrX	17100000	17200000	0	0.0	NA
chrX	17200000	17300000	0	0.0	NA
chrX	17300000	17400000	0	0.0	NA
chrX	17400000	17500000	0	0.0	NA
chrX	17500000	17600000	0	0.0	NA
chrX	17600000	17700000	0	0.0	NA
chrX	17700000	17800000	0	0.0	NA
chrX	17800000	17900000	0	0.0	NA
chrX	17900000	18000000	0	0.0	NA
chrX	18000000	18100000	0	0.0	NA
chrX	18100000	18200000	0	0.0	NA
chrX	18200000	18300000	0	0.0	NA
chrX	18300000	18400000	0	0.0	NA
chrX	18400000	18500000	0	0.0	NA
chrX	18500000	18600000	0	0.0	NA
chrX	18600000	18700000	0	0.0	NA
chrX	18700000	18800000	0	0.0	NA
chrX	18800000	18900000	695	228.0	0.328057553957
chrX	18900000	19000000	0	0.0	NA
chrX	19000000	19100000	0	0.0	NA
chrX	19100000	19200000	23457	5278.0	0.22500746046
chrX	19200000	19300000	45412	10471.0	0.23057782084
chrX	19300000	19400000	1022	213.0	0.208414872798
chrX	19400000	19500000	0	0.0	NA
chrX	19500000	19600000	0	0.0	NA
chrX	19600000	19700000	0	0.0	NA
chrX	19700000	19800000	0	0.0	NA
chrX	19800000	19900000	0	0.0	NA
chrX	19900000	20000000	0	0.0	NA
chrX	20000000	20100000	0	0.0	NA
chrX	20100000	20200000	0	0.0	NA
chrX	20200000	20300000	0	0.0	NA
chrX	20300000	20400000	0	0.0	NA
chrX	20400000	20500000	0	0.0	NA
chrX	20500000	20600000	0	0.0	NA
chrX	20600000	20700000	0	0.0	NA
chrX	20700000	20800000	0	0.0	NA
chrX	20800000	20900000	0	0.0	NA
chrX	20900000	21000000	0	0.0	NA
chrX	21000000	21100000	0	0.0	NA
chrX	21100000	21200000	0	0.0	NA
chrX	21200000	21300000	0	0.0	NA
chrX	21300000	21400000	0	0.0	NA
chrX	21400000	21500000	0	0.0	NA
chrX	21500000	21600000	0	0.0	NA
chrX	21600000	21700000	0	0.0	NA
chrX	21700000	21800000	0	0.0	NA
chrX	21800000	21900000	0	0.0	NA
chrX	21900000	22000000	0	0.0	NA
chrX	22000000	22100000	0	0.0	NA
chrX	22100000	22200000	0	0.0	NA
chrX	22200000	22300000	0	0.0	NA
chrX	22300000	22400000	0	0.0	NA
chrX	22400000	22500000	0	0.0	NA
chrX	22500000	22600000	0	0.0	NA
chrX	22600000	22700000	0	0.0	NA
chrX	22700000	22800000	0	0.0	NA
chrX	22800000	22900000	0	0.0	NA
chrX	22900000	23000000	0	0.0	NA
chrX	23000000	23100000	0	0.0	NA
chrX	23100000	23200000	0	0.0	NA
chrX	23200000	23300000	0	0.0	NA
chrX	23300000	23400000	16870	3960.0	0.234736218139
chrX	23400000	23500000	12910	2945.0	0.228117738187
chrX	23500000	23600000	23863	5634.0	0.236097724511
chrX	23600000	23700000	38923	12105.0	0.310998638337
chrX	23700000	23800000	0	0.0	NA
chrX	23800000	23900000	9558	1983.0	0.207470182046
chrX	23900000	24000000	7271	1576.0	0.216751478476
chrX	24000000	24100000	0	0.0	NA
chrX	24100000	24200000	1060	229.0	0.216037735849
chrX	24200000	24300000	19240	4177.0	0.2170997921
chrX	24300000	24400000	5481	1307.0	0.238460135012
chrX	24400000	24500000	35302	7988.0	0.226276131664
chrX	24500000	24600000	0	0.0	NA
chrX	24600000	24700000	0	0.0	NA
chrX	24700000	24800000	0	0.0	NA
chrX	24800000	24900000	0	0.0	NA
chrX	24900000	25000000	0	0.0	NA
chrX	25000000	25100000	18859	4120.0	0.218463333157
chrX	25100000	25200000	48285	9317.0	0.192958475717
chrX	25200000	25300000	49827	10223.0	0.205169887812
chrX	25300000	25400000	38023	8808.0	0.231649264919
chrX	25400000	25500000	55287	11761.0	0.212726319026
chrX	25500000	25600000	62200	14460.0	0.232475884244
chrX	25600000	25700000	48703	11355.0	0.233147855368
chrX	25700000	25800000	54053	12929.0	0.239191164228
chrX	25800000	25900000	38921	9104.0	0.23390971455
chrX	25900000	26000000	29735	6819.0	0.229325710442
chrX	26000000	26100000	41459	9836.0	0.237246436238
chrX	26100000	26200000	29753	7076.0	0.237824757167
chrX	26200000	26300000	15976	4150.0	0.25976464697
chrX	26300000	26400000	33528	8426.0	0.251312335958
chrX	26400000	26500000	51443	12706.0	0.246991816185
chrX	26500000	26600000	29260	7351.0	0.251230348599
chrX	26600000	26700000	37055	9165.0	0.247335042504
chrX	26700000	26800000	30281	7031.0	0.232191803441
chrX	26800000	26900000	36071	8399.0	0.232846330847
chrX	26900000	27000000	45004	10094.0	0.224291174118
chrX	27000000	27100000	24006	5504.0	0.22927601433
chrX	27100000	27200000	0	0.0	NA
chrX	27200000	27300000	0	0.0	NA
chrX	27300000	27400000	0	0.0	NA
chrX	27400000	27500000	26826	6164.0	0.229777081935
chrX	27500000	27600000	31390	6868.0	0.218795794839
chrX	27600000	27700000	0	0.0	NA
chrX	27700000	27800000	14054	3290.0	0.234097054219
chrX	27800000	27900000	44586	10574.0	0.237159646526
chrX	27900000	28000000	47014	10373.0	0.220636406177
chrX	28000000	28100000	36507	9031.0	0.247377215329
chrX	28100000	28200000	40335	9108.0	0.225808850874
chrX	28200000	28300000	50345	11680.0	0.231999205482
chrX	28300000	28400000	36970	8536.0	0.230889910738
chrX	28400000	28500000	41344	9350.0	0.226151315789
chrX	28500000	28600000	36271	7955.0	0.21932122081
chrX	28600000	28700000	0	0.0	NA
chrX	28700000	28800000	0	0.0	NA
chrX	28800000	28900000	0	0.0	NA
chrX	28900000	29000000	0	0.0	NA
chrX	29000000	29100000	0	0.0	NA
chrX	29100000	29200000	0	0.0	NA
chrX	29200000	29300000	0	0.0	NA
chrX	29300000	29400000	0	0.0	NA
chrX	29400000	29500000	0	0.0	NA
chrX	29500000	29600000	0	0.0	NA
chrX	29600000	29700000	0	0.0	NA
chrX	29700000	29800000	0	0.0	NA
chrX	29800000	29900000	0	0.0	NA
chrX	29900000	30000000	6570	1398.0	0.212785388128
chrX	30000000	30100000	43073	10209.0	0.237016228264
chrX	30100000	30200000	42879	9917.0	0.231278714522
chrX	30200000	30300000	17753	3967.0	0.223455190672
chrX	30300000	30400000	26850	6188.0	0.230465549348
chrX	30400000	30500000	61024	14394.0	0.235874410068
chrX	30500000	30600000	29757	6964.0	0.234028967974
chrX	30600000	30700000	21255	5046.0	0.237402964008
chrX	30700000	30800000	7878	2175.0	0.276085300838
chrX	30800000	30900000	6288	1655.0	0.263199745547
chrX	30900000	31000000	0	0.0	NA
chrX	31000000	31100000	38628	8390.0	0.217199958579
chrX	31100000	31200000	14545	3315.0	0.227913372293
chrX	31200000	31300000	0	0.0	NA
chrX	31300000	31400000	0	0.0	NA
chrX	31400000	31500000	0	0.0	NA
chrX	31500000	31600000	0	0.0	NA
chrX	31600000	31700000	0	0.0	NA
chrX	31700000	31800000	0	0.0	NA
chrX	31800000	31900000	0	0.0	NA
chrX	31900000	32000000	0	0.0	NA
chrX	32000000	32100000	0	0.0	NA
chrX	32100000	32200000	0	0.0	NA
chrX	32200000	32300000	0	0.0	NA
chrX	32300000	32400000	0	0.0	NA
chrX	32400000	32500000	0	0.0	NA
chrX	32500000	32600000	0	0.0	NA
chrX	32600000	32700000	0	0.0	NA
chrX	32700000	32800000	0	0.0	NA
chrX	32800000	32900000	0	0.0	NA
chrX	32900000	33000000	0	0.0	NA
chrX	33000000	33100000	0	0.0	NA
chrX	33100000	33200000	0	0.0	NA
chrX	33200000	33300000	0	0.0	NA
chrX	33300000	33400000	10029	2617.0	0.260943264533
chrX	33400000	33500000	29840	7852.0	0.263136729223
chrX	33500000	33600000	23003	6320.0	0.27474677216
chrX	33600000	33700000	47520	12790.0	0.26914983165
chrX	33700000	33800000	19341	5039.0	0.260534615583
chrX	33800000	33900000	0	0.0	NA
chrX	33900000	34000000	8957	2217.0	0.247515909345
chrX	34000000	34100000	33158	8219.0	0.247873816274
chrX	34100000	34200000	19718	4812.0	0.244040977787
chrX	34200000	34300000	1276	312.0	0.244514106583
chrX	34300000	34400000	0	0.0	NA
chrX	34400000	34500000	17460	4345.0	0.248854524628
chrX	34500000	34600000	47978	11228.0	0.234023927633
chrX	34600000	34700000	23363	5143.0	0.220134400548
chrX	34700000	34800000	51158	11853.0	0.231693967708
chrX	34800000	34900000	38554	9097.0	0.235954764746
chrX	34900000	35000000	41893	10090.0	0.2408516936
chrX	35000000	35100000	26051	6709.0	0.257533300065
chrX	35100000	35200000	47787	12151.0	0.254274174985
chrX	35200000	35300000	36189	9259.0	0.255851225511
chrX	35300000	35400000	34298	8824.0	0.257274476646
chrX	35400000	35500000	32594	8265.0	0.253574277474
chrX	35500000	35600000	30116	7459.0	0.247675654137
chrX	35600000	35700000	11902	2682.0	0.225340278945
chrX	35700000	35800000	26433	6613.0	0.250179699618
chrX	35800000	35900000	21422	5601.0	0.261460181122
chrX	35900000	36000000	10359	2468.0	0.238246935032
chrX	36000000	36100000	0	0.0	NA
chrX	36100000	36200000	0	0.0	NA
chrX	36200000	36300000	0	0.0	NA
chrX	36300000	36400000	0	0.0	NA
chrX	36400000	36500000	6511	1652.0	0.253724466288
chrX	36500000	36600000	26790	6925.0	0.258491974617
chrX	36600000	36700000	18788	4880.0	0.25974025974
chrX	36700000	36800000	46815	18646.0	0.398291146
chrX	36800000	36900000	32606	8709.0	0.267098080108
chrX	36900000	37000000	27753	6800.0	0.245018556552
chrX	37000000	37100000	15343	3714.0	0.242064785244
chrX	37100000	37200000	17848	4098.0	0.229605558046
chrX	37200000	37300000	0	0.0	NA
chrX	37300000	37400000	0	0.0	NA
chrX	37400000	37500000	0	0.0	NA
chrX	37500000	37600000	0	0.0	NA
chrX	37600000	37700000	0	0.0	NA
chrX	37700000	37800000	0	0.0	NA
chrX	37800000	37900000	0	0.0	NA
chrX	37900000	38000000	0	0.0	NA
chrX	38000000	38100000	0	0.0	NA
chrX	38100000	38200000	0	0.0	NA
chrX	38200000	38300000	0	0.0	NA
chrX	38300000	38400000	0	0.0	NA
chrX	38400000	38500000	0	0.0	NA
chrX	38500000	38600000	0	0.0	NA
chrX	38600000	38700000	0	0.0	NA
chrX	38700000	38800000	0	0.0	NA
chrX	38800000	38900000	0	0.0	NA
chrX	38900000	39000000	0	0.0	NA
chrX	39000000	39100000	0	0.0	NA
chrX	39100000	39200000	0	0.0	NA
chrX	39200000	39300000	0	0.0	NA
chrX	39300000	39400000	0	0.0	NA
chrX	39400000	39500000	0	0.0	NA
chrX	39500000	39600000	0	0.0	NA
chrX	39600000	39700000	0	0.0	NA
chrX	39700000	39800000	0	0.0	NA
chrX	39800000	39900000	0	0.0	NA
chrX	39900000	40000000	0	0.0	NA
chrX	40000000	40100000	0	0.0	NA
chrX	40100000	40200000	0	0.0	NA
chrX	40200000	40300000	0	0.0	NA
chrX	40300000	40400000	0	0.0	NA
chrX	40400000	40500000	0	0.0	NA
chrX	40500000	40600000	0	0.0	NA
chrX	40600000	40700000	0	0.0	NA
chrX	40700000	40800000	0	0.0	NA
chrX	40800000	40900000	0	0.0	NA
chrX	40900000	41000000	0	0.0	NA
chrX	41000000	41100000	0	0.0	NA
chrX	41100000	41200000	0	0.0	NA
chrX	41200000	41300000	4644	1026.0	0.220930232558
chrX	41300000	41400000	1178	237.0	0.201188455008
chrX	41400000	41500000	0	0.0	NA
chrX	41500000	41600000	0	0.0	NA
chrX	41600000	41700000	0	0.0	NA
chrX	41700000	41800000	5029	1064.0	0.211572877312
chrX	41800000	41900000	48785	10606.0	0.217402890233
chrX	41900000	42000000	41142	9128.0	0.221865733314
chrX	42000000	42100000	38924	8948.0	0.229883876272
chrX	42100000	42200000	1575	350.0	0.222222222222
chrX	42200000	42300000	0	0.0	NA
chrX	42300000	42400000	0	0.0	NA
chrX	42400000	42500000	0	0.0	NA
chrX	42500000	42600000	22055	5117.0	0.232010881886
chrX	42600000	42700000	30311	6774.0	0.223483223912
chrX	42700000	42800000	41053	9249.0	0.225294131976
chrX	42800000	42900000	33242	7464.0	0.224535226521
chrX	42900000	43000000	57416	12912.0	0.224885049464
chrX	43000000	43100000	21577	5196.0	0.240811975715
chrX	43100000	43200000	21346	5118.0	0.23976389019
chrX	43200000	43300000	30096	7251.0	0.240929027113
chrX	43300000	43400000	39182	9564.0	0.244091674749
chrX	43400000	43500000	29090	7121.0	0.244792024751
chrX	43500000	43600000	1610	371.0	0.230434782609
chrX	43600000	43700000	0	0.0	NA
chrX	43700000	43800000	23521	5837.0	0.248161217635
chrX	43800000	43900000	33570	7675.0	0.228626750074
chrX	43900000	44000000	50292	10989.0	0.218503937008
chrX	44000000	44100000	0	0.0	NA
chrX	44100000	44200000	0	0.0	NA
chrX	44200000	44300000	17101	3786.0	0.221390561955
chrX	44300000	44400000	28307	6440.0	0.227505563995
chrX	44400000	44500000	12338	2692.0	0.218187712757
chrX	44500000	44600000	36650	7990.0	0.218008185539
chrX	44600000	44700000	17895	3688.0	0.206091086896
chrX	44700000	44800000	3258	687.0	0.210865561694
chrX	44800000	44900000	0	0.0	NA
chrX	44900000	45000000	7171	1522.0	0.212243759587
chrX	45000000	45100000	0	0.0	NA
chrX	45100000	45200000	0	0.0	NA
chrX	45200000	45300000	28529	6552.0	0.229661046654
chrX	45300000	45400000	15371	3510.0	0.228352091601
chrX	45400000	45500000	0	0.0	NA
chrX	45500000	45600000	31187	6844.0	0.219450412031
chrX	45600000	45700000	36645	8903.0	0.242952653841
chrX	45700000	45800000	22109	4845.0	0.219141526075
chrX	45800000	45900000	42204	8954.0	0.212159984836
chrX	45900000	46000000	2436	550.0	0.225779967159
chrX	46000000	46100000	0	0.0	NA
chrX	46100000	46200000	0	0.0	NA
chrX	46200000	46300000	0	0.0	NA
chrX	46300000	46400000	0	0.0	NA
chrX	46400000	46500000	0	0.0	NA
chrX	46500000	46600000	0	0.0	NA
chrX	46600000	46700000	0	0.0	NA
chrX	46700000	46800000	0	0.0	NA
chrX	46800000	46900000	0	0.0	NA
chrX	46900000	47000000	0	0.0	NA
chrX	47000000	47100000	0	0.0	NA
chrX	47100000	47200000	0	0.0	NA
chrX	47200000	47300000	0	0.0	NA
chrX	47300000	47400000	0	0.0	NA
chrX	47400000	47500000	0	0.0	NA
chrX	47500000	47600000	0	0.0	NA
chrX	47600000	47700000	0	0.0	NA
chrX	47700000	47800000	0	0.0	NA
chrX	47800000	47900000	0	0.0	NA
chrX	47900000	48000000	0	0.0	NA
chrX	48000000	48100000	0	0.0	NA
chrX	48100000	48200000	0	0.0	NA
chrX	48200000	48300000	0	0.0	NA
chrX	48300000	48400000	0	0.0	NA
chrX	48400000	48500000	0	0.0	NA
chrX	48500000	48600000	0	0.0	NA
chrX	48600000	48700000	0	0.0	NA
chrX	48700000	48800000	0	0.0	NA
chrX	48800000	48900000	0	0.0	NA
chrX	48900000	49000000	0	0.0	NA
chrX	49000000	49100000	0	0.0	NA
chrX	49100000	49200000	0	0.0	NA
chrX	49200000	49300000	0	0.0	NA
chrX	49300000	49400000	0	0.0	NA
chrX	49400000	49500000	0	0.0	NA
chrX	49500000	49600000	0	0.0	NA
chrX	49600000	49700000	0	0.0	NA
chrX	49700000	49800000	0	0.0	NA
chrX	49800000	49900000	0	0.0	NA
chrX	49900000	50000000	0	0.0	NA
chrX	50000000	50100000	0	0.0	NA
chrX	50100000	50200000	0	0.0	NA
chrX	50200000	50300000	0	0.0	NA
chrX	50300000	50400000	0	0.0	NA
chrX	50400000	50500000	0	0.0	NA
chrX	50500000	50600000	0	0.0	NA
chrX	50600000	50700000	0	0.0	NA
chrX	50700000	50800000	0	0.0	NA
chrX	50800000	50900000	0	0.0	NA
chrX	50900000	51000000	0	0.0	NA
chrX	51000000	51100000	0	0.0	NA
chrX	51100000	51200000	0	0.0	NA
chrX	51200000	51300000	0	0.0	NA
chrX	51300000	51400000	0	0.0	NA
chrX	51400000	51500000	0	0.0	NA
chrX	51500000	51600000	0	0.0	NA
chrX	51600000	51700000	0	0.0	NA
chrX	51700000	51800000	0	0.0	NA
chrX	51800000	51900000	0	0.0	NA
chrX	51900000	52000000	0	0.0	NA
chrX	52000000	52100000	0	0.0	NA
chrX	52100000	52200000	0	0.0	NA
chrX	52200000	52300000	0	0.0	NA
chrX	52300000	52400000	0	0.0	NA
chrX	52400000	52500000	0	0.0	NA
chrX	52500000	52600000	0	0.0	NA
chrX	52600000	52700000	0	0.0	NA
chrX	52700000	52800000	0	0.0	NA
chrX	52800000	52900000	0	0.0	NA
chrX	52900000	53000000	0	0.0	NA
chrX	53000000	53100000	0	0.0	NA
chrX	53100000	53200000	0	0.0	NA
chrX	53200000	53300000	0	0.0	NA
chrX	53300000	53400000	0	0.0	NA
chrX	53400000	53500000	0	0.0	NA
chrX	53500000	53600000	0	0.0	NA
chrX	53600000	53700000	0	0.0	NA
chrX	53700000	53800000	0	0.0	NA
chrX	53800000	53900000	0	0.0	NA
chrX	53900000	54000000	0	0.0	NA
chrX	54000000	54100000	0	0.0	NA
chrX	54100000	54200000	0	0.0	NA
chrX	54200000	54300000	0	0.0	NA
chrX	54300000	54400000	0	0.0	NA
chrX	54400000	54500000	0	0.0	NA
chrX	54500000	54600000	0	0.0	NA
chrX	54600000	54700000	0	0.0	NA
chrX	54700000	54800000	0	0.0	NA
chrX	54800000	54900000	0	0.0	NA
chrX	54900000	55000000	0	0.0	NA
chrX	55000000	55100000	0	0.0	NA
chrX	55100000	55200000	0	0.0	NA
chrX	55200000	55300000	0	0.0	NA
chrX	55300000	55400000	0	0.0	NA
chrX	55400000	55500000	0	0.0	NA
chrX	55500000	55600000	0	0.0	NA
chrX	55600000	55700000	0	0.0	NA
chrX	55700000	55800000	0	0.0	NA
chrX	55800000	55900000	0	0.0	NA
chrX	55900000	56000000	0	0.0	NA
chrX	56000000	56100000	0	0.0	NA
chrX	56100000	56200000	0	0.0	NA
chrX	56200000	56300000	0	0.0	NA
chrX	56300000	56400000	0	0.0	NA
chrX	56400000	56500000	0	0.0	NA
chrX	56500000	56600000	0	0.0	NA
chrX	56600000	56700000	0	0.0	NA
chrX	56700000	56800000	0	0.0	NA
chrX	56800000	56900000	0	0.0	NA
chrX	56900000	57000000	0	0.0	NA
chrX	57000000	57100000	0	0.0	NA
chrX	57100000	57200000	0	0.0	NA
chrX	57200000	57300000	0	0.0	NA
chrX	57300000	57400000	0	0.0	NA
chrX	57400000	57500000	0	0.0	NA
chrX	57500000	57600000	0	0.0	NA
chrX	57600000	57700000	0	0.0	NA
chrX	57700000	57800000	0	0.0	NA
chrX	57800000	57900000	0	0.0	NA
chrX	57900000	58000000	0	0.0	NA
chrX	58000000	58100000	0	0.0	NA
chrX	58100000	58200000	0	0.0	NA
chrX	58200000	58300000	0	0.0	NA
chrX	58300000	58400000	0	0.0	NA
chrX	58400000	58500000	0	0.0	NA
chrX	58500000	58600000	0	0.0	NA
chrX	58600000	58700000	0	0.0	NA
chrX	58700000	58800000	0	0.0	NA
chrX	58800000	58900000	0	0.0	NA
chrX	58900000	59000000	0	0.0	NA
chrX	59000000	59100000	0	0.0	NA
chrX	59100000	59200000	0	0.0	NA
chrX	59200000	59300000	0	0.0	NA
chrX	59300000	59400000	0	0.0	NA
chrX	59400000	59500000	0	0.0	NA
chrX	59500000	59600000	0	0.0	NA
chrX	59600000	59700000	0	0.0	NA
chrX	59700000	59800000	0	0.0	NA
chrX	59800000	59900000	0	0.0	NA
chrX	59900000	60000000	0	0.0	NA
chrX	60000000	60100000	0	0.0	NA
chrX	60100000	60200000	0	0.0	NA
chrX	60200000	60300000	0	0.0	NA
chrX	60300000	60400000	0	0.0	NA
chrX	60400000	60500000	0	0.0	NA
chrX	60500000	60600000	0	0.0	NA
chrX	60600000	60700000	0	0.0	NA
chrX	60700000	60800000	0	0.0	NA
chrX	60800000	60900000	0	0.0	NA
chrX	60900000	61000000	0	0.0	NA
chrX	61000000	61100000	0	0.0	NA
chrX	61100000	61200000	0	0.0	NA
chrX	61200000	61300000	0	0.0	NA
chrX	61300000	61400000	0	0.0	NA
chrX	61400000	61500000	0	0.0	NA
chrX	61500000	61600000	0	0.0	NA
chrX	61600000	61700000	0	0.0	NA
chrX	61700000	61800000	0	0.0	NA
chrX	61800000	61900000	0	0.0	NA
chrX	61900000	62000000	0	0.0	NA
chrX	62000000	62100000	0	0.0	NA
chrX	62100000	62200000	0	0.0	NA
chrX	62200000	62300000	0	0.0	NA
chrX	62300000	62400000	0	0.0	NA
chrX	62400000	62500000	0	0.0	NA
chrX	62500000	62600000	0	0.0	NA
chrX	62600000	62700000	0	0.0	NA
chrX	62700000	62800000	0	0.0	NA
chrX	62800000	62900000	0	0.0	NA
chrX	62900000	63000000	0	0.0	NA
chrX	63000000	63100000	0	0.0	NA
chrX	63100000	63200000	0	0.0	NA
chrX	63200000	63300000	0	0.0	NA
chrX	63300000	63400000	0	0.0	NA
chrX	63400000	63500000	0	0.0	NA
chrX	63500000	63600000	0	0.0	NA
chrX	63600000	63700000	0	0.0	NA
chrX	63700000	63800000	0	0.0	NA
chrX	63800000	63900000	0	0.0	NA
chrX	63900000	64000000	0	0.0	NA
chrX	64000000	64100000	0	0.0	NA
chrX	64100000	64200000	0	0.0	NA
chrX	64200000	64300000	0	0.0	NA
chrX	64300000	64400000	0	0.0	NA
chrX	64400000	64500000	0	0.0	NA
chrX	64500000	64600000	0	0.0	NA
chrX	64600000	64700000	0	0.0	NA
chrX	64700000	64800000	0	0.0	NA
chrX	64800000	64900000	0	0.0	NA
chrX	64900000	65000000	0	0.0	NA
chrX	65000000	65100000	0	0.0	NA
chrX	65100000	65200000	0	0.0	NA
chrX	65200000	65300000	0	0.0	NA
chrX	65300000	65400000	0	0.0	NA
chrX	65400000	65500000	0	0.0	NA
chrX	65500000	65600000	0	0.0	NA
chrX	65600000	65700000	0	0.0	NA
chrX	65700000	65800000	0	0.0	NA
chrX	65800000	65900000	0	0.0	NA
chrX	65900000	66000000	0	0.0	NA
chrX	66000000	66100000	0	0.0	NA
chrX	66100000	66200000	0	0.0	NA
chrX	66200000	66300000	0	0.0	NA
chrX	66300000	66400000	0	0.0	NA
chrX	66400000	66500000	0	0.0	NA
chrX	66500000	66600000	0	0.0	NA
chrX	66600000	66700000	0	0.0	NA
chrX	66700000	66800000	0	0.0	NA
chrX	66800000	66900000	0	0.0	NA
chrX	66900000	67000000	0	0.0	NA
chrX	67000000	67100000	0	0.0	NA
chrX	67100000	67200000	0	0.0	NA
chrX	67200000	67300000	0	0.0	NA
chrX	67300000	67400000	0	0.0	NA
chrX	67400000	67500000	0	0.0	NA
chrX	67500000	67600000	0	0.0	NA
chrX	67600000	67700000	0	0.0	NA
chrX	67700000	67800000	0	0.0	NA
chrX	67800000	67900000	0	0.0	NA
chrX	67900000	68000000	0	0.0	NA
chrX	68000000	68100000	0	0.0	NA
chrX	68100000	68200000	0	0.0	NA
chrX	68200000	68300000	0	0.0	NA
chrX	68300000	68400000	0	0.0	NA
chrX	68400000	68500000	0	0.0	NA
chrX	68500000	68600000	0	0.0	NA
chrX	68600000	68700000	0	0.0	NA
chrX	68700000	68800000	0	0.0	NA
chrX	68800000	68900000	0	0.0	NA
chrX	68900000	69000000	0	0.0	NA
chrX	69000000	69100000	0	0.0	NA
chrX	69100000	69200000	0	0.0	NA
chrX	69200000	69300000	0	0.0	NA
chrX	69300000	69400000	0	0.0	NA
chrX	69400000	69500000	0	0.0	NA
chrX	69500000	69600000	0	0.0	NA
chrX	69600000	69700000	0	0.0	NA
chrX	69700000	69800000	0	0.0	NA
chrX	69800000	69900000	0	0.0	NA
chrX	69900000	70000000	0	0.0	NA
chrX	70000000	70100000	0	0.0	NA
chrX	70100000	70200000	0	0.0	NA
chrX	70200000	70300000	0	0.0	NA
chrX	70300000	70400000	0	0.0	NA
chrX	70400000	70500000	0	0.0	NA
chrX	70500000	70600000	0	0.0	NA
chrX	70600000	70700000	0	0.0	NA
chrX	70700000	70800000	0	0.0	NA
chrX	70800000	70900000	0	0.0	NA
chrX	70900000	71000000	0	0.0	NA
chrX	71000000	71100000	0	0.0	NA
chrX	71100000	71200000	0	0.0	NA
chrX	71200000	71300000	0	0.0	NA
chrX	71300000	71400000	0	0.0	NA
chrX	71400000	71500000	0	0.0	NA
chrX	71500000	71600000	0	0.0	NA
chrX	71600000	71700000	0	0.0	NA
chrX	71700000	71800000	0	0.0	NA
chrX	71800000	71900000	0	0.0	NA
chrX	71900000	72000000	0	0.0	NA
chrX	72000000	72100000	0	0.0	NA
chrX	72100000	72200000	0	0.0	NA
chrX	72200000	72300000	0	0.0	NA
chrX	72300000	72400000	0	0.0	NA
chrX	72400000	72500000	0	0.0	NA
chrX	72500000	72600000	0	0.0	NA
chrX	72600000	72700000	0	0.0	NA
chrX	72700000	72800000	0	0.0	NA
chrX	72800000	72900000	0	0.0	NA
chrX	72900000	73000000	0	0.0	NA
chrX	73000000	73100000	0	0.0	NA
chrX	73100000	73200000	0	0.0	NA
chrX	73200000	73300000	0	0.0	NA
chrX	73300000	73400000	0	0.0	NA
chrX	73400000	73500000	0	0.0	NA
chrX	73500000	73600000	0	0.0	NA
chrX	73600000	73700000	0	0.0	NA
chrX	73700000	73800000	0	0.0	NA
chrX	73800000	73900000	0	0.0	NA
chrX	73900000	74000000	0	0.0	NA
chrX	74000000	74100000	0	0.0	NA
chrX	74100000	74200000	0	0.0	NA
chrX	74200000	74300000	0	0.0	NA
chrX	74300000	74400000	0	0.0	NA
chrX	74400000	74500000	0	0.0	NA
chrX	74500000	74600000	0	0.0	NA
chrX	74600000	74700000	0	0.0	NA
chrX	74700000	74800000	0	0.0	NA
chrX	74800000	74900000	0	0.0	NA
chrX	74900000	75000000	0	0.0	NA
chrX	75000000	75100000	0	0.0	NA
chrX	75100000	75200000	0	0.0	NA
chrX	75200000	75300000	0	0.0	NA
chrX	75300000	75400000	0	0.0	NA
chrX	75400000	75500000	0	0.0	NA
chrX	75500000	75600000	0	0.0	NA
chrX	75600000	75700000	0	0.0	NA
chrX	75700000	75800000	0	0.0	NA
chrX	75800000	75900000	0	0.0	NA
chrX	75900000	76000000	0	0.0	NA
chrX	76000000	76100000	0	0.0	NA
chrX	76100000	76200000	0	0.0	NA
chrX	76200000	76300000	0	0.0	NA
chrX	76300000	76400000	0	0.0	NA
chrX	76400000	76500000	0	0.0	NA
chrX	76500000	76600000	0	0.0	NA
chrX	76600000	76700000	0	0.0	NA
chrX	76700000	76800000	0	0.0	NA
chrX	76800000	76900000	0	0.0	NA
chrX	76900000	77000000	0	0.0	NA
chrX	77000000	77100000	0	0.0	NA
chrX	77100000	77200000	0	0.0	NA
chrX	77200000	77300000	0	0.0	NA
chrX	77300000	77400000	0	0.0	NA
chrX	77400000	77500000	0	0.0	NA
chrX	77500000	77600000	0	0.0	NA
chrX	77600000	77700000	0	0.0	NA
chrX	77700000	77800000	0	0.0	NA
chrX	77800000	77900000	0	0.0	NA
chrX	77900000	78000000	11337	2783.0	0.245479403722
chrX	78000000	78100000	20795	5334.0	0.2565039673
chrX	78100000	78200000	4635	1313.0	0.283279395901
chrX	78200000	78300000	3065	747.0	0.243719412724
chrX	78300000	78400000	16166	4439.0	0.274588642831
chrX	78400000	78500000	2658	748.0	0.281414597442
chrX	78500000	78600000	15681	4077.0	0.259996173713
chrX	78600000	78700000	7554	2025.0	0.268069896743
chrX	78700000	78800000	0	0.0	NA
chrX	78800000	78900000	0	0.0	NA
chrX	78900000	79000000	0	0.0	NA
chrX	79000000	79100000	0	0.0	NA
chrX	79100000	79200000	0	0.0	NA
chrX	79200000	79300000	0	0.0	NA
chrX	79300000	79400000	0	0.0	NA
chrX	79400000	79500000	384	86.0	0.223958333333
chrX	79500000	79600000	0	0.0	NA
chrX	79600000	79700000	0	0.0	NA
chrX	79700000	79800000	0	0.0	NA
chrX	79800000	79900000	0	0.0	NA
chrX	79900000	80000000	0	0.0	NA
chrX	80000000	80100000	0	0.0	NA
chrX	80100000	80200000	4670	1423.0	0.304710920771
chrX	80200000	80300000	0	0.0	NA
chrX	80300000	80400000	1930	534.0	0.276683937824
chrX	80400000	80500000	0	0.0	NA
chrX	80500000	80600000	2382	644.0	0.270361041142
chrX	80600000	80700000	13568	3459.0	0.254938089623
chrX	80700000	80800000	1929	561.0	0.290824261275
chrX	80800000	80900000	0	0.0	NA
chrX	80900000	81000000	0	0.0	NA
chrX	81000000	81100000	6684	1869.0	0.279622980251
chrX	81100000	81200000	0	0.0	NA
chrX	81200000	81300000	435	112.0	0.257471264368
chrX	81300000	81400000	94	29.0	0.308510638298
chrX	81400000	81500000	6910	1982.0	0.286830680174
chrX	81500000	81600000	1948	533.0	0.273613963039
chrX	81600000	81700000	3049	767.0	0.251557887832
chrX	81700000	81800000	11137	3015.0	0.270719224208
chrX	81800000	81900000	4748	1270.0	0.26748104465
chrX	81900000	82000000	21347	5128.0	0.240221108352
chrX	82000000	82100000	17690	4493.0	0.253985302431
chrX	82100000	82200000	3971	1157.0	0.291362377235
chrX	82200000	82300000	10155	2869.0	0.282520925652
chrX	82300000	82400000	8535	2485.0	0.29115407147
chrX	82400000	82500000	2501	676.0	0.270291883247
chrX	82500000	82600000	13366	3317.0	0.248166990872
chrX	82600000	82700000	11111	3015.0	0.271352713527
chrX	82700000	82800000	16828	4287.0	0.254753981459
chrX	82800000	82900000	6633	1826.0	0.275290215589
chrX	82900000	83000000	0	0.0	NA
chrX	83000000	83100000	2533	769.0	0.303592577971
chrX	83100000	83200000	417	104.0	0.249400479616
chrX	83200000	83300000	3147	823.0	0.261518906895
chrX	83300000	83400000	0	0.0	NA
chrX	83400000	83500000	5750	1367.0	0.237739130435
chrX	83500000	83600000	0	0.0	NA
chrX	83600000	83700000	0	0.0	NA
chrX	83700000	83800000	0	0.0	NA
chrX	83800000	83900000	7896	2056.0	0.260385005066
chrX	83900000	84000000	9538	2338.0	0.245124764101
chrX	84000000	84100000	7340	1650.0	0.224795640327
chrX	84100000	84200000	0	0.0	NA
chrX	84200000	84300000	0	0.0	NA
chrX	84300000	84400000	0	0.0	NA
chrX	84400000	84500000	0	0.0	NA
chrX	84500000	84600000	0	0.0	NA
chrX	84600000	84700000	0	0.0	NA
chrX	84700000	84800000	19264	4729.0	0.245483803987
chrX	84800000	84900000	13098	3306.0	0.25240494732
chrX	84900000	85000000	4457	1126.0	0.252636302446
chrX	85000000	85100000	0	0.0	NA
chrX	85100000	85200000	69	18.0	0.260869565217
chrX	85200000	85300000	0	0.0	NA
chrX	85300000	85400000	15325	3301.0	0.215399673736
chrX	85400000	85500000	0	0.0	NA
chrX	85500000	85600000	0	0.0	NA
chrX	85600000	85700000	0	0.0	NA
chrX	85700000	85800000	0	0.0	NA
chrX	85800000	85900000	0	0.0	NA
chrX	85900000	86000000	0	0.0	NA
chrX	86000000	86100000	1735	417.0	0.240345821326
chrX	86100000	86200000	5105	1338.0	0.262095984329
chrX	86200000	86300000	0	0.0	NA
chrX	86300000	86400000	2049	589.0	0.287457296242
chrX	86400000	86500000	0	0.0	NA
chrX	86500000	86600000	0	0.0	NA
chrX	86600000	86700000	7011	1915.0	0.273142205106
chrX	86700000	86800000	2719	744.0	0.273630011033
chrX	86800000	86900000	0	0.0	NA
chrX	86900000	87000000	0	0.0	NA
chrX	87000000	87100000	0	0.0	NA
chrX	87100000	87200000	0	0.0	NA
chrX	87200000	87300000	0	0.0	NA
chrX	87300000	87400000	0	0.0	NA
chrX	87400000	87500000	0	0.0	NA
chrX	87500000	87600000	0	0.0	NA
chrX	87600000	87700000	6746	1902.0	0.281944856211
chrX	87700000	87800000	0	0.0	NA
chrX	87800000	87900000	0	0.0	NA
chrX	87900000	88000000	0	0.0	NA
chrX	88000000	88100000	0	0.0	NA
chrX	88100000	88200000	0	0.0	NA
chrX	88200000	88300000	0	0.0	NA
chrX	88300000	88400000	0	0.0	NA
chrX	88400000	88500000	0	0.0	NA
chrX	88500000	88600000	0	0.0	NA
chrX	88600000	88700000	0	0.0	NA
chrX	88700000	88800000	0	0.0	NA
chrX	88800000	88900000	0	0.0	NA
chrX	88900000	89000000	0	0.0	NA
chrX	89000000	89100000	0	0.0	NA
chrX	89100000	89200000	0	0.0	NA
chrX	89200000	89300000	0	0.0	NA
chrX	89300000	89400000	0	0.0	NA
chrX	89400000	89500000	479	127.0	0.265135699374
chrX	89500000	89600000	0	0.0	NA
chrX	89600000	89700000	0	0.0	NA
chrX	89700000	89800000	0	0.0	NA
chrX	89800000	89900000	0	0.0	NA
chrX	89900000	90000000	23	6.0	0.260869565217
chrX	90000000	90100000	0	0.0	NA
chrX	90100000	90200000	0	0.0	NA
chrX	90200000	90300000	0	0.0	NA
chrX	90300000	90400000	0	0.0	NA
chrX	90400000	90500000	0	0.0	NA
chrX	90500000	90600000	2461	708.0	0.287687931735
chrX	90600000	90700000	0	0.0	NA
chrX	90700000	90800000	898	252.0	0.280623608018
chrX	90800000	90900000	12	2.0	0.166666666667
chrX	90900000	91000000	280	57.0	0.203571428571
chrX	91000000	91100000	95	23.0	0.242105263158
chrX	91100000	91200000	0	0.0	NA
chrX	91200000	91300000	0	0.0	NA
chrX	91300000	91400000	0	0.0	NA
chrX	91400000	91500000	0	0.0	NA
chrX	91500000	91600000	0	0.0	NA
chrX	91600000	91700000	0	0.0	NA
chrX	91700000	91800000	0	0.0	NA
chrX	91800000	91900000	0	0.0	NA
chrX	91900000	92000000	79	22.0	0.278481012658
chrX	92000000	92100000	0	0.0	NA
chrX	92100000	92200000	0	0.0	NA
chrX	92200000	92300000	0	0.0	NA
chrX	92300000	92400000	0	0.0	NA
chrX	92400000	92500000	0	0.0	NA
chrX	92500000	92600000	0	0.0	NA
chrX	92600000	92700000	0	0.0	NA
chrX	92700000	92800000	0	0.0	NA
chrX	92800000	92900000	1984	512.0	0.258064516129
chrX	92900000	93000000	6160	1467.0	0.238149350649
chrX	93000000	93100000	0	0.0	NA
chrX	93100000	93200000	0	0.0	NA
chrX	93200000	93300000	0	0.0	NA
chrX	93300000	93400000	0	0.0	NA
chrX	93400000	93500000	0	0.0	NA
chrX	93500000	93600000	0	0.0	NA
chrX	93600000	93700000	0	0.0	NA
chrX	93700000	93800000	0	0.0	NA
chrX	93800000	93900000	0	0.0	NA
chrX	93900000	94000000	0	0.0	NA
chrX	94000000	94100000	0	0.0	NA
chrX	94100000	94200000	0	0.0	NA
chrX	94200000	94300000	0	0.0	NA
chrX	94300000	94400000	0	0.0	NA
chrX	94400000	94500000	0	0.0	NA
chrX	94500000	94600000	0	0.0	NA
chrX	94600000	94700000	0	0.0	NA
chrX	94700000	94800000	0	0.0	NA
chrX	94800000	94900000	0	0.0	NA
chrX	94900000	95000000	19368	4404.0	0.227385377943
chrX	95000000	95100000	24940	5797.0	0.232437850842
chrX	95100000	95200000	10618	2422.0	0.228103220946
chrX	95200000	95300000	16926	3860.0	0.228051518374
chrX	95300000	95400000	5463	1327.0	0.24290682775
chrX	95400000	95500000	0	0.0	NA
chrX	95500000	95600000	12890	3124.0	0.242358417378
chrX	95600000	95700000	25249	5356.0	0.212127212959
chrX	95700000	95800000	12947	2772.0	0.214103653356
chrX	95800000	95900000	23323	4837.0	0.20739184496
chrX	95900000	96000000	13099	3051.0	0.2329185434
chrX	96000000	96100000	0	0.0	NA
chrX	96100000	96200000	0	0.0	NA
chrX	96200000	96300000	0	0.0	NA
chrX	96300000	96400000	0	0.0	NA
chrX	96400000	96500000	0	0.0	NA
chrX	96500000	96600000	0	0.0	NA
chrX	96600000	96700000	0	0.0	NA
chrX	96700000	96800000	0	0.0	NA
chrX	96800000	96900000	0	0.0	NA
chrX	96900000	97000000	47643	10451.0	0.219360661587
chrX	97000000	97100000	43631	9728.0	0.222960738924
chrX	97100000	97200000	42547	9059.0	0.212917479493
chrX	97200000	97300000	21261	4864.0	0.228775692583
chrX	97300000	97400000	26858	6286.0	0.234045721945
chrX	97400000	97500000	40320	8813.0	0.218576388889
chrX	97500000	97600000	32835	7270.0	0.221410080707
chrX	97600000	97700000	31550	7314.0	0.231822503962
chrX	97700000	97800000	34201	8117.0	0.237332241747
chrX	97800000	97900000	5184	1280.0	0.246913580247
chrX	97900000	98000000	0	0.0	NA
chrX	98000000	98100000	0	0.0	NA
chrX	98100000	98200000	26239	6357.0	0.242272952475
chrX	98200000	98300000	42615	9968.0	0.233908248269
chrX	98300000	98400000	33489	8014.0	0.239302457523
chrX	98400000	98500000	23644	5735.0	0.242556251057
chrX	98500000	98600000	28566	6802.0	0.238115241896
chrX	98600000	98700000	9446	2647.0	0.280224433623
chrX	98700000	98800000	1762	333.0	0.188989784336
chrX	98800000	98900000	0	0.0	NA
chrX	98900000	99000000	0	0.0	NA
chrX	99000000	99100000	0	0.0	NA
chrX	99100000	99200000	0	0.0	NA
chrX	99200000	99300000	46225	10952.0	0.236928069227
chrX	99300000	99400000	34275	7882.0	0.22996353027
chrX	99400000	99500000	22195	4877.0	0.219734174364
chrX	99500000	99600000	0	0.0	NA
chrX	99600000	99700000	0	0.0	NA
chrX	99700000	99800000	0	0.0	NA
chrX	99800000	99900000	0	0.0	NA
chrX	99900000	100000000	0	0.0	NA
chrX	100000000	100100000	0	0.0	NA
chrX	100100000	100200000	0	0.0	NA
chrX	100200000	100300000	0	0.0	NA
chrX	100300000	100400000	0	0.0	NA
chrX	100400000	100500000	0	0.0	NA
chrX	100500000	100600000	0	0.0	NA
chrX	100600000	100700000	0	0.0	NA
chrX	100700000	100800000	0	0.0	NA
chrX	100800000	100900000	0	0.0	NA
chrX	100900000	101000000	0	0.0	NA
chrX	101000000	101100000	0	0.0	NA
chrX	101100000	101200000	0	0.0	NA
chrX	101200000	101300000	0	0.0	NA
chrX	101300000	101400000	0	0.0	NA
chrX	101400000	101500000	0	0.0	NA
chrX	101500000	101600000	0	0.0	NA
chrX	101600000	101700000	0	0.0	NA
chrX	101700000	101800000	0	0.0	NA
chrX	101800000	101900000	0	0.0	NA
chrX	101900000	102000000	0	0.0	NA
chrX	102000000	102100000	0	0.0	NA
chrX	102100000	102200000	0	0.0	NA
chrX	102200000	102300000	0	0.0	NA
chrX	102300000	102400000	0	0.0	NA
chrX	102400000	102500000	0	0.0	NA
chrX	102500000	102600000	0	0.0	NA
chrX	102600000	102700000	0	0.0	NA
chrX	102700000	102800000	0	0.0	NA
chrX	102800000	102900000	0	0.0	NA
chrX	102900000	103000000	0	0.0	NA
chrX	103000000	103100000	0	0.0	NA
chrX	103100000	103200000	0	0.0	NA
chrX	103200000	103300000	0	0.0	NA
chrX	103300000	103400000	0	0.0	NA
chrX	103400000	103500000	0	0.0	NA
chrX	103500000	103600000	0	0.0	NA
chrX	103600000	103700000	0	0.0	NA
chrX	103700000	103800000	0	0.0	NA
chrX	103800000	103900000	0	0.0	NA
chrX	103900000	104000000	0	0.0	NA
chrX	104000000	104100000	0	0.0	NA
chrX	104100000	104200000	0	0.0	NA
chrX	104200000	104300000	0	0.0	NA
chrX	104300000	104400000	0	0.0	NA
chrX	104400000	104500000	0	0.0	NA
chrX	104500000	104600000	0	0.0	NA
chrX	104600000	104700000	0	0.0	NA
chrX	104700000	104800000	0	0.0	NA
chrX	104800000	104900000	0	0.0	NA
chrX	104900000	105000000	0	0.0	NA
chrX	105000000	105100000	0	0.0	NA
chrX	105100000	105200000	0	0.0	NA
chrX	105200000	105300000	0	0.0	NA
chrX	105300000	105400000	0	0.0	NA
chrX	105400000	105500000	0	0.0	NA
chrX	105500000	105600000	0	0.0	NA
chrX	105600000	105700000	0	0.0	NA
chrX	105700000	105800000	0	0.0	NA
chrX	105800000	105900000	0	0.0	NA
chrX	105900000	106000000	0	0.0	NA
chrX	106000000	106100000	0	0.0	NA
chrX	106100000	106200000	0	0.0	NA
chrX	106200000	106300000	0	0.0	NA
chrX	106300000	106400000	0	0.0	NA
chrX	106400000	106500000	0	0.0	NA
chrX	106500000	106600000	0	0.0	NA
chrX	106600000	106700000	0	0.0	NA
chrX	106700000	106800000	0	0.0	NA
chrX	106800000	106900000	0	0.0	NA
chrX	106900000	107000000	0	0.0	NA
chrX	107000000	107100000	0	0.0	NA
chrX	107100000	107200000	0	0.0	NA
chrX	107200000	107300000	0	0.0	NA
chrX	107300000	107400000	0	0.0	NA
chrX	107400000	107500000	0	0.0	NA
chrX	107500000	107600000	0	0.0	NA
chrX	107600000	107700000	0	0.0	NA
chrX	107700000	107800000	0	0.0	NA
chrX	107800000	107900000	0	0.0	NA
chrX	107900000	108000000	0	0.0	NA
chrX	108000000	108100000	0	0.0	NA
chrX	108100000	108200000	0	0.0	NA
chrX	108200000	108300000	0	0.0	NA
chrX	108300000	108400000	0	0.0	NA
chrX	108400000	108500000	0	0.0	NA
chrX	108500000	108600000	0	0.0	NA
chrX	108600000	108700000	0	0.0	NA
chrX	108700000	108800000	0	0.0	NA
chrX	108800000	108900000	0	0.0	NA
chrX	108900000	109000000	0	0.0	NA
chrX	109000000	109100000	0	0.0	NA
chrX	109100000	109200000	0	0.0	NA
chrX	109200000	109300000	0	0.0	NA
chrX	109300000	109400000	0	0.0	NA
chrX	109400000	109500000	0	0.0	NA
chrX	109500000	109600000	0	0.0	NA
chrX	109600000	109700000	0	0.0	NA
chrX	109700000	109800000	0	0.0	NA
chrX	109800000	109900000	0	0.0	NA
chrX	109900000	110000000	0	0.0	NA
chrX	110000000	110100000	0	0.0	NA
chrX	110100000	110200000	0	0.0	NA
chrX	110200000	110300000	0	0.0	NA
chrX	110300000	110400000	0	0.0	NA
chrX	110400000	110500000	0	0.0	NA
chrX	110500000	110600000	0	0.0	NA
chrX	110600000	110700000	0	0.0	NA
chrX	110700000	110800000	0	0.0	NA
chrX	110800000	110900000	0	0.0	NA
chrX	110900000	111000000	0	0.0	NA
chrX	111000000	111100000	0	0.0	NA
chrX	111100000	111200000	0	0.0	NA
chrX	111200000	111300000	0	0.0	NA
chrX	111300000	111400000	0	0.0	NA
chrX	111400000	111500000	0	0.0	NA
chrX	111500000	111600000	0	0.0	NA
chrX	111600000	111700000	0	0.0	NA
chrX	111700000	111800000	21662	5239.0	0.24185209122
chrX	111800000	111900000	17651	4163.0	0.235850660019
chrX	111900000	112000000	31888	7673.0	0.240623432012
chrX	112000000	112100000	5278	1201.0	0.227548313755
chrX	112100000	112200000	42150	9160.0	0.217319098458
chrX	112200000	112300000	22698	5265.0	0.231958762887
chrX	112300000	112400000	0	0.0	NA
chrX	112400000	112500000	0	0.0	NA
chrX	112500000	112600000	0	0.0	NA
chrX	112600000	112700000	0	0.0	NA
chrX	112700000	112800000	10922	2541.0	0.232649697858
chrX	112800000	112900000	10806	2593.0	0.23995928188
chrX	112900000	113000000	0	0.0	NA
chrX	113000000	113100000	0	0.0	NA
chrX	113100000	113200000	0	0.0	NA
chrX	113200000	113300000	17191	3982.0	0.231632831133
chrX	113300000	113400000	41405	9350.0	0.225818137906
chrX	113400000	113500000	34522	8342.0	0.241643010254
chrX	113500000	113600000	25330	5960.0	0.235294117647
chrX	113600000	113700000	38165	8941.0	0.234272238962
chrX	113700000	113800000	36947	8449.0	0.228678918451
chrX	113800000	113900000	3750	807.0	0.2152
chrX	113900000	114000000	0	0.0	NA
chrX	114000000	114100000	0	0.0	NA
chrX	114100000	114200000	9118	2161.0	0.237003728888
chrX	114200000	114300000	24568	5499.0	0.223827743406
chrX	114300000	114400000	7835	1773.0	0.226292278239
chrX	114400000	114500000	6381	1390.0	0.217834195267
chrX	114500000	114600000	32571	7247.0	0.222498541647
chrX	114600000	114700000	56158	12630.0	0.224901171694
chrX	114700000	114800000	16349	3728.0	0.228026178971
chrX	114800000	114900000	0	0.0	NA
chrX	114900000	115000000	2695	611.0	0.226716141002
chrX	115000000	115100000	1753	486.0	0.277239018825
chrX	115100000	115200000	10981	2337.0	0.212822147345
chrX	115200000	115300000	16671	4005.0	0.24023753824
chrX	115300000	115400000	17955	4258.0	0.237148426622
chrX	115400000	115500000	40864	9937.0	0.24317247455
chrX	115500000	115600000	25168	6069.0	0.241139542276
chrX	115600000	115700000	10908	2720.0	0.24935826916
chrX	115700000	115800000	16653	4106.0	0.246562180988
chrX	115800000	115900000	12937	2935.0	0.226868671253
chrX	115900000	116000000	7345	1826.0	0.248604492852
chrX	116000000	116100000	21995	5531.0	0.251466242328
chrX	116100000	116200000	37592	9934.0	0.264258352841
chrX	116200000	116300000	34600	8650.0	0.25
chrX	116300000	116400000	17869	4183.0	0.234092562538
chrX	116400000	116500000	26005	5780.0	0.222264949048
chrX	116500000	116600000	36829	8659.0	0.235113633278
chrX	116600000	116700000	45760	11201.0	0.244777097902
chrX	116700000	116800000	34902	9214.0	0.263996332588
chrX	116800000	116900000	40779	10315.0	0.252948821697
chrX	116900000	117000000	42385	10766.0	0.254004954583
chrX	117000000	117100000	3282	803.0	0.244667885436
chrX	117100000	117200000	0	0.0	NA
chrX	117200000	117300000	19470	4612.0	0.236877247047
chrX	117300000	117400000	56846	12510.0	0.220068254583
chrX	117400000	117500000	19604	4333.0	0.221026321159
chrX	117500000	117600000	2460	594.0	0.241463414634
chrX	117600000	117700000	3725	912.0	0.244832214765
chrX	117700000	117800000	0	0.0	NA
chrX	117800000	117900000	5708	1394.0	0.244218640505
chrX	117900000	118000000	4422	1082.0	0.244685662596
chrX	118000000	118100000	10138	2316.0	0.228447425528
chrX	118100000	118200000	11324	2894.0	0.255563405157
chrX	118200000	118300000	1726	396.0	0.22943221321
chrX	118300000	118400000	34532	8353.0	0.241891578825
chrX	118400000	118500000	9289	2353.0	0.253310367101
chrX	118500000	118600000	0	0.0	NA
chrX	118600000	118700000	18331	4760.0	0.259669412471
chrX	118700000	118800000	0	0.0	NA
chrX	118800000	118900000	8381	1877.0	0.223958954779
chrX	118900000	119000000	4476	921.0	0.205764075067
chrX	119000000	119100000	0	0.0	NA
chrX	119100000	119200000	12645	3529.0	0.27908264136
chrX	119200000	119300000	0	0.0	NA
chrX	119300000	119400000	4853	1245.0	0.256542344941
chrX	119400000	119500000	7051	1568.0	0.222379804283
chrX	119500000	119600000	4020	932.0	0.23184079602
chrX	119600000	119700000	7689	1808.0	0.235141110678
chrX	119700000	119800000	13113	2755.0	0.210096850454
chrX	119800000	119900000	36119	7865.0	0.217752429469
chrX	119900000	120000000	42201	8795.0	0.208407383711
chrX	120000000	120100000	0	0.0	NA
chrX	120100000	120200000	19208	4246.0	0.221053727613
chrX	120200000	120300000	36967	8639.0	0.233694917088
chrX	120300000	120400000	33589	8595.0	0.255887344071
chrX	120400000	120500000	31122	7992.0	0.256795835743
chrX	120500000	120600000	25747	7285.0	0.282945585894
chrX	120600000	120700000	34403	9952.0	0.289277097928
chrX	120700000	120800000	43117	11930.0	0.276689008976
chrX	120800000	120900000	22909	6285.0	0.274346326771
chrX	120900000	121000000	18417	4936.0	0.268013248629
chrX	121000000	121100000	19693	4875.0	0.247549890824
chrX	121100000	121200000	30220	7326.0	0.242422236929
chrX	121200000	121300000	17519	4369.0	0.249386380501
chrX	121300000	121400000	24863	6013.0	0.241845312311
chrX	121400000	121500000	16247	4004.0	0.24644549763
chrX	121500000	121600000	20314	4957.0	0.244018903219
chrX	121600000	121700000	20228	4573.0	0.226072770417
chrX	121700000	121800000	32529	7176.0	0.220603154109
chrX	121800000	121900000	24408	5624.0	0.230416256965
chrX	121900000	122000000	29093	6586.0	0.226377479119
chrX	122000000	122100000	40350	9062.0	0.22458488228
chrX	122100000	122200000	52481	11472.0	0.218593395705
chrX	122200000	122300000	39427	8166.0	0.207116950313
chrX	122300000	122400000	6648	1408.0	0.211793020457
chrX	122400000	122500000	0	0.0	NA
chrX	122500000	122600000	0	0.0	NA
chrX	122600000	122700000	15332	3414.0	0.222671536655
chrX	122700000	122800000	5244	1127.0	0.214912280702
chrX	122800000	122900000	6229	1338.0	0.214801733826
chrX	122900000	123000000	9379	2070.0	0.220705832178
chrX	123000000	123100000	6644	1344.0	0.202287778447
chrX	123100000	123200000	0	0.0	NA
chrX	123200000	123300000	2293	539.0	0.235063235935
chrX	123300000	123400000	38776	8158.0	0.210387868785
chrX	123400000	123500000	24734	5307.0	0.214562949786
chrX	123500000	123600000	0	0.0	NA
chrX	123600000	123700000	0	0.0	NA
chrX	123700000	123800000	0	0.0	NA
chrX	123800000	123900000	0	0.0	NA
chrX	123900000	124000000	0	0.0	NA
chrX	124000000	124100000	0	0.0	NA
chrX	124100000	124200000	62490	13252.0	0.212065930549
chrX	124200000	124300000	72471	14891.0	0.205475293566
chrX	124300000	124400000	60470	11896.0	0.196725649082
chrX	124400000	124500000	16719	3782.0	0.226209701537
chrX	124500000	124600000	43104	10097.0	0.234247401633
chrX	124600000	124700000	32523	7791.0	0.239553546721
chrX	124700000	124800000	10595	2482.0	0.234261444077
chrX	124800000	124900000	19870	4589.0	0.230951182687
chrX	124900000	125000000	30411	7460.0	0.245305974812
chrX	125000000	125100000	11249	2885.0	0.256467241533
chrX	125100000	125200000	22899	5613.0	0.24511987423
chrX	125200000	125300000	12187	2920.0	0.239599573316
chrX	125300000	125400000	34456	8124.0	0.235778964476
chrX	125400000	125500000	34949	8649.0	0.247474891985
chrX	125500000	125600000	21965	5295.0	0.241065331209
chrX	125600000	125700000	14008	3353.0	0.239363221017
chrX	125700000	125800000	31865	7820.0	0.245410324808
chrX	125800000	125900000	33810	8284.0	0.245016267377
chrX	125900000	126000000	19616	4656.0	0.23735725938
chrX	126000000	126100000	17647	4234.0	0.239927466425
chrX	126100000	126200000	23273	5979.0	0.256907145619
chrX	126200000	126300000	19638	5052.0	0.257256339749
chrX	126300000	126400000	20026	5127.0	0.256017177669
chrX	126400000	126500000	24938	6513.0	0.261167695886
chrX	126500000	126600000	27204	7010.0	0.257682693722
chrX	126600000	126700000	20802	5485.0	0.263676569561
chrX	126700000	126800000	13558	3501.0	0.258223926833
chrX	126800000	126900000	16237	4127.0	0.254172568824
chrX	126900000	127000000	15734	4245.0	0.26979788992
chrX	127000000	127100000	18706	5139.0	0.274724687266
chrX	127100000	127200000	9848	2677.0	0.271831844029
chrX	127200000	127300000	370	122.0	0.32972972973
chrX	127300000	127400000	10216	3044.0	0.297963978074
chrX	127400000	127500000	12259	2948.0	0.240476384697
chrX	127500000	127600000	0	0.0	NA
chrX	127600000	127700000	0	0.0	NA
chrX	127700000	127800000	34099	7623.0	0.22355494296
chrX	127800000	127900000	45470	10093.0	0.22197053002
chrX	127900000	128000000	47798	10722.0	0.224319009164
chrX	128000000	128100000	63859	14221.0	0.222693747162
chrX	128100000	128200000	49409	10922.0	0.221052844623
chrX	128200000	128300000	15269	3213.0	0.210426354051
chrX	128300000	128400000	0	0.0	NA
chrX	128400000	128500000	0	0.0	NA
chrX	128500000	128600000	0	0.0	NA
chrX	128600000	128700000	0	0.0	NA
chrX	128700000	128800000	0	0.0	NA
chrX	128800000	128900000	0	0.0	NA
chrX	128900000	129000000	0	0.0	NA
chrX	129000000	129100000	0	0.0	NA
chrX	129100000	129200000	0	0.0	NA
chrX	129200000	129300000	0	0.0	NA
chrX	129300000	129400000	0	0.0	NA
chrX	129400000	129500000	0	0.0	NA
chrX	129500000	129600000	0	0.0	NA
chrX	129600000	129700000	0	0.0	NA
chrX	129700000	129800000	0	0.0	NA
chrX	129800000	129900000	0	0.0	NA
chrX	129900000	130000000	0	0.0	NA
chrX	130000000	130100000	0	0.0	NA
chrX	130100000	130200000	0	0.0	NA
chrX	130200000	130300000	0	0.0	NA
chrX	130300000	130400000	0	0.0	NA
chrX	130400000	130500000	0	0.0	NA
chrX	130500000	130600000	0	0.0	NA
chrX	130600000	130700000	0	0.0	NA
chrX	130700000	130800000	0	0.0	NA
chrX	130800000	130900000	0	0.0	NA
chrX	130900000	131000000	0	0.0	NA
chrX	131000000	131100000	0	0.0	NA
chrX	131100000	131200000	0	0.0	NA
chrX	131200000	131300000	0	0.0	NA
chrX	131300000	131400000	0	0.0	NA
chrX	131400000	131500000	0	0.0	NA
chrX	131500000	131600000	0	0.0	NA
chrX	131600000	131700000	0	0.0	NA
chrX	131700000	131800000	0	0.0	NA
chrX	131800000	131900000	0	0.0	NA
chrX	131900000	132000000	0	0.0	NA
chrX	132000000	132100000	0	0.0	NA
chrX	132100000	132200000	0	0.0	NA
chrX	132200000	132300000	0	0.0	NA
chrX	132300000	132400000	0	0.0	NA
chrX	132400000	132500000	0	0.0	NA
chrX	132500000	132600000	0	0.0	NA
chrX	132600000	132700000	0	0.0	NA
chrX	132700000	132800000	0	0.0	NA
chrX	132800000	132900000	0	0.0	NA
chrX	132900000	133000000	0	0.0	NA
chrX	133000000	133100000	0	0.0	NA
chrX	133100000	133200000	0	0.0	NA
chrX	133200000	133300000	0	0.0	NA
chrX	133300000	133400000	0	0.0	NA
chrX	133400000	133500000	0	0.0	NA
chrX	133500000	133600000	0	0.0	NA
chrX	133600000	133700000	0	0.0	NA
chrX	133700000	133800000	0	0.0	NA
chrX	133800000	133900000	0	0.0	NA
chrX	133900000	134000000	0	0.0	NA
chrX	134000000	134100000	0	0.0	NA
chrX	134100000	134200000	0	0.0	NA
chrX	134200000	134300000	0	0.0	NA
chrX	134300000	134400000	0	0.0	NA
chrX	134400000	134500000	0	0.0	NA
chrX	134500000	134600000	0	0.0	NA
chrX	134600000	134700000	0	0.0	NA
chrX	134700000	134800000	0	0.0	NA
chrX	134800000	134900000	0	0.0	NA
chrX	134900000	135000000	0	0.0	NA
chrX	135000000	135100000	0	0.0	NA
chrX	135100000	135200000	0	0.0	NA
chrX	135200000	135300000	0	0.0	NA
chrX	135300000	135400000	0	0.0	NA
chrX	135400000	135500000	0	0.0	NA
chrX	135500000	135600000	0	0.0	NA
chrX	135600000	135700000	0	0.0	NA
chrX	135700000	135800000	0	0.0	NA
chrX	135800000	135900000	0	0.0	NA
chrX	135900000	136000000	0	0.0	NA
chrX	136000000	136100000	0	0.0	NA
chrX	136100000	136200000	0	0.0	NA
chrX	136200000	136300000	0	0.0	NA
chrX	136300000	136400000	0	0.0	NA
chrX	136400000	136500000	0	0.0	NA
chrX	136500000	136600000	0	0.0	NA
chrX	136600000	136700000	0	0.0	NA
chrX	136700000	136800000	0	0.0	NA
chrX	136800000	136900000	0	0.0	NA
chrX	136900000	137000000	0	0.0	NA
chrX	137000000	137100000	18264	3947.0	0.216108190977
chrX	137100000	137200000	23138	5758.0	0.2488546979
chrX	137200000	137300000	36987	8487.0	0.229458999108
chrX	137300000	137400000	55315	12869.0	0.23264937178
chrX	137400000	137500000	31722	7520.0	0.237059454007
chrX	137500000	137600000	39045	9457.0	0.242207709054
chrX	137600000	137700000	33897	8020.0	0.236599109066
chrX	137700000	137800000	0	0.0	NA
chrX	137800000	137900000	0	0.0	NA
chrX	137900000	138000000	0	0.0	NA
chrX	138000000	138100000	0	0.0	NA
chrX	138100000	138200000	0	0.0	NA
chrX	138200000	138300000	927	203.0	0.218985976268
chrX	138300000	138400000	45179	10359.0	0.229287943514
chrX	138400000	138500000	20254	4695.0	0.231806063
chrX	138500000	138600000	43093	9748.0	0.226208432924
chrX	138600000	138700000	0	0.0	NA
chrX	138700000	138800000	0	0.0	NA
chrX	138800000	138900000	0	0.0	NA
chrX	138900000	139000000	0	0.0	NA
chrX	139000000	139100000	4951	980.0	0.197939810139
chrX	139100000	139200000	32649	6650.0	0.203681582897
chrX	139200000	139300000	45084	9664.0	0.214355425428
chrX	139300000	139400000	23459	4974.0	0.212029498274
chrX	139400000	139500000	32882	7184.0	0.218478194757
chrX	139500000	139600000	30972	7553.0	0.243865426837
chrX	139600000	139700000	52457	11496.0	0.219150923614
chrX	139700000	139800000	20781	4500.0	0.216543958424
chrX	139800000	139900000	2678	685.0	0.255787901419
chrX	139900000	140000000	39874	9189.0	0.230450920399
chrX	140000000	140100000	0	0.0	NA
chrX	140100000	140200000	0	0.0	NA
chrX	140200000	140300000	16412	3898.0	0.237509139654
chrX	140300000	140400000	7913	1790.0	0.226210034121
chrX	140400000	140500000	0	0.0	NA
chrX	140500000	140600000	0	0.0	NA
chrX	140600000	140700000	0	0.0	NA
chrX	140700000	140800000	11270	2745.0	0.243566992014
chrX	140800000	140900000	44316	10730.0	0.2421247405
chrX	140900000	141000000	3154	838.0	0.265694356373
chrX	141000000	141100000	34562	8686.0	0.251316474741
chrX	141100000	141200000	39579	9805.0	0.247732383335
chrX	141200000	141300000	13774	4165.0	0.302381298098
chrX	141300000	141400000	35796	9049.0	0.252793608224
chrX	141400000	141500000	23420	5831.0	0.248975234842
chrX	141500000	141600000	45995	11777.0	0.256049570606
chrX	141600000	141700000	40094	10077.0	0.251334364244
chrX	141700000	141800000	42883	10728.0	0.250169064664
chrX	141800000	141900000	24625	6601.0	0.268060913706
chrX	141900000	142000000	35068	9076.0	0.258811452036
chrX	142000000	142100000	42031	11279.0	0.268349551521
chrX	142100000	142200000	12418	3350.0	0.269769689161
chrX	142200000	142300000	28320	7568.0	0.267231638418
chrX	142300000	142400000	35444	9194.0	0.259395102133
chrX	142400000	142500000	0	0.0	NA
chrX	142500000	142600000	0	0.0	NA
chrX	142600000	142700000	20973	5167.0	0.246364373242
chrX	142700000	142800000	26552	6212.0	0.233956010847
chrX	142800000	142900000	7306	1816.0	0.248562825075
chrX	142900000	143000000	14783	3662.0	0.247716972198
chrX	143000000	143100000	28119	7106.0	0.252711689605
chrX	143100000	143200000	31405	8081.0	0.257315714058
chrX	143200000	143300000	583	157.0	0.269296740995
chrX	143300000	143400000	30767	8255.0	0.268306952254
chrX	143400000	143500000	20962	5575.0	0.265957446809
chrX	143500000	143600000	20291	5397.0	0.265979991129
chrX	143600000	143700000	34176	8951.0	0.261908941948
chrX	143700000	143800000	40924	10243.0	0.250293226469
chrX	143800000	143900000	20414	5304.0	0.259821690996
chrX	143900000	144000000	19631	4807.0	0.244867811115
chrX	144000000	144100000	19282	4632.0	0.240224043149
chrX	144100000	144200000	31991	7790.0	0.243505986059
chrX	144200000	144300000	44128	10732.0	0.243201595359
chrX	144300000	144400000	10817	2546.0	0.235370250532
chrX	144400000	144500000	27083	6555.0	0.242033748108
chrX	144500000	144600000	32886	7886.0	0.239798090373
chrX	144600000	144700000	33275	8059.0	0.242193839219
chrX	144700000	144800000	38498	9575.0	0.24871421892
chrX	144800000	144900000	23919	6007.0	0.251139261675
chrX	144900000	145000000	31725	7790.0	0.245547675335
chrX	145000000	145100000	4901	1360.0	0.2774943889
chrX	145100000	145200000	28755	7241.0	0.251817075291
chrX	145200000	145300000	49946	13444.0	0.269170704361
chrX	145300000	145400000	28663	7819.0	0.272790705788
chrX	145400000	145500000	42419	10895.0	0.256842452675
chrX	145500000	145600000	18073	4734.0	0.261937697117
chrX	145600000	145700000	30534	7725.0	0.252996659462
chrX	145700000	145800000	33180	8479.0	0.255545509343
chrX	145800000	145900000	24874	6087.0	0.244713355311
chrX	145900000	146000000	34317	8331.0	0.242765976047
chrX	146000000	146100000	18145	4501.0	0.248057316065
chrX	146100000	146200000	31689	7814.0	0.246583988135
chrX	146200000	146300000	4341	1107.0	0.255010366275
chrX	146300000	146400000	6915	1656.0	0.239479392625
chrX	146400000	146500000	43143	10528.0	0.244025682034
chrX	146500000	146600000	36972	8739.0	0.236368062317
chrX	146600000	146700000	51853	12738.0	0.245655989046
chrX	146700000	146800000	43249	10491.0	0.242572082592
chrX	146800000	146900000	62119	14422.0	0.232167291811
chrX	146900000	147000000	14935	3385.0	0.226648811517
chrX	147000000	147100000	3935	983.0	0.249809402795
chrX	147100000	147200000	35539	7851.0	0.22091223726
chrX	147200000	147300000	49484	10344.0	0.20903726457
chrX	147300000	147400000	49332	11463.0	0.232364388227
chrX	147400000	147500000	37436	8826.0	0.235762367774
chrX	147500000	147600000	44670	10634.0	0.238056861428
chrX	147600000	147700000	0	0.0	NA
chrX	147700000	147800000	0	0.0	NA
chrX	147800000	147900000	0	0.0	NA
chrX	147900000	148000000	0	0.0	NA
chrX	148000000	148100000	6522	1705.0	0.261422876418
chrX	148100000	148200000	30316	7289.0	0.240434094208
chrX	148200000	148300000	32229	7050.0	0.218747091129
chrX	148300000	148400000	46218	10696.0	0.231424985936
chrX	148400000	148500000	32391	8125.0	0.250841283072
chrX	148500000	148600000	14114	3544.0	0.251098200368
chrX	148600000	148700000	0	0.0	NA
chrX	148700000	148800000	2662	1077.0	0.404583020285
chrX	148800000	148900000	6370	2283.0	0.358398744113
chrX	148900000	149000000	0	0.0	NA
chrX	149000000	149100000	0	0.0	NA
chrX	149100000	149200000	0	0.0	NA
chrX	149200000	149300000	0	0.0	NA
chrX	149300000	149400000	0	0.0	NA
chrX	149400000	149500000	52392	13806.0	0.263513513514
chrX	149500000	149600000	13974	3787.0	0.271003291828
chrX	149600000	149700000	2057	559.0	0.271754982985
chrX	149700000	149800000	14565	4195.0	0.288019224168
chrX	149800000	149900000	0	0.0	NA
chrX	149900000	150000000	0	0.0	NA
chrX	150000000	150100000	326	84.0	0.257668711656
chrX	150100000	150200000	13882	3613.0	0.260265091485
chrX	150200000	150300000	23127	5472.0	0.236606563757
chrX	150300000	150400000	8404	2133.0	0.253807710614
chrX	150400000	150500000	50474	11267.0	0.223223838016
chrX	150500000	150600000	39408	9593.0	0.24342773041
chrX	150600000	150700000	18066	4014.0	0.222185320492
chrX	150700000	150800000	4631	1154.0	0.249190239689
chrX	150800000	150900000	0	0.0	NA
chrX	150900000	151000000	53004	13228.0	0.249566070485
chrX	151000000	151100000	23057	5686.0	0.246606236718
chrX	151100000	151200000	16784	4084.0	0.243326978074
chrX	151200000	151300000	4564	1156.0	0.25328659071
chrX	151300000	151400000	0	0.0	NA
chrX	151400000	151500000	0	0.0	NA
chrX	151500000	151600000	0	0.0	NA
chrX	151600000	151700000	0	0.0	NA
chrX	151700000	151800000	0	0.0	NA
chrX	151800000	151900000	0	0.0	NA
chrX	151900000	152000000	0	0.0	NA
chrX	152000000	152100000	0	0.0	NA
chrX	152100000	152200000	0	0.0	NA
chrX	152200000	152300000	0	0.0	NA
chrX	152300000	152400000	0	0.0	NA
chrX	152400000	152500000	0	0.0	NA
chrX	152500000	152600000	0	0.0	NA
chrX	152600000	152700000	0	0.0	NA
chrX	152700000	152800000	0	0.0	NA
chrX	152800000	152900000	0	0.0	NA
chrX	152900000	153000000	0	0.0	NA
chrX	153000000	153100000	0	0.0	NA
chrX	153100000	153200000	0	0.0	NA
chrX	153200000	153300000	0	0.0	NA
chrX	153300000	153400000	0	0.0	NA
chrX	153400000	153500000	0	0.0	NA
chrX	153500000	153600000	0	0.0	NA
chrX	153600000	153700000	0	0.0	NA
chrX	153700000	153800000	0	0.0	NA
chrX	153800000	153900000	0	0.0	NA
chrX	153900000	154000000	0	0.0	NA
chrX	154000000	154100000	0	0.0	NA
chrX	154100000	154200000	0	0.0	NA
chrX	154200000	154300000	0	0.0	NA
chrX	154300000	154400000	0	0.0	NA
chrX	154400000	154500000	0	0.0	NA
chrX	154500000	154600000	0	0.0	NA
chrX	154600000	154700000	0	0.0	NA
chrX	154700000	154800000	0	0.0	NA
chrX	154800000	154900000	0	0.0	NA
chrX	154900000	155000000	0	0.0	NA
chrX	155000000	155100000	0	0.0	NA
chrX	155100000	155200000	359	125.0	0.348189415042
chrX	155200000	155270560	0	0.0	NA
