chrX	0	100000	0	0.0	NA
chrX	100000	200000	0	0.0	NA
chrX	200000	300000	0	0.0	NA
chrX	300000	400000	0	0.0	NA
chrX	400000	500000	0	0.0	NA
chrX	500000	600000	0	0.0	NA
chrX	600000	700000	0	0.0	NA
chrX	700000	800000	0	0.0	NA
chrX	800000	900000	0	0.0	NA
chrX	900000	1000000	0	0.0	NA
chrX	1000000	1100000	0	0.0	NA
chrX	1100000	1200000	0	0.0	NA
chrX	1200000	1300000	1409	503.0	0.356990773598
chrX	1300000	1400000	0	0.0	NA
chrX	1400000	1500000	0	0.0	NA
chrX	1500000	1600000	0	0.0	NA
chrX	1600000	1700000	0	0.0	NA
chrX	1700000	1800000	0	0.0	NA
chrX	1800000	1900000	0	0.0	NA
chrX	1900000	2000000	0	0.0	NA
chrX	2000000	2100000	3170	1072.0	0.338170347003
chrX	2100000	2200000	0	0.0	NA
chrX	2200000	2300000	0	0.0	NA
chrX	2300000	2400000	0	0.0	NA
chrX	2400000	2500000	0	0.0	NA
chrX	2500000	2600000	0	0.0	NA
chrX	2600000	2700000	0	0.0	NA
chrX	2700000	2800000	0	0.0	NA
chrX	2800000	2900000	0	0.0	NA
chrX	2900000	3000000	0	0.0	NA
chrX	3000000	3100000	0	0.0	NA
chrX	3100000	3200000	0	0.0	NA
chrX	3200000	3300000	0	0.0	NA
chrX	3300000	3400000	0	0.0	NA
chrX	3400000	3500000	0	0.0	NA
chrX	3500000	3600000	0	0.0	NA
chrX	3600000	3700000	0	0.0	NA
chrX	3700000	3800000	0	0.0	NA
chrX	3800000	3900000	0	0.0	NA
chrX	3900000	4000000	11272	3458.0	0.306777856636
chrX	4000000	4100000	29095	9205.0	0.31637738443
chrX	4100000	4200000	27682	9014.0	0.325626761072
chrX	4200000	4300000	36936	11958.0	0.323749187784
chrX	4300000	4400000	31973	10133.0	0.316923654333
chrX	4400000	4500000	0	0.0	NA
chrX	4500000	4600000	0	0.0	NA
chrX	4600000	4700000	0	0.0	NA
chrX	4700000	4800000	20660	6776.0	0.327976766699
chrX	4800000	4900000	27894	9025.0	0.323546282355
chrX	4900000	5000000	34546	11034.0	0.319400219997
chrX	5000000	5100000	22114	7061.0	0.319299990956
chrX	5100000	5200000	30931	9986.0	0.322847628593
chrX	5200000	5300000	11250	3473.0	0.308711111111
chrX	5300000	5400000	0	0.0	NA
chrX	5400000	5500000	17035	5385.0	0.316113883182
chrX	5500000	5600000	0	0.0	NA
chrX	5600000	5700000	0	0.0	NA
chrX	5700000	5800000	0	0.0	NA
chrX	5800000	5900000	0	0.0	NA
chrX	5900000	6000000	0	0.0	NA
chrX	6000000	6100000	0	0.0	NA
chrX	6100000	6200000	0	0.0	NA
chrX	6200000	6300000	0	0.0	NA
chrX	6300000	6400000	0	0.0	NA
chrX	6400000	6500000	0	0.0	NA
chrX	6500000	6600000	0	0.0	NA
chrX	6600000	6700000	0	0.0	NA
chrX	6700000	6800000	26543	7533.0	0.283803639378
chrX	6800000	6900000	24671	7164.0	0.29038141948
chrX	6900000	7000000	0	0.0	NA
chrX	7000000	7100000	0	0.0	NA
chrX	7100000	7200000	0	0.0	NA
chrX	7200000	7300000	0	0.0	NA
chrX	7300000	7400000	0	0.0	NA
chrX	7400000	7500000	0	0.0	NA
chrX	7500000	7600000	39603	12007.0	0.303184102214
chrX	7600000	7700000	23130	6708.0	0.290012970169
chrX	7700000	7800000	6162	2013.0	0.326679649464
chrX	7800000	7900000	0	0.0	NA
chrX	7900000	8000000	0	0.0	NA
chrX	8000000	8100000	0	0.0	NA
chrX	8100000	8200000	0	0.0	NA
chrX	8200000	8300000	27751	7852.0	0.282944758747
chrX	8300000	8400000	13217	3827.0	0.289551335401
chrX	8400000	8500000	0	0.0	NA
chrX	8500000	8600000	0	0.0	NA
chrX	8600000	8700000	0	0.0	NA
chrX	8700000	8800000	0	0.0	NA
chrX	8800000	8900000	0	0.0	NA
chrX	8900000	9000000	0	0.0	NA
chrX	9000000	9100000	0	0.0	NA
chrX	9100000	9200000	0	0.0	NA
chrX	9200000	9300000	0	0.0	NA
chrX	9300000	9400000	0	0.0	NA
chrX	9400000	9500000	0	0.0	NA
chrX	9500000	9600000	0	0.0	NA
chrX	9600000	9700000	0	0.0	NA
chrX	9700000	9800000	0	0.0	NA
chrX	9800000	9900000	0	0.0	NA
chrX	9900000	10000000	0	0.0	NA
chrX	10000000	10100000	0	0.0	NA
chrX	10100000	10200000	0	0.0	NA
chrX	10200000	10300000	0	0.0	NA
chrX	10300000	10400000	0	0.0	NA
chrX	10400000	10500000	0	0.0	NA
chrX	10500000	10600000	0	0.0	NA
chrX	10600000	10700000	0	0.0	NA
chrX	10700000	10800000	0	0.0	NA
chrX	10800000	10900000	0	0.0	NA
chrX	10900000	11000000	0	0.0	NA
chrX	11000000	11100000	0	0.0	NA
chrX	11100000	11200000	0	0.0	NA
chrX	11200000	11300000	0	0.0	NA
chrX	11300000	11400000	0	0.0	NA
chrX	11400000	11500000	0	0.0	NA
chrX	11500000	11600000	0	0.0	NA
chrX	11600000	11700000	0	0.0	NA
chrX	11700000	11800000	0	0.0	NA
chrX	11800000	11900000	4754	908.0	0.190997055111
chrX	11900000	12000000	38620	8449.0	0.218772656655
chrX	12000000	12100000	0	0.0	NA
chrX	12100000	12200000	0	0.0	NA
chrX	12200000	12300000	0	0.0	NA
chrX	12300000	12400000	0	0.0	NA
chrX	12400000	12500000	0	0.0	NA
chrX	12500000	12600000	0	0.0	NA
chrX	12600000	12700000	0	0.0	NA
chrX	12700000	12800000	0	0.0	NA
chrX	12800000	12900000	0	0.0	NA
chrX	12900000	13000000	0	0.0	NA
chrX	13000000	13100000	0	0.0	NA
chrX	13100000	13200000	0	0.0	NA
chrX	13200000	13300000	0	0.0	NA
chrX	13300000	13400000	0	0.0	NA
chrX	13400000	13500000	0	0.0	NA
chrX	13500000	13600000	0	0.0	NA
chrX	13600000	13700000	0	0.0	NA
chrX	13700000	13800000	0	0.0	NA
chrX	13800000	13900000	0	0.0	NA
chrX	13900000	14000000	0	0.0	NA
chrX	14000000	14100000	0	0.0	NA
chrX	14100000	14200000	0	0.0	NA
chrX	14200000	14300000	0	0.0	NA
chrX	14300000	14400000	14521	3129.0	0.215481027477
chrX	14400000	14500000	29221	6438.0	0.220321002019
chrX	14500000	14600000	0	0.0	NA
chrX	14600000	14700000	0	0.0	NA
chrX	14700000	14800000	0	0.0	NA
chrX	14800000	14900000	0	0.0	NA
chrX	14900000	15000000	0	0.0	NA
chrX	15000000	15100000	32212	7270.0	0.225692288588
chrX	15100000	15200000	27122	6240.0	0.230071528648
chrX	15200000	15300000	0	0.0	NA
chrX	15300000	15400000	0	0.0	NA
chrX	15400000	15500000	0	0.0	NA
chrX	15500000	15600000	0	0.0	NA
chrX	15600000	15700000	0	0.0	NA
chrX	15700000	15800000	0	0.0	NA
chrX	15800000	15900000	0	0.0	NA
chrX	15900000	16000000	0	0.0	NA
chrX	16000000	16100000	5141	1029.0	0.200155611749
chrX	16100000	16200000	0	0.0	NA
chrX	16200000	16300000	0	0.0	NA
chrX	16300000	16400000	0	0.0	NA
chrX	16400000	16500000	0	0.0	NA
chrX	16500000	16600000	0	0.0	NA
chrX	16600000	16700000	0	0.0	NA
chrX	16700000	16800000	0	0.0	NA
chrX	16800000	16900000	0	0.0	NA
chrX	16900000	17000000	0	0.0	NA
chrX	17000000	17100000	0	0.0	NA
chrX	17100000	17200000	0	0.0	NA
chrX	17200000	17300000	428	97.0	0.226635514019
chrX	17300000	17400000	0	0.0	NA
chrX	17400000	17500000	0	0.0	NA
chrX	17500000	17600000	0	0.0	NA
chrX	17600000	17700000	0	0.0	NA
chrX	17700000	17800000	0	0.0	NA
chrX	17800000	17900000	0	0.0	NA
chrX	17900000	18000000	0	0.0	NA
chrX	18000000	18100000	0	0.0	NA
chrX	18100000	18200000	0	0.0	NA
chrX	18200000	18300000	0	0.0	NA
chrX	18300000	18400000	0	0.0	NA
chrX	18400000	18500000	0	0.0	NA
chrX	18500000	18600000	0	0.0	NA
chrX	18600000	18700000	0	0.0	NA
chrX	18700000	18800000	0	0.0	NA
chrX	18800000	18900000	0	0.0	NA
chrX	18900000	19000000	0	0.0	NA
chrX	19000000	19100000	0	0.0	NA
chrX	19100000	19200000	0	0.0	NA
chrX	19200000	19300000	10053	2401.0	0.238834178852
chrX	19300000	19400000	0	0.0	NA
chrX	19400000	19500000	0	0.0	NA
chrX	19500000	19600000	0	0.0	NA
chrX	19600000	19700000	0	0.0	NA
chrX	19700000	19800000	0	0.0	NA
chrX	19800000	19900000	0	0.0	NA
chrX	19900000	20000000	0	0.0	NA
chrX	20000000	20100000	0	0.0	NA
chrX	20100000	20200000	0	0.0	NA
chrX	20200000	20300000	0	0.0	NA
chrX	20300000	20400000	0	0.0	NA
chrX	20400000	20500000	0	0.0	NA
chrX	20500000	20600000	0	0.0	NA
chrX	20600000	20700000	53373	11196.0	0.209768984318
chrX	20700000	20800000	0	0.0	NA
chrX	20800000	20900000	0	0.0	NA
chrX	20900000	21000000	0	0.0	NA
chrX	21000000	21100000	0	0.0	NA
chrX	21100000	21200000	0	0.0	NA
chrX	21200000	21300000	0	0.0	NA
chrX	21300000	21400000	0	0.0	NA
chrX	21400000	21500000	0	0.0	NA
chrX	21500000	21600000	0	0.0	NA
chrX	21600000	21700000	0	0.0	NA
chrX	21700000	21800000	0	0.0	NA
chrX	21800000	21900000	0	0.0	NA
chrX	21900000	22000000	0	0.0	NA
chrX	22000000	22100000	0	0.0	NA
chrX	22100000	22200000	0	0.0	NA
chrX	22200000	22300000	0	0.0	NA
chrX	22300000	22400000	0	0.0	NA
chrX	22400000	22500000	0	0.0	NA
chrX	22500000	22600000	0	0.0	NA
chrX	22600000	22700000	0	0.0	NA
chrX	22700000	22800000	0	0.0	NA
chrX	22800000	22900000	0	0.0	NA
chrX	22900000	23000000	0	0.0	NA
chrX	23000000	23100000	0	0.0	NA
chrX	23100000	23200000	0	0.0	NA
chrX	23200000	23300000	0	0.0	NA
chrX	23300000	23400000	0	0.0	NA
chrX	23400000	23500000	0	0.0	NA
chrX	23500000	23600000	0	0.0	NA
chrX	23600000	23700000	0	0.0	NA
chrX	23700000	23800000	0	0.0	NA
chrX	23800000	23900000	0	0.0	NA
chrX	23900000	24000000	0	0.0	NA
chrX	24000000	24100000	0	0.0	NA
chrX	24100000	24200000	0	0.0	NA
chrX	24200000	24300000	0	0.0	NA
chrX	24300000	24400000	0	0.0	NA
chrX	24400000	24500000	0	0.0	NA
chrX	24500000	24600000	0	0.0	NA
chrX	24600000	24700000	0	0.0	NA
chrX	24700000	24800000	0	0.0	NA
chrX	24800000	24900000	0	0.0	NA
chrX	24900000	25000000	0	0.0	NA
chrX	25000000	25100000	0	0.0	NA
chrX	25100000	25200000	0	0.0	NA
chrX	25200000	25300000	0	0.0	NA
chrX	25300000	25400000	23662	5506.0	0.232693770603
chrX	25400000	25500000	55287	11761.0	0.212726319026
chrX	25500000	25600000	62200	14460.0	0.232475884244
chrX	25600000	25700000	48703	11355.0	0.233147855368
chrX	25700000	25800000	51155	12162.0	0.237748020721
chrX	25800000	25900000	0	0.0	NA
chrX	25900000	26000000	0	0.0	NA
chrX	26000000	26100000	18508	4429.0	0.239301923493
chrX	26100000	26200000	0	0.0	NA
chrX	26200000	26300000	0	0.0	NA
chrX	26300000	26400000	27970	7045.0	0.251877011083
chrX	26400000	26500000	44272	10884.0	0.245843874232
chrX	26500000	26600000	0	0.0	NA
chrX	26600000	26700000	6880	1492.0	0.216860465116
chrX	26700000	26800000	4692	1046.0	0.222932651321
chrX	26800000	26900000	0	0.0	NA
chrX	26900000	27000000	24093	5386.0	0.223550408832
chrX	27000000	27100000	0	0.0	NA
chrX	27100000	27200000	0	0.0	NA
chrX	27200000	27300000	0	0.0	NA
chrX	27300000	27400000	0	0.0	NA
chrX	27400000	27500000	0	0.0	NA
chrX	27500000	27600000	0	0.0	NA
chrX	27600000	27700000	0	0.0	NA
chrX	27700000	27800000	0	0.0	NA
chrX	27800000	27900000	0	0.0	NA
chrX	27900000	28000000	0	0.0	NA
chrX	28000000	28100000	0	0.0	NA
chrX	28100000	28200000	40335	9108.0	0.225808850874
chrX	28200000	28300000	46877	10833.0	0.231094139983
chrX	28300000	28400000	0	0.0	NA
chrX	28400000	28500000	0	0.0	NA
chrX	28500000	28600000	0	0.0	NA
chrX	28600000	28700000	0	0.0	NA
chrX	28700000	28800000	0	0.0	NA
chrX	28800000	28900000	0	0.0	NA
chrX	28900000	29000000	0	0.0	NA
chrX	29000000	29100000	0	0.0	NA
chrX	29100000	29200000	0	0.0	NA
chrX	29200000	29300000	0	0.0	NA
chrX	29300000	29400000	0	0.0	NA
chrX	29400000	29500000	0	0.0	NA
chrX	29500000	29600000	0	0.0	NA
chrX	29600000	29700000	0	0.0	NA
chrX	29700000	29800000	0	0.0	NA
chrX	29800000	29900000	0	0.0	NA
chrX	29900000	30000000	0	0.0	NA
chrX	30000000	30100000	10190	2383.0	0.233856722277
chrX	30100000	30200000	4181	989.0	0.236546280794
chrX	30200000	30300000	0	0.0	NA
chrX	30300000	30400000	0	0.0	NA
chrX	30400000	30500000	23606	5526.0	0.234093027196
chrX	30500000	30600000	0	0.0	NA
chrX	30600000	30700000	0	0.0	NA
chrX	30700000	30800000	0	0.0	NA
chrX	30800000	30900000	0	0.0	NA
chrX	30900000	31000000	0	0.0	NA
chrX	31000000	31100000	0	0.0	NA
chrX	31100000	31200000	0	0.0	NA
chrX	31200000	31300000	0	0.0	NA
chrX	31300000	31400000	0	0.0	NA
chrX	31400000	31500000	0	0.0	NA
chrX	31500000	31600000	0	0.0	NA
chrX	31600000	31700000	0	0.0	NA
chrX	31700000	31800000	0	0.0	NA
chrX	31800000	31900000	0	0.0	NA
chrX	31900000	32000000	0	0.0	NA
chrX	32000000	32100000	0	0.0	NA
chrX	32100000	32200000	0	0.0	NA
chrX	32200000	32300000	0	0.0	NA
chrX	32300000	32400000	0	0.0	NA
chrX	32400000	32500000	0	0.0	NA
chrX	32500000	32600000	0	0.0	NA
chrX	32600000	32700000	0	0.0	NA
chrX	32700000	32800000	0	0.0	NA
chrX	32800000	32900000	0	0.0	NA
chrX	32900000	33000000	0	0.0	NA
chrX	33000000	33100000	0	0.0	NA
chrX	33100000	33200000	0	0.0	NA
chrX	33200000	33300000	0	0.0	NA
chrX	33300000	33400000	0	0.0	NA
chrX	33400000	33500000	6517	1886.0	0.289396961792
chrX	33500000	33600000	23003	6320.0	0.27474677216
chrX	33600000	33700000	24260	6409.0	0.264179719703
chrX	33700000	33800000	0	0.0	NA
chrX	33800000	33900000	0	0.0	NA
chrX	33900000	34000000	0	0.0	NA
chrX	34000000	34100000	0	0.0	NA
chrX	34100000	34200000	0	0.0	NA
chrX	34200000	34300000	0	0.0	NA
chrX	34300000	34400000	0	0.0	NA
chrX	34400000	34500000	0	0.0	NA
chrX	34500000	34600000	7517	1859.0	0.247306106159
chrX	34600000	34700000	0	0.0	NA
chrX	34700000	34800000	14586	3302.0	0.226381461676
chrX	34800000	34900000	17345	4180.0	0.240991640242
chrX	34900000	35000000	0	0.0	NA
chrX	35000000	35100000	0	0.0	NA
chrX	35100000	35200000	14413	3589.0	0.249011309235
chrX	35200000	35300000	36189	9259.0	0.255851225511
chrX	35300000	35400000	34298	8824.0	0.257274476646
chrX	35400000	35500000	32594	8265.0	0.253574277474
chrX	35500000	35600000	2978	744.0	0.249832102082
chrX	35600000	35700000	0	0.0	NA
chrX	35700000	35800000	2250	531.0	0.236
chrX	35800000	35900000	0	0.0	NA
chrX	35900000	36000000	0	0.0	NA
chrX	36000000	36100000	0	0.0	NA
chrX	36100000	36200000	0	0.0	NA
chrX	36200000	36300000	0	0.0	NA
chrX	36300000	36400000	0	0.0	NA
chrX	36400000	36500000	0	0.0	NA
chrX	36500000	36600000	0	0.0	NA
chrX	36600000	36700000	2290	621.0	0.271179039301
chrX	36700000	36800000	46815	18646.0	0.398291146
chrX	36800000	36900000	32606	8709.0	0.267098080108
chrX	36900000	37000000	9002	2219.0	0.246500777605
chrX	37000000	37100000	0	0.0	NA
chrX	37100000	37200000	0	0.0	NA
chrX	37200000	37300000	0	0.0	NA
chrX	37300000	37400000	0	0.0	NA
chrX	37400000	37500000	0	0.0	NA
chrX	37500000	37600000	0	0.0	NA
chrX	37600000	37700000	0	0.0	NA
chrX	37700000	37800000	0	0.0	NA
chrX	37800000	37900000	0	0.0	NA
chrX	37900000	38000000	0	0.0	NA
chrX	38000000	38100000	0	0.0	NA
chrX	38100000	38200000	0	0.0	NA
chrX	38200000	38300000	0	0.0	NA
chrX	38300000	38400000	0	0.0	NA
chrX	38400000	38500000	0	0.0	NA
chrX	38500000	38600000	0	0.0	NA
chrX	38600000	38700000	0	0.0	NA
chrX	38700000	38800000	24732	6054.0	0.244784085395
chrX	38800000	38900000	26258	6112.0	0.232767156676
chrX	38900000	39000000	0	0.0	NA
chrX	39000000	39100000	0	0.0	NA
chrX	39100000	39200000	0	0.0	NA
chrX	39200000	39300000	0	0.0	NA
chrX	39300000	39400000	4445	1126.0	0.253318335208
chrX	39400000	39500000	9896	2594.0	0.26212611156
chrX	39500000	39600000	0	0.0	NA
chrX	39600000	39700000	0	0.0	NA
chrX	39700000	39800000	0	0.0	NA
chrX	39800000	39900000	0	0.0	NA
chrX	39900000	40000000	0	0.0	NA
chrX	40000000	40100000	0	0.0	NA
chrX	40100000	40200000	0	0.0	NA
chrX	40200000	40300000	0	0.0	NA
chrX	40300000	40400000	0	0.0	NA
chrX	40400000	40500000	0	0.0	NA
chrX	40500000	40600000	0	0.0	NA
chrX	40600000	40700000	0	0.0	NA
chrX	40700000	40800000	0	0.0	NA
chrX	40800000	40900000	7240	1947.0	0.268922651934
chrX	40900000	41000000	0	0.0	NA
chrX	41000000	41100000	0	0.0	NA
chrX	41100000	41200000	0	0.0	NA
chrX	41200000	41300000	0	0.0	NA
chrX	41300000	41400000	0	0.0	NA
chrX	41400000	41500000	0	0.0	NA
chrX	41500000	41600000	0	0.0	NA
chrX	41600000	41700000	0	0.0	NA
chrX	41700000	41800000	0	0.0	NA
chrX	41800000	41900000	0	0.0	NA
chrX	41900000	42000000	0	0.0	NA
chrX	42000000	42100000	0	0.0	NA
chrX	42100000	42200000	0	0.0	NA
chrX	42200000	42300000	0	0.0	NA
chrX	42300000	42400000	0	0.0	NA
chrX	42400000	42500000	0	0.0	NA
chrX	42500000	42600000	0	0.0	NA
chrX	42600000	42700000	0	0.0	NA
chrX	42700000	42800000	0	0.0	NA
chrX	42800000	42900000	25567	5686.0	0.222396057418
chrX	42900000	43000000	13325	2874.0	0.215684803002
chrX	43000000	43100000	0	0.0	NA
chrX	43100000	43200000	0	0.0	NA
chrX	43200000	43300000	20520	4956.0	0.241520467836
chrX	43300000	43400000	39182	9564.0	0.244091674749
chrX	43400000	43500000	6309	1533.0	0.242986210176
chrX	43500000	43600000	0	0.0	NA
chrX	43600000	43700000	0	0.0	NA
chrX	43700000	43800000	0	0.0	NA
chrX	43800000	43900000	0	0.0	NA
chrX	43900000	44000000	0	0.0	NA
chrX	44000000	44100000	0	0.0	NA
chrX	44100000	44200000	0	0.0	NA
chrX	44200000	44300000	0	0.0	NA
chrX	44300000	44400000	0	0.0	NA
chrX	44400000	44500000	0	0.0	NA
chrX	44500000	44600000	0	0.0	NA
chrX	44600000	44700000	0	0.0	NA
chrX	44700000	44800000	0	0.0	NA
chrX	44800000	44900000	0	0.0	NA
chrX	44900000	45000000	0	0.0	NA
chrX	45000000	45100000	0	0.0	NA
chrX	45100000	45200000	0	0.0	NA
chrX	45200000	45300000	0	0.0	NA
chrX	45300000	45400000	0	0.0	NA
chrX	45400000	45500000	0	0.0	NA
chrX	45500000	45600000	0	0.0	NA
chrX	45600000	45700000	0	0.0	NA
chrX	45700000	45800000	0	0.0	NA
chrX	45800000	45900000	12136	2547.0	0.209871456823
chrX	45900000	46000000	22277	5159.0	0.231584145082
chrX	46000000	46100000	36230	7820.0	0.215843223848
chrX	46100000	46200000	0	0.0	NA
chrX	46200000	46300000	0	0.0	NA
chrX	46300000	46400000	0	0.0	NA
chrX	46400000	46500000	0	0.0	NA
chrX	46500000	46600000	0	0.0	NA
chrX	46600000	46700000	0	0.0	NA
chrX	46700000	46800000	0	0.0	NA
chrX	46800000	46900000	0	0.0	NA
chrX	46900000	47000000	0	0.0	NA
chrX	47000000	47100000	0	0.0	NA
chrX	47100000	47200000	0	0.0	NA
chrX	47200000	47300000	0	0.0	NA
chrX	47300000	47400000	0	0.0	NA
chrX	47400000	47500000	0	0.0	NA
chrX	47500000	47600000	0	0.0	NA
chrX	47600000	47700000	0	0.0	NA
chrX	47700000	47800000	0	0.0	NA
chrX	47800000	47900000	0	0.0	NA
chrX	47900000	48000000	0	0.0	NA
chrX	48000000	48100000	0	0.0	NA
chrX	48100000	48200000	0	0.0	NA
chrX	48200000	48300000	0	0.0	NA
chrX	48300000	48400000	0	0.0	NA
chrX	48400000	48500000	0	0.0	NA
chrX	48500000	48600000	0	0.0	NA
chrX	48600000	48700000	0	0.0	NA
chrX	48700000	48800000	0	0.0	NA
chrX	48800000	48900000	0	0.0	NA
chrX	48900000	49000000	0	0.0	NA
chrX	49000000	49100000	0	0.0	NA
chrX	49100000	49200000	0	0.0	NA
chrX	49200000	49300000	0	0.0	NA
chrX	49300000	49400000	0	0.0	NA
chrX	49400000	49500000	0	0.0	NA
chrX	49500000	49600000	0	0.0	NA
chrX	49600000	49700000	0	0.0	NA
chrX	49700000	49800000	0	0.0	NA
chrX	49800000	49900000	0	0.0	NA
chrX	49900000	50000000	0	0.0	NA
chrX	50000000	50100000	0	0.0	NA
chrX	50100000	50200000	0	0.0	NA
chrX	50200000	50300000	0	0.0	NA
chrX	50300000	50400000	0	0.0	NA
chrX	50400000	50500000	0	0.0	NA
chrX	50500000	50600000	0	0.0	NA
chrX	50600000	50700000	0	0.0	NA
chrX	50700000	50800000	0	0.0	NA
chrX	50800000	50900000	0	0.0	NA
chrX	50900000	51000000	0	0.0	NA
chrX	51000000	51100000	0	0.0	NA
chrX	51100000	51200000	0	0.0	NA
chrX	51200000	51300000	0	0.0	NA
chrX	51300000	51400000	0	0.0	NA
chrX	51400000	51500000	0	0.0	NA
chrX	51500000	51600000	0	0.0	NA
chrX	51600000	51700000	0	0.0	NA
chrX	51700000	51800000	0	0.0	NA
chrX	51800000	51900000	0	0.0	NA
chrX	51900000	52000000	0	0.0	NA
chrX	52000000	52100000	0	0.0	NA
chrX	52100000	52200000	0	0.0	NA
chrX	52200000	52300000	0	0.0	NA
chrX	52300000	52400000	0	0.0	NA
chrX	52400000	52500000	0	0.0	NA
chrX	52500000	52600000	0	0.0	NA
chrX	52600000	52700000	0	0.0	NA
chrX	52700000	52800000	0	0.0	NA
chrX	52800000	52900000	0	0.0	NA
chrX	52900000	53000000	0	0.0	NA
chrX	53000000	53100000	0	0.0	NA
chrX	53100000	53200000	0	0.0	NA
chrX	53200000	53300000	0	0.0	NA
chrX	53300000	53400000	0	0.0	NA
chrX	53400000	53500000	0	0.0	NA
chrX	53500000	53600000	0	0.0	NA
chrX	53600000	53700000	0	0.0	NA
chrX	53700000	53800000	0	0.0	NA
chrX	53800000	53900000	2583	577.0	0.223383662408
chrX	53900000	54000000	0	0.0	NA
chrX	54000000	54100000	0	0.0	NA
chrX	54100000	54200000	0	0.0	NA
chrX	54200000	54300000	0	0.0	NA
chrX	54300000	54400000	0	0.0	NA
chrX	54400000	54500000	0	0.0	NA
chrX	54500000	54600000	0	0.0	NA
chrX	54600000	54700000	0	0.0	NA
chrX	54700000	54800000	0	0.0	NA
chrX	54800000	54900000	0	0.0	NA
chrX	54900000	55000000	0	0.0	NA
chrX	55000000	55100000	0	0.0	NA
chrX	55100000	55200000	0	0.0	NA
chrX	55200000	55300000	0	0.0	NA
chrX	55300000	55400000	0	0.0	NA
chrX	55400000	55500000	0	0.0	NA
chrX	55500000	55600000	0	0.0	NA
chrX	55600000	55700000	0	0.0	NA
chrX	55700000	55800000	0	0.0	NA
chrX	55800000	55900000	0	0.0	NA
chrX	55900000	56000000	0	0.0	NA
chrX	56000000	56100000	0	0.0	NA
chrX	56100000	56200000	0	0.0	NA
chrX	56200000	56300000	0	0.0	NA
chrX	56300000	56400000	0	0.0	NA
chrX	56400000	56500000	0	0.0	NA
chrX	56500000	56600000	0	0.0	NA
chrX	56600000	56700000	0	0.0	NA
chrX	56700000	56800000	0	0.0	NA
chrX	56800000	56900000	0	0.0	NA
chrX	56900000	57000000	0	0.0	NA
chrX	57000000	57100000	0	0.0	NA
chrX	57100000	57200000	0	0.0	NA
chrX	57200000	57300000	0	0.0	NA
chrX	57300000	57400000	0	0.0	NA
chrX	57400000	57500000	0	0.0	NA
chrX	57500000	57600000	0	0.0	NA
chrX	57600000	57700000	0	0.0	NA
chrX	57700000	57800000	0	0.0	NA
chrX	57800000	57900000	1715	435.0	0.253644314869
chrX	57900000	58000000	0	0.0	NA
chrX	58000000	58100000	0	0.0	NA
chrX	58100000	58200000	0	0.0	NA
chrX	58200000	58300000	0	0.0	NA
chrX	58300000	58400000	0	0.0	NA
chrX	58400000	58500000	0	0.0	NA
chrX	58500000	58600000	0	0.0	NA
chrX	58600000	58700000	0	0.0	NA
chrX	58700000	58800000	0	0.0	NA
chrX	58800000	58900000	0	0.0	NA
chrX	58900000	59000000	0	0.0	NA
chrX	59000000	59100000	0	0.0	NA
chrX	59100000	59200000	0	0.0	NA
chrX	59200000	59300000	0	0.0	NA
chrX	59300000	59400000	0	0.0	NA
chrX	59400000	59500000	0	0.0	NA
chrX	59500000	59600000	0	0.0	NA
chrX	59600000	59700000	0	0.0	NA
chrX	59700000	59800000	0	0.0	NA
chrX	59800000	59900000	0	0.0	NA
chrX	59900000	60000000	0	0.0	NA
chrX	60000000	60100000	0	0.0	NA
chrX	60100000	60200000	0	0.0	NA
chrX	60200000	60300000	0	0.0	NA
chrX	60300000	60400000	0	0.0	NA
chrX	60400000	60500000	0	0.0	NA
chrX	60500000	60600000	0	0.0	NA
chrX	60600000	60700000	0	0.0	NA
chrX	60700000	60800000	0	0.0	NA
chrX	60800000	60900000	0	0.0	NA
chrX	60900000	61000000	0	0.0	NA
chrX	61000000	61100000	0	0.0	NA
chrX	61100000	61200000	0	0.0	NA
chrX	61200000	61300000	0	0.0	NA
chrX	61300000	61400000	0	0.0	NA
chrX	61400000	61500000	0	0.0	NA
chrX	61500000	61600000	0	0.0	NA
chrX	61600000	61700000	0	0.0	NA
chrX	61700000	61800000	0	0.0	NA
chrX	61800000	61900000	0	0.0	NA
chrX	61900000	62000000	0	0.0	NA
chrX	62000000	62100000	10270	2722.0	0.265043816943
chrX	62100000	62200000	0	0.0	NA
chrX	62200000	62300000	0	0.0	NA
chrX	62300000	62400000	0	0.0	NA
chrX	62400000	62500000	0	0.0	NA
chrX	62500000	62600000	0	0.0	NA
chrX	62600000	62700000	0	0.0	NA
chrX	62700000	62800000	0	0.0	NA
chrX	62800000	62900000	0	0.0	NA
chrX	62900000	63000000	0	0.0	NA
chrX	63000000	63100000	0	0.0	NA
chrX	63100000	63200000	8583	2275.0	0.265058837236
chrX	63200000	63300000	0	0.0	NA
chrX	63300000	63400000	0	0.0	NA
chrX	63400000	63500000	0	0.0	NA
chrX	63500000	63600000	0	0.0	NA
chrX	63600000	63700000	0	0.0	NA
chrX	63700000	63800000	0	0.0	NA
chrX	63800000	63900000	0	0.0	NA
chrX	63900000	64000000	0	0.0	NA
chrX	64000000	64100000	0	0.0	NA
chrX	64100000	64200000	0	0.0	NA
chrX	64200000	64300000	0	0.0	NA
chrX	64300000	64400000	0	0.0	NA
chrX	64400000	64500000	0	0.0	NA
chrX	64500000	64600000	6189	1562.0	0.252383260624
chrX	64600000	64700000	0	0.0	NA
chrX	64700000	64800000	0	0.0	NA
chrX	64800000	64900000	0	0.0	NA
chrX	64900000	65000000	0	0.0	NA
chrX	65000000	65100000	0	0.0	NA
chrX	65100000	65200000	0	0.0	NA
chrX	65200000	65300000	0	0.0	NA
chrX	65300000	65400000	0	0.0	NA
chrX	65400000	65500000	0	0.0	NA
chrX	65500000	65600000	0	0.0	NA
chrX	65600000	65700000	3074	829.0	0.269681197137
chrX	65700000	65800000	0	0.0	NA
chrX	65800000	65900000	0	0.0	NA
chrX	65900000	66000000	2773	786.0	0.283447529751
chrX	66000000	66100000	14705	3901.0	0.265283917035
chrX	66100000	66200000	25480	6603.0	0.259144427002
chrX	66200000	66300000	13763	3740.0	0.271743079271
chrX	66300000	66400000	16579	4457.0	0.268834067193
chrX	66400000	66500000	3678	942.0	0.256117455139
chrX	66500000	66600000	20485	5484.0	0.267708079082
chrX	66600000	66700000	0	0.0	NA
chrX	66700000	66800000	0	0.0	NA
chrX	66800000	66900000	0	0.0	NA
chrX	66900000	67000000	0	0.0	NA
chrX	67000000	67100000	0	0.0	NA
chrX	67100000	67200000	0	0.0	NA
chrX	67200000	67300000	0	0.0	NA
chrX	67300000	67400000	0	0.0	NA
chrX	67400000	67500000	0	0.0	NA
chrX	67500000	67600000	0	0.0	NA
chrX	67600000	67700000	0	0.0	NA
chrX	67700000	67800000	0	0.0	NA
chrX	67800000	67900000	0	0.0	NA
chrX	67900000	68000000	0	0.0	NA
chrX	68000000	68100000	0	0.0	NA
chrX	68100000	68200000	8548	2050.0	0.239822180627
chrX	68200000	68300000	53797	13187.0	0.245125192855
chrX	68300000	68400000	0	0.0	NA
chrX	68400000	68500000	0	0.0	NA
chrX	68500000	68600000	34306	8146.0	0.237451174722
chrX	68600000	68700000	19436	4284.0	0.2204157234
chrX	68700000	68800000	0	0.0	NA
chrX	68800000	68900000	0	0.0	NA
chrX	68900000	69000000	0	0.0	NA
chrX	69000000	69100000	0	0.0	NA
chrX	69100000	69200000	0	0.0	NA
chrX	69200000	69300000	0	0.0	NA
chrX	69300000	69400000	0	0.0	NA
chrX	69400000	69500000	0	0.0	NA
chrX	69500000	69600000	0	0.0	NA
chrX	69600000	69700000	0	0.0	NA
chrX	69700000	69800000	0	0.0	NA
chrX	69800000	69900000	0	0.0	NA
chrX	69900000	70000000	0	0.0	NA
chrX	70000000	70100000	0	0.0	NA
chrX	70100000	70200000	0	0.0	NA
chrX	70200000	70300000	0	0.0	NA
chrX	70300000	70400000	0	0.0	NA
chrX	70400000	70500000	0	0.0	NA
chrX	70500000	70600000	0	0.0	NA
chrX	70600000	70700000	0	0.0	NA
chrX	70700000	70800000	0	0.0	NA
chrX	70800000	70900000	0	0.0	NA
chrX	70900000	71000000	0	0.0	NA
chrX	71000000	71100000	0	0.0	NA
chrX	71100000	71200000	0	0.0	NA
chrX	71200000	71300000	0	0.0	NA
chrX	71300000	71400000	0	0.0	NA
chrX	71400000	71500000	0	0.0	NA
chrX	71500000	71600000	0	0.0	NA
chrX	71600000	71700000	0	0.0	NA
chrX	71700000	71800000	0	0.0	NA
chrX	71800000	71900000	0	0.0	NA
chrX	71900000	72000000	0	0.0	NA
chrX	72000000	72100000	0	0.0	NA
chrX	72100000	72200000	0	0.0	NA
chrX	72200000	72300000	0	0.0	NA
chrX	72300000	72400000	0	0.0	NA
chrX	72400000	72500000	0	0.0	NA
chrX	72500000	72600000	0	0.0	NA
chrX	72600000	72700000	0	0.0	NA
chrX	72700000	72800000	0	0.0	NA
chrX	72800000	72900000	0	0.0	NA
chrX	72900000	73000000	0	0.0	NA
chrX	73000000	73100000	0	0.0	NA
chrX	73100000	73200000	0	0.0	NA
chrX	73200000	73300000	0	0.0	NA
chrX	73300000	73400000	0	0.0	NA
chrX	73400000	73500000	0	0.0	NA
chrX	73500000	73600000	0	0.0	NA
chrX	73600000	73700000	0	0.0	NA
chrX	73700000	73800000	0	0.0	NA
chrX	73800000	73900000	0	0.0	NA
chrX	73900000	74000000	0	0.0	NA
chrX	74000000	74100000	0	0.0	NA
chrX	74100000	74200000	0	0.0	NA
chrX	74200000	74300000	0	0.0	NA
chrX	74300000	74400000	0	0.0	NA
chrX	74400000	74500000	0	0.0	NA
chrX	74500000	74600000	0	0.0	NA
chrX	74600000	74700000	0	0.0	NA
chrX	74700000	74800000	0	0.0	NA
chrX	74800000	74900000	266	88.0	0.330827067669
chrX	74900000	75000000	0	0.0	NA
chrX	75000000	75100000	0	0.0	NA
chrX	75100000	75200000	0	0.0	NA
chrX	75200000	75300000	277	57.0	0.205776173285
chrX	75300000	75400000	0	0.0	NA
chrX	75400000	75500000	0	0.0	NA
chrX	75500000	75600000	0	0.0	NA
chrX	75600000	75700000	0	0.0	NA
chrX	75700000	75800000	0	0.0	NA
chrX	75800000	75900000	0	0.0	NA
chrX	75900000	76000000	0	0.0	NA
chrX	76000000	76100000	0	0.0	NA
chrX	76100000	76200000	0	0.0	NA
chrX	76200000	76300000	0	0.0	NA
chrX	76300000	76400000	3638	1029.0	0.282847718527
chrX	76400000	76500000	2081	484.0	0.232580490149
chrX	76500000	76600000	7363	1728.0	0.234686948255
chrX	76600000	76700000	0	0.0	NA
chrX	76700000	76800000	0	0.0	NA
chrX	76800000	76900000	0	0.0	NA
chrX	76900000	77000000	0	0.0	NA
chrX	77000000	77100000	0	0.0	NA
chrX	77100000	77200000	0	0.0	NA
chrX	77200000	77300000	0	0.0	NA
chrX	77300000	77400000	0	0.0	NA
chrX	77400000	77500000	0	0.0	NA
chrX	77500000	77600000	0	0.0	NA
chrX	77600000	77700000	0	0.0	NA
chrX	77700000	77800000	0	0.0	NA
chrX	77800000	77900000	758	214.0	0.282321899736
chrX	77900000	78000000	0	0.0	NA
chrX	78000000	78100000	0	0.0	NA
chrX	78100000	78200000	0	0.0	NA
chrX	78200000	78300000	0	0.0	NA
chrX	78300000	78400000	0	0.0	NA
chrX	78400000	78500000	0	0.0	NA
chrX	78500000	78600000	0	0.0	NA
chrX	78600000	78700000	0	0.0	NA
chrX	78700000	78800000	0	0.0	NA
chrX	78800000	78900000	0	0.0	NA
chrX	78900000	79000000	0	0.0	NA
chrX	79000000	79100000	0	0.0	NA
chrX	79100000	79200000	0	0.0	NA
chrX	79200000	79300000	0	0.0	NA
chrX	79300000	79400000	0	0.0	NA
chrX	79400000	79500000	0	0.0	NA
chrX	79500000	79600000	0	0.0	NA
chrX	79600000	79700000	0	0.0	NA
chrX	79700000	79800000	0	0.0	NA
chrX	79800000	79900000	0	0.0	NA
chrX	79900000	80000000	0	0.0	NA
chrX	80000000	80100000	0	0.0	NA
chrX	80100000	80200000	0	0.0	NA
chrX	80200000	80300000	0	0.0	NA
chrX	80300000	80400000	0	0.0	NA
chrX	80400000	80500000	0	0.0	NA
chrX	80500000	80600000	0	0.0	NA
chrX	80600000	80700000	4789	1194.0	0.249321361453
chrX	80700000	80800000	1929	561.0	0.290824261275
chrX	80800000	80900000	0	0.0	NA
chrX	80900000	81000000	0	0.0	NA
chrX	81000000	81100000	6684	1869.0	0.279622980251
chrX	81100000	81200000	0	0.0	NA
chrX	81200000	81300000	0	0.0	NA
chrX	81300000	81400000	0	0.0	NA
chrX	81400000	81500000	6910	1982.0	0.286830680174
chrX	81500000	81600000	1948	533.0	0.273613963039
chrX	81600000	81700000	3049	767.0	0.251557887832
chrX	81700000	81800000	2524	739.0	0.292789223455
chrX	81800000	81900000	0	0.0	NA
chrX	81900000	82000000	20073	4767.0	0.23748318637
chrX	82000000	82100000	17690	4493.0	0.253985302431
chrX	82100000	82200000	3971	1157.0	0.291362377235
chrX	82200000	82300000	10155	2869.0	0.282520925652
chrX	82300000	82400000	8535	2485.0	0.29115407147
chrX	82400000	82500000	2501	676.0	0.270291883247
chrX	82500000	82600000	13366	3317.0	0.248166990872
chrX	82600000	82700000	8144	2178.0	0.267436149312
chrX	82700000	82800000	0	0.0	NA
chrX	82800000	82900000	2947	867.0	0.294197488972
chrX	82900000	83000000	0	0.0	NA
chrX	83000000	83100000	0	0.0	NA
chrX	83100000	83200000	0	0.0	NA
chrX	83200000	83300000	0	0.0	NA
chrX	83300000	83400000	0	0.0	NA
chrX	83400000	83500000	0	0.0	NA
chrX	83500000	83600000	0	0.0	NA
chrX	83600000	83700000	0	0.0	NA
chrX	83700000	83800000	0	0.0	NA
chrX	83800000	83900000	4750	1199.0	0.252421052632
chrX	83900000	84000000	9538	2338.0	0.245124764101
chrX	84000000	84100000	7340	1650.0	0.224795640327
chrX	84100000	84200000	0	0.0	NA
chrX	84200000	84300000	0	0.0	NA
chrX	84300000	84400000	0	0.0	NA
chrX	84400000	84500000	0	0.0	NA
chrX	84500000	84600000	0	0.0	NA
chrX	84600000	84700000	0	0.0	NA
chrX	84700000	84800000	10037	2376.0	0.236724120753
chrX	84800000	84900000	13098	3306.0	0.25240494732
chrX	84900000	85000000	4457	1126.0	0.252636302446
chrX	85000000	85100000	0	0.0	NA
chrX	85100000	85200000	0	0.0	NA
chrX	85200000	85300000	0	0.0	NA
chrX	85300000	85400000	0	0.0	NA
chrX	85400000	85500000	0	0.0	NA
chrX	85500000	85600000	0	0.0	NA
chrX	85600000	85700000	0	0.0	NA
chrX	85700000	85800000	0	0.0	NA
chrX	85800000	85900000	0	0.0	NA
chrX	85900000	86000000	0	0.0	NA
chrX	86000000	86100000	0	0.0	NA
chrX	86100000	86200000	0	0.0	NA
chrX	86200000	86300000	0	0.0	NA
chrX	86300000	86400000	0	0.0	NA
chrX	86400000	86500000	0	0.0	NA
chrX	86500000	86600000	0	0.0	NA
chrX	86600000	86700000	0	0.0	NA
chrX	86700000	86800000	0	0.0	NA
chrX	86800000	86900000	0	0.0	NA
chrX	86900000	87000000	0	0.0	NA
chrX	87000000	87100000	0	0.0	NA
chrX	87100000	87200000	0	0.0	NA
chrX	87200000	87300000	0	0.0	NA
chrX	87300000	87400000	0	0.0	NA
chrX	87400000	87500000	0	0.0	NA
chrX	87500000	87600000	0	0.0	NA
chrX	87600000	87700000	6746	1902.0	0.281944856211
chrX	87700000	87800000	0	0.0	NA
chrX	87800000	87900000	0	0.0	NA
chrX	87900000	88000000	0	0.0	NA
chrX	88000000	88100000	0	0.0	NA
chrX	88100000	88200000	0	0.0	NA
chrX	88200000	88300000	0	0.0	NA
chrX	88300000	88400000	0	0.0	NA
chrX	88400000	88500000	0	0.0	NA
chrX	88500000	88600000	0	0.0	NA
chrX	88600000	88700000	0	0.0	NA
chrX	88700000	88800000	0	0.0	NA
chrX	88800000	88900000	0	0.0	NA
chrX	88900000	89000000	0	0.0	NA
chrX	89000000	89100000	0	0.0	NA
chrX	89100000	89200000	0	0.0	NA
chrX	89200000	89300000	0	0.0	NA
chrX	89300000	89400000	0	0.0	NA
chrX	89400000	89500000	479	127.0	0.265135699374
chrX	89500000	89600000	0	0.0	NA
chrX	89600000	89700000	0	0.0	NA
chrX	89700000	89800000	0	0.0	NA
chrX	89800000	89900000	0	0.0	NA
chrX	89900000	90000000	0	0.0	NA
chrX	90000000	90100000	0	0.0	NA
chrX	90100000	90200000	0	0.0	NA
chrX	90200000	90300000	0	0.0	NA
chrX	90300000	90400000	0	0.0	NA
chrX	90400000	90500000	0	0.0	NA
chrX	90500000	90600000	0	0.0	NA
chrX	90600000	90700000	0	0.0	NA
chrX	90700000	90800000	0	0.0	NA
chrX	90800000	90900000	12	2.0	0.166666666667
chrX	90900000	91000000	0	0.0	NA
chrX	91000000	91100000	0	0.0	NA
chrX	91100000	91200000	0	0.0	NA
chrX	91200000	91300000	0	0.0	NA
chrX	91300000	91400000	0	0.0	NA
chrX	91400000	91500000	0	0.0	NA
chrX	91500000	91600000	0	0.0	NA
chrX	91600000	91700000	0	0.0	NA
chrX	91700000	91800000	0	0.0	NA
chrX	91800000	91900000	0	0.0	NA
chrX	91900000	92000000	0	0.0	NA
chrX	92000000	92100000	0	0.0	NA
chrX	92100000	92200000	0	0.0	NA
chrX	92200000	92300000	0	0.0	NA
chrX	92300000	92400000	0	0.0	NA
chrX	92400000	92500000	0	0.0	NA
chrX	92500000	92600000	0	0.0	NA
chrX	92600000	92700000	0	0.0	NA
chrX	92700000	92800000	0	0.0	NA
chrX	92800000	92900000	0	0.0	NA
chrX	92900000	93000000	0	0.0	NA
chrX	93000000	93100000	0	0.0	NA
chrX	93100000	93200000	0	0.0	NA
chrX	93200000	93300000	0	0.0	NA
chrX	93300000	93400000	0	0.0	NA
chrX	93400000	93500000	0	0.0	NA
chrX	93500000	93600000	0	0.0	NA
chrX	93600000	93700000	0	0.0	NA
chrX	93700000	93800000	0	0.0	NA
chrX	93800000	93900000	0	0.0	NA
chrX	93900000	94000000	0	0.0	NA
chrX	94000000	94100000	0	0.0	NA
chrX	94100000	94200000	0	0.0	NA
chrX	94200000	94300000	0	0.0	NA
chrX	94300000	94400000	0	0.0	NA
chrX	94400000	94500000	0	0.0	NA
chrX	94500000	94600000	0	0.0	NA
chrX	94600000	94700000	0	0.0	NA
chrX	94700000	94800000	0	0.0	NA
chrX	94800000	94900000	0	0.0	NA
chrX	94900000	95000000	12789	2873.0	0.224646180311
chrX	95000000	95100000	24940	5797.0	0.232437850842
chrX	95100000	95200000	8276	1951.0	0.235741904302
chrX	95200000	95300000	0	0.0	NA
chrX	95300000	95400000	0	0.0	NA
chrX	95400000	95500000	0	0.0	NA
chrX	95500000	95600000	0	0.0	NA
chrX	95600000	95700000	0	0.0	NA
chrX	95700000	95800000	0	0.0	NA
chrX	95800000	95900000	5406	1131.0	0.209211986681
chrX	95900000	96000000	0	0.0	NA
chrX	96000000	96100000	0	0.0	NA
chrX	96100000	96200000	0	0.0	NA
chrX	96200000	96300000	0	0.0	NA
chrX	96300000	96400000	0	0.0	NA
chrX	96400000	96500000	0	0.0	NA
chrX	96500000	96600000	0	0.0	NA
chrX	96600000	96700000	0	0.0	NA
chrX	96700000	96800000	0	0.0	NA
chrX	96800000	96900000	0	0.0	NA
chrX	96900000	97000000	500	81.0	0.162
chrX	97000000	97100000	43631	9728.0	0.222960738924
chrX	97100000	97200000	42547	9059.0	0.212917479493
chrX	97200000	97300000	21261	4864.0	0.228775692583
chrX	97300000	97400000	26858	6286.0	0.234045721945
chrX	97400000	97500000	40320	8813.0	0.218576388889
chrX	97500000	97600000	4465	1048.0	0.234714445689
chrX	97600000	97700000	0	0.0	NA
chrX	97700000	97800000	9370	2274.0	0.242689434365
chrX	97800000	97900000	0	0.0	NA
chrX	97900000	98000000	0	0.0	NA
chrX	98000000	98100000	0	0.0	NA
chrX	98100000	98200000	0	0.0	NA
chrX	98200000	98300000	34513	7988.0	0.23144901921
chrX	98300000	98400000	33489	8014.0	0.239302457523
chrX	98400000	98500000	23644	5735.0	0.242556251057
chrX	98500000	98600000	4720	1203.0	0.254872881356
chrX	98600000	98700000	0	0.0	NA
chrX	98700000	98800000	0	0.0	NA
chrX	98800000	98900000	0	0.0	NA
chrX	98900000	99000000	0	0.0	NA
chrX	99000000	99100000	0	0.0	NA
chrX	99100000	99200000	0	0.0	NA
chrX	99200000	99300000	0	0.0	NA
chrX	99300000	99400000	0	0.0	NA
chrX	99400000	99500000	0	0.0	NA
chrX	99500000	99600000	0	0.0	NA
chrX	99600000	99700000	0	0.0	NA
chrX	99700000	99800000	0	0.0	NA
chrX	99800000	99900000	0	0.0	NA
chrX	99900000	100000000	0	0.0	NA
chrX	100000000	100100000	0	0.0	NA
chrX	100100000	100200000	0	0.0	NA
chrX	100200000	100300000	0	0.0	NA
chrX	100300000	100400000	0	0.0	NA
chrX	100400000	100500000	0	0.0	NA
chrX	100500000	100600000	0	0.0	NA
chrX	100600000	100700000	0	0.0	NA
chrX	100700000	100800000	0	0.0	NA
chrX	100800000	100900000	0	0.0	NA
chrX	100900000	101000000	0	0.0	NA
chrX	101000000	101100000	0	0.0	NA
chrX	101100000	101200000	0	0.0	NA
chrX	101200000	101300000	0	0.0	NA
chrX	101300000	101400000	0	0.0	NA
chrX	101400000	101500000	0	0.0	NA
chrX	101500000	101600000	0	0.0	NA
chrX	101600000	101700000	0	0.0	NA
chrX	101700000	101800000	0	0.0	NA
chrX	101800000	101900000	0	0.0	NA
chrX	101900000	102000000	0	0.0	NA
chrX	102000000	102100000	0	0.0	NA
chrX	102100000	102200000	0	0.0	NA
chrX	102200000	102300000	0	0.0	NA
chrX	102300000	102400000	0	0.0	NA
chrX	102400000	102500000	0	0.0	NA
chrX	102500000	102600000	0	0.0	NA
chrX	102600000	102700000	0	0.0	NA
chrX	102700000	102800000	0	0.0	NA
chrX	102800000	102900000	0	0.0	NA
chrX	102900000	103000000	0	0.0	NA
chrX	103000000	103100000	0	0.0	NA
chrX	103100000	103200000	0	0.0	NA
chrX	103200000	103300000	0	0.0	NA
chrX	103300000	103400000	0	0.0	NA
chrX	103400000	103500000	0	0.0	NA
chrX	103500000	103600000	0	0.0	NA
chrX	103600000	103700000	46745	10831.0	0.231703925554
chrX	103700000	103800000	2981	782.0	0.262328077826
chrX	103800000	103900000	0	0.0	NA
chrX	103900000	104000000	0	0.0	NA
chrX	104000000	104100000	0	0.0	NA
chrX	104100000	104200000	0	0.0	NA
chrX	104200000	104300000	0	0.0	NA
chrX	104300000	104400000	0	0.0	NA
chrX	104400000	104500000	0	0.0	NA
chrX	104500000	104600000	0	0.0	NA
chrX	104600000	104700000	0	0.0	NA
chrX	104700000	104800000	0	0.0	NA
chrX	104800000	104900000	0	0.0	NA
chrX	104900000	105000000	0	0.0	NA
chrX	105000000	105100000	0	0.0	NA
chrX	105100000	105200000	0	0.0	NA
chrX	105200000	105300000	0	0.0	NA
chrX	105300000	105400000	0	0.0	NA
chrX	105400000	105500000	0	0.0	NA
chrX	105500000	105600000	1693	409.0	0.241582988777
chrX	105600000	105700000	0	0.0	NA
chrX	105700000	105800000	0	0.0	NA
chrX	105800000	105900000	0	0.0	NA
chrX	105900000	106000000	0	0.0	NA
chrX	106000000	106100000	0	0.0	NA
chrX	106100000	106200000	0	0.0	NA
chrX	106200000	106300000	0	0.0	NA
chrX	106300000	106400000	0	0.0	NA
chrX	106400000	106500000	0	0.0	NA
chrX	106500000	106600000	0	0.0	NA
chrX	106600000	106700000	0	0.0	NA
chrX	106700000	106800000	0	0.0	NA
chrX	106800000	106900000	0	0.0	NA
chrX	106900000	107000000	0	0.0	NA
chrX	107000000	107100000	0	0.0	NA
chrX	107100000	107200000	0	0.0	NA
chrX	107200000	107300000	0	0.0	NA
chrX	107300000	107400000	0	0.0	NA
chrX	107400000	107500000	0	0.0	NA
chrX	107500000	107600000	0	0.0	NA
chrX	107600000	107700000	0	0.0	NA
chrX	107700000	107800000	0	0.0	NA
chrX	107800000	107900000	0	0.0	NA
chrX	107900000	108000000	0	0.0	NA
chrX	108000000	108100000	0	0.0	NA
chrX	108100000	108200000	3347	812.0	0.242605318195
chrX	108200000	108300000	0	0.0	NA
chrX	108300000	108400000	1670	429.0	0.256886227545
chrX	108400000	108500000	14959	3659.0	0.244601911893
chrX	108500000	108600000	5068	1207.0	0.23816101026
chrX	108600000	108700000	0	0.0	NA
chrX	108700000	108800000	0	0.0	NA
chrX	108800000	108900000	0	0.0	NA
chrX	108900000	109000000	0	0.0	NA
chrX	109000000	109100000	6159	1415.0	0.229745088488
chrX	109100000	109200000	18006	4616.0	0.256358991447
chrX	109200000	109300000	0	0.0	NA
chrX	109300000	109400000	0	0.0	NA
chrX	109400000	109500000	0	0.0	NA
chrX	109500000	109600000	0	0.0	NA
chrX	109600000	109700000	0	0.0	NA
chrX	109700000	109800000	0	0.0	NA
chrX	109800000	109900000	0	0.0	NA
chrX	109900000	110000000	0	0.0	NA
chrX	110000000	110100000	0	0.0	NA
chrX	110100000	110200000	0	0.0	NA
chrX	110200000	110300000	0	0.0	NA
chrX	110300000	110400000	0	0.0	NA
chrX	110400000	110500000	0	0.0	NA
chrX	110500000	110600000	0	0.0	NA
chrX	110600000	110700000	0	0.0	NA
chrX	110700000	110800000	0	0.0	NA
chrX	110800000	110900000	0	0.0	NA
chrX	110900000	111000000	0	0.0	NA
chrX	111000000	111100000	0	0.0	NA
chrX	111100000	111200000	0	0.0	NA
chrX	111200000	111300000	0	0.0	NA
chrX	111300000	111400000	0	0.0	NA
chrX	111400000	111500000	0	0.0	NA
chrX	111500000	111600000	0	0.0	NA
chrX	111600000	111700000	0	0.0	NA
chrX	111700000	111800000	0	0.0	NA
chrX	111800000	111900000	0	0.0	NA
chrX	111900000	112000000	0	0.0	NA
chrX	112000000	112100000	0	0.0	NA
chrX	112100000	112200000	0	0.0	NA
chrX	112200000	112300000	0	0.0	NA
chrX	112300000	112400000	0	0.0	NA
chrX	112400000	112500000	0	0.0	NA
chrX	112500000	112600000	0	0.0	NA
chrX	112600000	112700000	0	0.0	NA
chrX	112700000	112800000	0	0.0	NA
chrX	112800000	112900000	0	0.0	NA
chrX	112900000	113000000	0	0.0	NA
chrX	113000000	113100000	0	0.0	NA
chrX	113100000	113200000	0	0.0	NA
chrX	113200000	113300000	0	0.0	NA
chrX	113300000	113400000	19029	4334.0	0.227757633086
chrX	113400000	113500000	34522	8342.0	0.241643010254
chrX	113500000	113600000	25330	5960.0	0.235294117647
chrX	113600000	113700000	38165	8941.0	0.234272238962
chrX	113700000	113800000	706	147.0	0.20821529745
chrX	113800000	113900000	0	0.0	NA
chrX	113900000	114000000	0	0.0	NA
chrX	114000000	114100000	0	0.0	NA
chrX	114100000	114200000	0	0.0	NA
chrX	114200000	114300000	0	0.0	NA
chrX	114300000	114400000	0	0.0	NA
chrX	114400000	114500000	0	0.0	NA
chrX	114500000	114600000	0	0.0	NA
chrX	114600000	114700000	7192	1690.0	0.234983314794
chrX	114700000	114800000	0	0.0	NA
chrX	114800000	114900000	0	0.0	NA
chrX	114900000	115000000	0	0.0	NA
chrX	115000000	115100000	0	0.0	NA
chrX	115100000	115200000	0	0.0	NA
chrX	115200000	115300000	0	0.0	NA
chrX	115300000	115400000	0	0.0	NA
chrX	115400000	115500000	13762	3250.0	0.236157535242
chrX	115500000	115600000	0	0.0	NA
chrX	115600000	115700000	0	0.0	NA
chrX	115700000	115800000	0	0.0	NA
chrX	115800000	115900000	0	0.0	NA
chrX	115900000	116000000	0	0.0	NA
chrX	116000000	116100000	8682	2271.0	0.261575673808
chrX	116100000	116200000	37592	9934.0	0.264258352841
chrX	116200000	116300000	34600	8650.0	0.25
chrX	116300000	116400000	17869	4183.0	0.234092562538
chrX	116400000	116500000	26005	5780.0	0.222264949048
chrX	116500000	116600000	36829	8659.0	0.235113633278
chrX	116600000	116700000	45760	11201.0	0.244777097902
chrX	116700000	116800000	34902	9214.0	0.263996332588
chrX	116800000	116900000	40779	10315.0	0.252948821697
chrX	116900000	117000000	17039	4493.0	0.263689183638
chrX	117000000	117100000	0	0.0	NA
chrX	117100000	117200000	0	0.0	NA
chrX	117200000	117300000	0	0.0	NA
chrX	117300000	117400000	13793	2724.0	0.197491481186
chrX	117400000	117500000	0	0.0	NA
chrX	117500000	117600000	0	0.0	NA
chrX	117600000	117700000	0	0.0	NA
chrX	117700000	117800000	0	0.0	NA
chrX	117800000	117900000	0	0.0	NA
chrX	117900000	118000000	0	0.0	NA
chrX	118000000	118100000	0	0.0	NA
chrX	118100000	118200000	0	0.0	NA
chrX	118200000	118300000	0	0.0	NA
chrX	118300000	118400000	0	0.0	NA
chrX	118400000	118500000	0	0.0	NA
chrX	118500000	118600000	0	0.0	NA
chrX	118600000	118700000	0	0.0	NA
chrX	118700000	118800000	0	0.0	NA
chrX	118800000	118900000	0	0.0	NA
chrX	118900000	119000000	0	0.0	NA
chrX	119000000	119100000	0	0.0	NA
chrX	119100000	119200000	0	0.0	NA
chrX	119200000	119300000	0	0.0	NA
chrX	119300000	119400000	0	0.0	NA
chrX	119400000	119500000	0	0.0	NA
chrX	119500000	119600000	0	0.0	NA
chrX	119600000	119700000	0	0.0	NA
chrX	119700000	119800000	0	0.0	NA
chrX	119800000	119900000	17415	3793.0	0.217800746483
chrX	119900000	120000000	2853	626.0	0.219418156327
chrX	120000000	120100000	0	0.0	NA
chrX	120100000	120200000	0	0.0	NA
chrX	120200000	120300000	8605	1913.0	0.222312608948
chrX	120300000	120400000	20093	5119.0	0.254765341164
chrX	120400000	120500000	0	0.0	NA
chrX	120500000	120600000	0	0.0	NA
chrX	120600000	120700000	32207	9384.0	0.291365231161
chrX	120700000	120800000	43117	11930.0	0.276689008976
chrX	120800000	120900000	22909	6285.0	0.274346326771
chrX	120900000	121000000	1164	321.0	0.275773195876
chrX	121000000	121100000	0	0.0	NA
chrX	121100000	121200000	27405	6595.0	0.240649516512
chrX	121200000	121300000	15829	3940.0	0.248910228062
chrX	121300000	121400000	0	0.0	NA
chrX	121400000	121500000	123	27.0	0.219512195122
chrX	121500000	121600000	2750	661.0	0.240363636364
chrX	121600000	121700000	0	0.0	NA
chrX	121700000	121800000	28765	6270.0	0.217973231358
chrX	121800000	121900000	18940	4353.0	0.229831045407
chrX	121900000	122000000	0	0.0	NA
chrX	122000000	122100000	16316	3588.0	0.219906839912
chrX	122100000	122200000	52481	11472.0	0.218593395705
chrX	122200000	122300000	10728	2130.0	0.198545861298
chrX	122300000	122400000	0	0.0	NA
chrX	122400000	122500000	0	0.0	NA
chrX	122500000	122600000	0	0.0	NA
chrX	122600000	122700000	0	0.0	NA
chrX	122700000	122800000	0	0.0	NA
chrX	122800000	122900000	0	0.0	NA
chrX	122900000	123000000	0	0.0	NA
chrX	123000000	123100000	0	0.0	NA
chrX	123100000	123200000	0	0.0	NA
chrX	123200000	123300000	0	0.0	NA
chrX	123300000	123400000	0	0.0	NA
chrX	123400000	123500000	0	0.0	NA
chrX	123500000	123600000	0	0.0	NA
chrX	123600000	123700000	0	0.0	NA
chrX	123700000	123800000	0	0.0	NA
chrX	123800000	123900000	0	0.0	NA
chrX	123900000	124000000	0	0.0	NA
chrX	124000000	124100000	0	0.0	NA
chrX	124100000	124200000	410	84.0	0.20487804878
chrX	124200000	124300000	72471	14891.0	0.205475293566
chrX	124300000	124400000	17629	3564.0	0.202166884111
chrX	124400000	124500000	0	0.0	NA
chrX	124500000	124600000	16346	3656.0	0.223663281537
chrX	124600000	124700000	32523	7791.0	0.239553546721
chrX	124700000	124800000	0	0.0	NA
chrX	124800000	124900000	0	0.0	NA
chrX	124900000	125000000	30411	7460.0	0.245305974812
chrX	125000000	125100000	1933	409.0	0.211588204863
chrX	125100000	125200000	0	0.0	NA
chrX	125200000	125300000	0	0.0	NA
chrX	125300000	125400000	0	0.0	NA
chrX	125400000	125500000	34949	8649.0	0.247474891985
chrX	125500000	125600000	2045	416.0	0.203422982885
chrX	125600000	125700000	0	0.0	NA
chrX	125700000	125800000	0	0.0	NA
chrX	125800000	125900000	0	0.0	NA
chrX	125900000	126000000	0	0.0	NA
chrX	126000000	126100000	11327	2589.0	0.228568906153
chrX	126100000	126200000	23273	5979.0	0.256907145619
chrX	126200000	126300000	19638	5052.0	0.257256339749
chrX	126300000	126400000	20026	5127.0	0.256017177669
chrX	126400000	126500000	9444	2381.0	0.252117746717
chrX	126500000	126600000	0	0.0	NA
chrX	126600000	126700000	14863	3994.0	0.268720984996
chrX	126700000	126800000	0	0.0	NA
chrX	126800000	126900000	369	81.0	0.219512195122
chrX	126900000	127000000	15734	4245.0	0.26979788992
chrX	127000000	127100000	16167	4488.0	0.277602523659
chrX	127100000	127200000	0	0.0	NA
chrX	127200000	127300000	0	0.0	NA
chrX	127300000	127400000	4054	1071.0	0.264183522447
chrX	127400000	127500000	0	0.0	NA
chrX	127500000	127600000	0	0.0	NA
chrX	127600000	127700000	0	0.0	NA
chrX	127700000	127800000	0	0.0	NA
chrX	127800000	127900000	29986	6632.0	0.221169879277
chrX	127900000	128000000	47798	10722.0	0.224319009164
chrX	128000000	128100000	63859	14221.0	0.222693747162
chrX	128100000	128200000	49409	10922.0	0.221052844623
chrX	128200000	128300000	64002	12766.0	0.199462516796
chrX	128300000	128400000	49024	10229.0	0.2086529047
chrX	128400000	128500000	26024	5727.0	0.220066092837
chrX	128500000	128600000	0	0.0	NA
chrX	128600000	128700000	0	0.0	NA
chrX	128700000	128800000	0	0.0	NA
chrX	128800000	128900000	0	0.0	NA
chrX	128900000	129000000	0	0.0	NA
chrX	129000000	129100000	0	0.0	NA
chrX	129100000	129200000	0	0.0	NA
chrX	129200000	129300000	0	0.0	NA
chrX	129300000	129400000	0	0.0	NA
chrX	129400000	129500000	0	0.0	NA
chrX	129500000	129600000	0	0.0	NA
chrX	129600000	129700000	0	0.0	NA
chrX	129700000	129800000	0	0.0	NA
chrX	129800000	129900000	0	0.0	NA
chrX	129900000	130000000	0	0.0	NA
chrX	130000000	130100000	0	0.0	NA
chrX	130100000	130200000	0	0.0	NA
chrX	130200000	130300000	0	0.0	NA
chrX	130300000	130400000	0	0.0	NA
chrX	130400000	130500000	0	0.0	NA
chrX	130500000	130600000	0	0.0	NA
chrX	130600000	130700000	0	0.0	NA
chrX	130700000	130800000	0	0.0	NA
chrX	130800000	130900000	0	0.0	NA
chrX	130900000	131000000	0	0.0	NA
chrX	131000000	131100000	0	0.0	NA
chrX	131100000	131200000	0	0.0	NA
chrX	131200000	131300000	0	0.0	NA
chrX	131300000	131400000	0	0.0	NA
chrX	131400000	131500000	0	0.0	NA
chrX	131500000	131600000	0	0.0	NA
chrX	131600000	131700000	0	0.0	NA
chrX	131700000	131800000	0	0.0	NA
chrX	131800000	131900000	0	0.0	NA
chrX	131900000	132000000	0	0.0	NA
chrX	132000000	132100000	0	0.0	NA
chrX	132100000	132200000	0	0.0	NA
chrX	132200000	132300000	0	0.0	NA
chrX	132300000	132400000	0	0.0	NA
chrX	132400000	132500000	0	0.0	NA
chrX	132500000	132600000	0	0.0	NA
chrX	132600000	132700000	0	0.0	NA
chrX	132700000	132800000	0	0.0	NA
chrX	132800000	132900000	0	0.0	NA
chrX	132900000	133000000	0	0.0	NA
chrX	133000000	133100000	0	0.0	NA
chrX	133100000	133200000	0	0.0	NA
chrX	133200000	133300000	0	0.0	NA
chrX	133300000	133400000	0	0.0	NA
chrX	133400000	133500000	0	0.0	NA
chrX	133500000	133600000	0	0.0	NA
chrX	133600000	133700000	0	0.0	NA
chrX	133700000	133800000	0	0.0	NA
chrX	133800000	133900000	0	0.0	NA
chrX	133900000	134000000	0	0.0	NA
chrX	134000000	134100000	0	0.0	NA
chrX	134100000	134200000	0	0.0	NA
chrX	134200000	134300000	0	0.0	NA
chrX	134300000	134400000	0	0.0	NA
chrX	134400000	134500000	0	0.0	NA
chrX	134500000	134600000	0	0.0	NA
chrX	134600000	134700000	0	0.0	NA
chrX	134700000	134800000	0	0.0	NA
chrX	134800000	134900000	0	0.0	NA
chrX	134900000	135000000	0	0.0	NA
chrX	135000000	135100000	0	0.0	NA
chrX	135100000	135200000	0	0.0	NA
chrX	135200000	135300000	0	0.0	NA
chrX	135300000	135400000	0	0.0	NA
chrX	135400000	135500000	0	0.0	NA
chrX	135500000	135600000	0	0.0	NA
chrX	135600000	135700000	0	0.0	NA
chrX	135700000	135800000	0	0.0	NA
chrX	135800000	135900000	0	0.0	NA
chrX	135900000	136000000	0	0.0	NA
chrX	136000000	136100000	0	0.0	NA
chrX	136100000	136200000	0	0.0	NA
chrX	136200000	136300000	44889	10007.0	0.222927666021
chrX	136300000	136400000	57902	13645.0	0.23565679942
chrX	136400000	136500000	55929	13170.0	0.235477122781
chrX	136500000	136600000	20783	4676.0	0.224991579656
chrX	136600000	136700000	0	0.0	NA
chrX	136700000	136800000	0	0.0	NA
chrX	136800000	136900000	0	0.0	NA
chrX	136900000	137000000	0	0.0	NA
chrX	137000000	137100000	0	0.0	NA
chrX	137100000	137200000	6261	1577.0	0.251876697013
chrX	137200000	137300000	36987	8487.0	0.229458999108
chrX	137300000	137400000	40968	9593.0	0.234158367506
chrX	137400000	137500000	0	0.0	NA
chrX	137500000	137600000	4158	950.0	0.228475228475
chrX	137600000	137700000	0	0.0	NA
chrX	137700000	137800000	0	0.0	NA
chrX	137800000	137900000	0	0.0	NA
chrX	137900000	138000000	0	0.0	NA
chrX	138000000	138100000	0	0.0	NA
chrX	138100000	138200000	0	0.0	NA
chrX	138200000	138300000	0	0.0	NA
chrX	138300000	138400000	6119	1399.0	0.228632129433
chrX	138400000	138500000	5360	1353.0	0.252425373134
chrX	138500000	138600000	0	0.0	NA
chrX	138600000	138700000	0	0.0	NA
chrX	138700000	138800000	0	0.0	NA
chrX	138800000	138900000	0	0.0	NA
chrX	138900000	139000000	0	0.0	NA
chrX	139000000	139100000	0	0.0	NA
chrX	139100000	139200000	0	0.0	NA
chrX	139200000	139300000	0	0.0	NA
chrX	139300000	139400000	0	0.0	NA
chrX	139400000	139500000	0	0.0	NA
chrX	139500000	139600000	0	0.0	NA
chrX	139600000	139700000	0	0.0	NA
chrX	139700000	139800000	0	0.0	NA
chrX	139800000	139900000	0	0.0	NA
chrX	139900000	140000000	0	0.0	NA
chrX	140000000	140100000	0	0.0	NA
chrX	140100000	140200000	0	0.0	NA
chrX	140200000	140300000	0	0.0	NA
chrX	140300000	140400000	0	0.0	NA
chrX	140400000	140500000	0	0.0	NA
chrX	140500000	140600000	0	0.0	NA
chrX	140600000	140700000	0	0.0	NA
chrX	140700000	140800000	0	0.0	NA
chrX	140800000	140900000	0	0.0	NA
chrX	140900000	141000000	0	0.0	NA
chrX	141000000	141100000	0	0.0	NA
chrX	141100000	141200000	33575	8279.0	0.246582278481
chrX	141200000	141300000	0	0.0	NA
chrX	141300000	141400000	1535	377.0	0.245602605863
chrX	141400000	141500000	0	0.0	NA
chrX	141500000	141600000	0	0.0	NA
chrX	141600000	141700000	0	0.0	NA
chrX	141700000	141800000	749	185.0	0.24699599466
chrX	141800000	141900000	12676	3340.0	0.263490059956
chrX	141900000	142000000	0	0.0	NA
chrX	142000000	142100000	0	0.0	NA
chrX	142100000	142200000	0	0.0	NA
chrX	142200000	142300000	0	0.0	NA
chrX	142300000	142400000	0	0.0	NA
chrX	142400000	142500000	0	0.0	NA
chrX	142500000	142600000	0	0.0	NA
chrX	142600000	142700000	0	0.0	NA
chrX	142700000	142800000	0	0.0	NA
chrX	142800000	142900000	0	0.0	NA
chrX	142900000	143000000	0	0.0	NA
chrX	143000000	143100000	7616	1999.0	0.262473739496
chrX	143100000	143200000	31405	8081.0	0.257315714058
chrX	143200000	143300000	583	157.0	0.269296740995
chrX	143300000	143400000	30767	8255.0	0.268306952254
chrX	143400000	143500000	20962	5575.0	0.265957446809
chrX	143500000	143600000	20291	5397.0	0.265979991129
chrX	143600000	143700000	34176	8951.0	0.261908941948
chrX	143700000	143800000	40924	10243.0	0.250293226469
chrX	143800000	143900000	20414	5304.0	0.259821690996
chrX	143900000	144000000	19631	4807.0	0.244867811115
chrX	144000000	144100000	6919	1728.0	0.249747073276
chrX	144100000	144200000	0	0.0	NA
chrX	144200000	144300000	0	0.0	NA
chrX	144300000	144400000	0	0.0	NA
chrX	144400000	144500000	24142	5765.0	0.238795460194
chrX	144500000	144600000	32886	7886.0	0.239798090373
chrX	144600000	144700000	33275	8059.0	0.242193839219
chrX	144700000	144800000	31273	7502.0	0.239887442842
chrX	144800000	144900000	0	0.0	NA
chrX	144900000	145000000	0	0.0	NA
chrX	145000000	145100000	0	0.0	NA
chrX	145100000	145200000	0	0.0	NA
chrX	145200000	145300000	49946	13444.0	0.269170704361
chrX	145300000	145400000	28663	7819.0	0.272790705788
chrX	145400000	145500000	0	0.0	NA
chrX	145500000	145600000	0	0.0	NA
chrX	145600000	145700000	27354	6984.0	0.255319148936
chrX	145700000	145800000	30932	7903.0	0.255495926549
chrX	145800000	145900000	0	0.0	NA
chrX	145900000	146000000	1787	431.0	0.241186345831
chrX	146000000	146100000	18145	4501.0	0.248057316065
chrX	146100000	146200000	20219	5056.0	0.250061823038
chrX	146200000	146300000	0	0.0	NA
chrX	146300000	146400000	0	0.0	NA
chrX	146400000	146500000	11773	2878.0	0.244457657352
chrX	146500000	146600000	36972	8739.0	0.236368062317
chrX	146600000	146700000	51853	12738.0	0.245655989046
chrX	146700000	146800000	43249	10491.0	0.242572082592
chrX	146800000	146900000	4703	1079.0	0.229428024665
chrX	146900000	147000000	0	0.0	NA
chrX	147000000	147100000	0	0.0	NA
chrX	147100000	147200000	0	0.0	NA
chrX	147200000	147300000	46858	9824.0	0.209654701438
chrX	147300000	147400000	49332	11463.0	0.232364388227
chrX	147400000	147500000	21680	5223.0	0.240913284133
chrX	147500000	147600000	0	0.0	NA
chrX	147600000	147700000	0	0.0	NA
chrX	147700000	147800000	0	0.0	NA
chrX	147800000	147900000	0	0.0	NA
chrX	147900000	148000000	0	0.0	NA
chrX	148000000	148100000	0	0.0	NA
chrX	148100000	148200000	4296	822.0	0.191340782123
chrX	148200000	148300000	29766	6551.0	0.220083316536
chrX	148300000	148400000	0	0.0	NA
chrX	148400000	148500000	0	0.0	NA
chrX	148500000	148600000	0	0.0	NA
chrX	148600000	148700000	0	0.0	NA
chrX	148700000	148800000	0	0.0	NA
chrX	148800000	148900000	0	0.0	NA
chrX	148900000	149000000	0	0.0	NA
chrX	149000000	149100000	0	0.0	NA
chrX	149100000	149200000	0	0.0	NA
chrX	149200000	149300000	0	0.0	NA
chrX	149300000	149400000	0	0.0	NA
chrX	149400000	149500000	0	0.0	NA
chrX	149500000	149600000	0	0.0	NA
chrX	149600000	149700000	0	0.0	NA
chrX	149700000	149800000	0	0.0	NA
chrX	149800000	149900000	0	0.0	NA
chrX	149900000	150000000	0	0.0	NA
chrX	150000000	150100000	0	0.0	NA
chrX	150100000	150200000	0	0.0	NA
chrX	150200000	150300000	0	0.0	NA
chrX	150300000	150400000	0	0.0	NA
chrX	150400000	150500000	5331	1161.0	0.217782779966
chrX	150500000	150600000	0	0.0	NA
chrX	150600000	150700000	0	0.0	NA
chrX	150700000	150800000	0	0.0	NA
chrX	150800000	150900000	0	0.0	NA
chrX	150900000	151000000	0	0.0	NA
chrX	151000000	151100000	0	0.0	NA
chrX	151100000	151200000	0	0.0	NA
chrX	151200000	151300000	0	0.0	NA
chrX	151300000	151400000	0	0.0	NA
chrX	151400000	151500000	0	0.0	NA
chrX	151500000	151600000	0	0.0	NA
chrX	151600000	151700000	0	0.0	NA
chrX	151700000	151800000	0	0.0	NA
chrX	151800000	151900000	0	0.0	NA
chrX	151900000	152000000	0	0.0	NA
chrX	152000000	152100000	0	0.0	NA
chrX	152100000	152200000	0	0.0	NA
chrX	152200000	152300000	0	0.0	NA
chrX	152300000	152400000	0	0.0	NA
chrX	152400000	152500000	0	0.0	NA
chrX	152500000	152600000	0	0.0	NA
chrX	152600000	152700000	0	0.0	NA
chrX	152700000	152800000	0	0.0	NA
chrX	152800000	152900000	0	0.0	NA
chrX	152900000	153000000	0	0.0	NA
chrX	153000000	153100000	0	0.0	NA
chrX	153100000	153200000	0	0.0	NA
chrX	153200000	153300000	0	0.0	NA
chrX	153300000	153400000	0	0.0	NA
chrX	153400000	153500000	0	0.0	NA
chrX	153500000	153600000	0	0.0	NA
chrX	153600000	153700000	0	0.0	NA
chrX	153700000	153800000	0	0.0	NA
chrX	153800000	153900000	0	0.0	NA
chrX	153900000	154000000	0	0.0	NA
chrX	154000000	154100000	0	0.0	NA
chrX	154100000	154200000	0	0.0	NA
chrX	154200000	154300000	0	0.0	NA
chrX	154300000	154400000	0	0.0	NA
chrX	154400000	154500000	0	0.0	NA
chrX	154500000	154600000	0	0.0	NA
chrX	154600000	154700000	0	0.0	NA
chrX	154700000	154800000	0	0.0	NA
chrX	154800000	154900000	0	0.0	NA
chrX	154900000	155000000	0	0.0	NA
chrX	155000000	155100000	0	0.0	NA
chrX	155100000	155200000	0	0.0	NA
chrX	155200000	155270560	0	0.0	NA
