chrX	0	100000	0	0.0	NA
chrX	100000	200000	0	0.0	NA
chrX	200000	300000	0	0.0	NA
chrX	300000	400000	0	0.0	NA
chrX	400000	500000	741	244.0	0.329284750337
chrX	500000	600000	10160	3178.0	0.312795275591
chrX	600000	700000	7577	2589.0	0.341691962518
chrX	700000	800000	15842	4908.0	0.309809367504
chrX	800000	900000	11656	3754.0	0.322065888813
chrX	900000	1000000	11742	3770.0	0.321069664452
chrX	1000000	1100000	939	309.0	0.329073482428
chrX	1100000	1200000	0	0.0	NA
chrX	1200000	1300000	5009	1722.0	0.343781193851
chrX	1300000	1400000	0	0.0	NA
chrX	1400000	1500000	0	0.0	NA
chrX	1500000	1600000	0	0.0	NA
chrX	1600000	1700000	811	249.0	0.307028360049
chrX	1700000	1800000	865	304.0	0.351445086705
chrX	1800000	1900000	0	0.0	NA
chrX	1900000	2000000	4591	1535.0	0.334349814855
chrX	2000000	2100000	4884	1712.0	0.350532350532
chrX	2100000	2200000	1687	607.0	0.359810314167
chrX	2200000	2300000	0	0.0	NA
chrX	2300000	2400000	0	0.0	NA
chrX	2400000	2500000	12952	4203.0	0.32450586782
chrX	2500000	2600000	6920	2433.0	0.351589595376
chrX	2600000	2700000	3036	1041.0	0.342885375494
chrX	2700000	2800000	1062	373.0	0.351224105461
chrX	2800000	2900000	396	126.0	0.318181818182
chrX	2900000	3000000	4092	1334.0	0.326001955034
chrX	3000000	3100000	10048	3295.0	0.327925955414
chrX	3100000	3200000	32270	10789.0	0.334335295941
chrX	3200000	3300000	12491	4211.0	0.337122728364
chrX	3300000	3400000	26308	9029.0	0.343203588262
chrX	3400000	3500000	22677	7624.0	0.336199673678
chrX	3500000	3600000	5780	1832.0	0.316955017301
chrX	3600000	3700000	6659	2258.0	0.339089953446
chrX	3700000	3800000	2714	974.0	0.358879882093
chrX	3800000	3900000	8497	2798.0	0.329292691538
chrX	3900000	4000000	28774	9044.0	0.314311531243
chrX	4000000	4100000	29095	9205.0	0.31637738443
chrX	4100000	4200000	27682	9014.0	0.325626761072
chrX	4200000	4300000	36936	11958.0	0.323749187784
chrX	4300000	4400000	31973	10133.0	0.316923654333
chrX	4400000	4500000	37235	11624.0	0.312179401101
chrX	4500000	4600000	21527	6916.0	0.321270962048
chrX	4600000	4700000	26590	8206.0	0.308612260248
chrX	4700000	4800000	29885	9595.0	0.321064078969
chrX	4800000	4900000	27894	9025.0	0.323546282355
chrX	4900000	5000000	34546	11034.0	0.319400219997
chrX	5000000	5100000	22114	7061.0	0.319299990956
chrX	5100000	5200000	30931	9986.0	0.322847628593
chrX	5200000	5300000	33813	10847.0	0.320793777541
chrX	5300000	5400000	28008	8811.0	0.314588688946
chrX	5400000	5500000	34311	10638.0	0.310046340824
chrX	5500000	5600000	23388	7170.0	0.306567470498
chrX	5600000	5700000	15379	4605.0	0.299434293517
chrX	5700000	5800000	40373	12309.0	0.304881975578
chrX	5800000	5900000	4039	1446.0	0.358009408269
chrX	5900000	6000000	0	0.0	NA
chrX	6000000	6100000	0	0.0	NA
chrX	6100000	6200000	21774	6586.0	0.302470836778
chrX	6200000	6300000	40407	12094.0	0.29930457594
chrX	6300000	6400000	38778	11695.0	0.301588529579
chrX	6400000	6500000	31982	9443.0	0.295259833656
chrX	6500000	6600000	28386	8806.0	0.310223349539
chrX	6600000	6700000	28260	8626.0	0.305237084218
chrX	6700000	6800000	44022	12980.0	0.294852573713
chrX	6800000	6900000	36082	10263.0	0.28443545258
chrX	6900000	7000000	17237	4929.0	0.285954632477
chrX	7000000	7100000	0	0.0	NA
chrX	7100000	7200000	0	0.0	NA
chrX	7200000	7300000	10524	3348.0	0.318129988597
chrX	7300000	7400000	50303	14790.0	0.294018249409
chrX	7400000	7500000	44920	13148.0	0.292698130009
chrX	7500000	7600000	41904	12638.0	0.301594119893
chrX	7600000	7700000	23130	6708.0	0.290012970169
chrX	7700000	7800000	53844	16064.0	0.298343362306
chrX	7800000	7900000	32692	9412.0	0.287899180228
chrX	7900000	8000000	40116	11160.0	0.278193239605
chrX	8000000	8100000	39085	11169.0	0.285761801203
chrX	8100000	8200000	37093	10171.0	0.274202679751
chrX	8200000	8300000	46440	12992.0	0.279758828596
chrX	8300000	8400000	51880	15275.0	0.294429452583
chrX	8400000	8500000	35389	10469.0	0.29582638673
chrX	8500000	8600000	0	0.0	NA
chrX	8600000	8700000	0	0.0	NA
chrX	8700000	8800000	32242	8602.0	0.266794863842
chrX	8800000	8900000	62412	15906.0	0.254854835609
chrX	8900000	9000000	17788	5120.0	0.287834495165
chrX	9000000	9100000	45625	11658.0	0.255517808219
chrX	9100000	9200000	58523	15377.0	0.262751396887
chrX	9200000	9300000	42854	11485.0	0.268002986886
chrX	9300000	9400000	38933	11376.0	0.292194282485
chrX	9400000	9500000	10390	3019.0	0.290567853705
chrX	9500000	9600000	0	0.0	NA
chrX	9600000	9700000	0	0.0	NA
chrX	9700000	9800000	6017	1677.0	0.278710320758
chrX	9800000	9900000	0	0.0	NA
chrX	9900000	10000000	16340	4341.0	0.265667074663
chrX	10000000	10100000	0	0.0	NA
chrX	10100000	10200000	1635	491.0	0.300305810398
chrX	10200000	10300000	1662	322.0	0.193742478941
chrX	10300000	10400000	45679	10646.0	0.233061144071
chrX	10400000	10500000	5366	1448.0	0.269847185986
chrX	10500000	10600000	0	0.0	NA
chrX	10600000	10700000	0	0.0	NA
chrX	10700000	10800000	0	0.0	NA
chrX	10800000	10900000	9287	1966.0	0.211693765479
chrX	10900000	11000000	0	0.0	NA
chrX	11000000	11100000	0	0.0	NA
chrX	11100000	11200000	3694	1262.0	0.34163508392
chrX	11200000	11300000	0	0.0	NA
chrX	11300000	11400000	0	0.0	NA
chrX	11400000	11500000	0	0.0	NA
chrX	11500000	11600000	0	0.0	NA
chrX	11600000	11700000	664	151.0	0.227409638554
chrX	11700000	11800000	1226	310.0	0.252854812398
chrX	11800000	11900000	56511	12460.0	0.220488046575
chrX	11900000	12000000	54796	12172.0	0.222133002409
chrX	12000000	12100000	58518	12610.0	0.215489251171
chrX	12100000	12200000	34328	7675.0	0.223578419949
chrX	12200000	12300000	0	0.0	NA
chrX	12300000	12400000	0	0.0	NA
chrX	12400000	12500000	0	0.0	NA
chrX	12500000	12600000	0	0.0	NA
chrX	12600000	12700000	0	0.0	NA
chrX	12700000	12800000	25906	6750.0	0.26055739983
chrX	12800000	12900000	13055	3533.0	0.270624281884
chrX	12900000	13000000	21065	6107.0	0.289912176596
chrX	13000000	13100000	52589	13948.0	0.265226568294
chrX	13100000	13200000	52170	13377.0	0.25641173088
chrX	13200000	13300000	38761	9851.0	0.254147209824
chrX	13300000	13400000	12633	4054.0	0.320905564791
chrX	13400000	13500000	39335	9359.0	0.237930596161
chrX	13500000	13600000	38662	9610.0	0.24856448192
chrX	13600000	13700000	4525	1203.0	0.265856353591
chrX	13700000	13800000	3665	788.0	0.215006821282
chrX	13800000	13900000	0	0.0	NA
chrX	13900000	14000000	13968	3294.0	0.235824742268
chrX	14000000	14100000	37253	8851.0	0.237591603361
chrX	14100000	14200000	46479	9968.0	0.214462445405
chrX	14200000	14300000	36786	8236.0	0.223889523188
chrX	14300000	14400000	59100	13337.0	0.225668358714
chrX	14400000	14500000	56866	12087.0	0.212552315971
chrX	14500000	14600000	32378	7034.0	0.217246278337
chrX	14600000	14700000	0	0.0	NA
chrX	14700000	14800000	23736	5018.0	0.211408830468
chrX	14800000	14900000	27292	6049.0	0.221640041038
chrX	14900000	15000000	27057	6250.0	0.230993827845
chrX	15000000	15100000	49963	11102.0	0.222204431279
chrX	15100000	15200000	56446	12745.0	0.225791021507
chrX	15200000	15300000	38980	9081.0	0.232965623397
chrX	15300000	15400000	5035	1222.0	0.242701092354
chrX	15400000	15500000	0	0.0	NA
chrX	15500000	15600000	998	255.0	0.255511022044
chrX	15600000	15700000	7642	1788.0	0.233970164878
chrX	15700000	15800000	11180	2721.0	0.243381037567
chrX	15800000	15900000	14869	3004.0	0.202031071357
chrX	15900000	16000000	48708	10178.0	0.208959513838
chrX	16000000	16100000	59465	12503.0	0.210258135037
chrX	16100000	16200000	24325	5357.0	0.22022610483
chrX	16200000	16300000	34282	7326.0	0.213698150633
chrX	16300000	16400000	30047	6670.0	0.221985555962
chrX	16400000	16500000	49086	10517.0	0.214256610846
chrX	16500000	16600000	36093	7694.0	0.213171529105
chrX	16600000	16700000	287	63.0	0.219512195122
chrX	16700000	16800000	3029	729.0	0.240673489601
chrX	16800000	16900000	5887	1302.0	0.221165279429
chrX	16900000	17000000	23568	5392.0	0.22878479294
chrX	17000000	17100000	0	0.0	NA
chrX	17100000	17200000	17317	3927.0	0.226771380724
chrX	17200000	17300000	51614	10911.0	0.211396132832
chrX	17300000	17400000	41775	9414.0	0.225350089767
chrX	17400000	17500000	0	0.0	NA
chrX	17500000	17600000	0	0.0	NA
chrX	17600000	17700000	0	0.0	NA
chrX	17700000	17800000	3292	1127.0	0.342345078979
chrX	17800000	17900000	18605	4423.0	0.237731792529
chrX	17900000	18000000	60033	13241.0	0.22056202422
chrX	18000000	18100000	0	0.0	NA
chrX	18100000	18200000	33103	7405.0	0.223695737546
chrX	18200000	18300000	1651	503.0	0.304663840097
chrX	18300000	18400000	7935	1732.0	0.21827347196
chrX	18400000	18500000	12548	2869.0	0.228642014664
chrX	18500000	18600000	0	0.0	NA
chrX	18600000	18700000	1103	286.0	0.259292837715
chrX	18700000	18800000	2868	715.0	0.24930264993
chrX	18800000	18900000	695	228.0	0.328057553957
chrX	18900000	19000000	3024	967.0	0.319775132275
chrX	19000000	19100000	1875	371.0	0.197866666667
chrX	19100000	19200000	28990	6550.0	0.225939979303
chrX	19200000	19300000	45412	10471.0	0.23057782084
chrX	19300000	19400000	24667	5654.0	0.229213118742
chrX	19400000	19500000	0	0.0	NA
chrX	19500000	19600000	4017	924.0	0.23002240478
chrX	19600000	19700000	0	0.0	NA
chrX	19700000	19800000	0	0.0	NA
chrX	19800000	19900000	0	0.0	NA
chrX	19900000	20000000	10507	2327.0	0.221471400019
chrX	20000000	20100000	8160	1939.0	0.23762254902
chrX	20100000	20200000	2126	529.0	0.248824082785
chrX	20200000	20300000	6918	1305.0	0.188638334779
chrX	20300000	20400000	56778	12443.0	0.219151784142
chrX	20400000	20500000	39939	8763.0	0.219409599639
chrX	20500000	20600000	55113	11836.0	0.214758768349
chrX	20600000	20700000	54524	11427.0	0.209577433791
chrX	20700000	20800000	36114	7793.0	0.215788890735
chrX	20800000	20900000	0	0.0	NA
chrX	20900000	21000000	0	0.0	NA
chrX	21000000	21100000	0	0.0	NA
chrX	21100000	21200000	34229	7037.0	0.205585906687
chrX	21200000	21300000	23291	5000.0	0.214675196428
chrX	21300000	21400000	22703	4928.0	0.217063824164
chrX	21400000	21500000	0	0.0	NA
chrX	21500000	21600000	0	0.0	NA
chrX	21600000	21700000	15645	3500.0	0.223713646532
chrX	21700000	21800000	27075	6346.0	0.234385964912
chrX	21800000	21900000	35793	7834.0	0.218869611377
chrX	21900000	22000000	19616	4304.0	0.219412724307
chrX	22000000	22100000	16747	4082.0	0.243745148385
chrX	22100000	22200000	0	0.0	NA
chrX	22200000	22300000	0	0.0	NA
chrX	22300000	22400000	0	0.0	NA
chrX	22400000	22500000	0	0.0	NA
chrX	22500000	22600000	0	0.0	NA
chrX	22600000	22700000	0	0.0	NA
chrX	22700000	22800000	0	0.0	NA
chrX	22800000	22900000	0	0.0	NA
chrX	22900000	23000000	0	0.0	NA
chrX	23000000	23100000	0	0.0	NA
chrX	23100000	23200000	0	0.0	NA
chrX	23200000	23300000	0	0.0	NA
chrX	23300000	23400000	31875	7265.0	0.227921568627
chrX	23400000	23500000	19038	4264.0	0.223973106419
chrX	23500000	23600000	29821	6879.0	0.230676369002
chrX	23600000	23700000	41580	12751.0	0.306661856662
chrX	23700000	23800000	3457	795.0	0.229968180503
chrX	23800000	23900000	15297	3337.0	0.218147349153
chrX	23900000	24000000	12408	2626.0	0.211637653127
chrX	24000000	24100000	3302	711.0	0.215324046033
chrX	24100000	24200000	4853	964.0	0.198640016485
chrX	24200000	24300000	25157	5536.0	0.220058035537
chrX	24300000	24400000	26984	6494.0	0.240661132523
chrX	24400000	24500000	40256	9150.0	0.227295310016
chrX	24500000	24600000	4296	1098.0	0.255586592179
chrX	24600000	24700000	3389	758.0	0.223664797875
chrX	24700000	24800000	2918	675.0	0.231322823852
chrX	24800000	24900000	0	0.0	NA
chrX	24900000	25000000	0	0.0	NA
chrX	25000000	25100000	38020	7826.0	0.205839032088
chrX	25100000	25200000	48285	9317.0	0.192958475717
chrX	25200000	25300000	59092	11992.0	0.202937791918
chrX	25300000	25400000	38023	8808.0	0.231649264919
chrX	25400000	25500000	55287	11761.0	0.212726319026
chrX	25500000	25600000	62200	14460.0	0.232475884244
chrX	25600000	25700000	48703	11355.0	0.233147855368
chrX	25700000	25800000	54053	12929.0	0.239191164228
chrX	25800000	25900000	45746	10776.0	0.235561579154
chrX	25900000	26000000	31368	7229.0	0.23045779138
chrX	26000000	26100000	41459	9836.0	0.237246436238
chrX	26100000	26200000	39934	9795.0	0.245279711524
chrX	26200000	26300000	27666	7533.0	0.272283669486
chrX	26300000	26400000	33528	8426.0	0.251312335958
chrX	26400000	26500000	51443	12706.0	0.246991816185
chrX	26500000	26600000	40831	10212.0	0.250104087581
chrX	26600000	26700000	37055	9165.0	0.247335042504
chrX	26700000	26800000	30281	7031.0	0.232191803441
chrX	26800000	26900000	45504	10581.0	0.232529008439
chrX	26900000	27000000	45004	10094.0	0.224291174118
chrX	27000000	27100000	27663	6358.0	0.229837689332
chrX	27100000	27200000	0	0.0	NA
chrX	27200000	27300000	0	0.0	NA
chrX	27300000	27400000	0	0.0	NA
chrX	27400000	27500000	43017	9865.0	0.229327940117
chrX	27500000	27600000	32316	7075.0	0.21893179849
chrX	27600000	27700000	3316	750.0	0.226176115802
chrX	27700000	27800000	15628	3680.0	0.235474788841
chrX	27800000	27900000	57960	14218.0	0.245307108351
chrX	27900000	28000000	54587	11978.0	0.219429534505
chrX	28000000	28100000	42881	10508.0	0.245050255358
chrX	28100000	28200000	40335	9108.0	0.225808850874
chrX	28200000	28300000	50345	11680.0	0.231999205482
chrX	28300000	28400000	42843	9732.0	0.227154961137
chrX	28400000	28500000	44724	10069.0	0.225136392094
chrX	28500000	28600000	49310	10708.0	0.217156763334
chrX	28600000	28700000	0	0.0	NA
chrX	28700000	28800000	0	0.0	NA
chrX	28800000	28900000	0	0.0	NA
chrX	28900000	29000000	0	0.0	NA
chrX	29000000	29100000	0	0.0	NA
chrX	29100000	29200000	0	0.0	NA
chrX	29200000	29300000	0	0.0	NA
chrX	29300000	29400000	0	0.0	NA
chrX	29400000	29500000	0	0.0	NA
chrX	29500000	29600000	0	0.0	NA
chrX	29600000	29700000	0	0.0	NA
chrX	29700000	29800000	0	0.0	NA
chrX	29800000	29900000	0	0.0	NA
chrX	29900000	30000000	14483	2882.0	0.198991921563
chrX	30000000	30100000	43073	10209.0	0.237016228264
chrX	30100000	30200000	42879	9917.0	0.231278714522
chrX	30200000	30300000	30946	7590.0	0.245265947134
chrX	30300000	30400000	37910	8802.0	0.232181482458
chrX	30400000	30500000	61024	14394.0	0.235874410068
chrX	30500000	30600000	35045	8351.0	0.238293622485
chrX	30600000	30700000	26062	6058.0	0.232445706392
chrX	30700000	30800000	10156	2710.0	0.266837337534
chrX	30800000	30900000	9305	2459.0	0.264266523375
chrX	30900000	31000000	2316	594.0	0.256476683938
chrX	31000000	31100000	54197	11912.0	0.219790763326
chrX	31100000	31200000	21420	5061.0	0.236274509804
chrX	31200000	31300000	0	0.0	NA
chrX	31300000	31400000	0	0.0	NA
chrX	31400000	31500000	0	0.0	NA
chrX	31500000	31600000	0	0.0	NA
chrX	31600000	31700000	0	0.0	NA
chrX	31700000	31800000	0	0.0	NA
chrX	31800000	31900000	0	0.0	NA
chrX	31900000	32000000	0	0.0	NA
chrX	32000000	32100000	0	0.0	NA
chrX	32100000	32200000	0	0.0	NA
chrX	32200000	32300000	0	0.0	NA
chrX	32300000	32400000	0	0.0	NA
chrX	32400000	32500000	0	0.0	NA
chrX	32500000	32600000	0	0.0	NA
chrX	32600000	32700000	0	0.0	NA
chrX	32700000	32800000	0	0.0	NA
chrX	32800000	32900000	0	0.0	NA
chrX	32900000	33000000	0	0.0	NA
chrX	33000000	33100000	0	0.0	NA
chrX	33100000	33200000	0	0.0	NA
chrX	33200000	33300000	0	0.0	NA
chrX	33300000	33400000	10509	2732.0	0.259967646779
chrX	33400000	33500000	29840	7852.0	0.263136729223
chrX	33500000	33600000	23003	6320.0	0.27474677216
chrX	33600000	33700000	47520	12790.0	0.26914983165
chrX	33700000	33800000	26816	6955.0	0.259360083532
chrX	33800000	33900000	0	0.0	NA
chrX	33900000	34000000	10900	2687.0	0.246513761468
chrX	34000000	34100000	33158	8219.0	0.247873816274
chrX	34100000	34200000	24034	5890.0	0.245069484896
chrX	34200000	34300000	4711	1136.0	0.241137762683
chrX	34300000	34400000	0	0.0	NA
chrX	34400000	34500000	17460	4345.0	0.248854524628
chrX	34500000	34600000	47978	11228.0	0.234023927633
chrX	34600000	34700000	36687	8103.0	0.220868427508
chrX	34700000	34800000	51158	11853.0	0.231693967708
chrX	34800000	34900000	38554	9097.0	0.235954764746
chrX	34900000	35000000	41893	10090.0	0.2408516936
chrX	35000000	35100000	38708	9953.0	0.25713030898
chrX	35100000	35200000	47787	12151.0	0.254274174985
chrX	35200000	35300000	36189	9259.0	0.255851225511
chrX	35300000	35400000	34298	8824.0	0.257274476646
chrX	35400000	35500000	32594	8265.0	0.253574277474
chrX	35500000	35600000	30116	7459.0	0.247675654137
chrX	35600000	35700000	17167	3993.0	0.232597425293
chrX	35700000	35800000	26433	6613.0	0.250179699618
chrX	35800000	35900000	29636	7622.0	0.257187204751
chrX	35900000	36000000	12071	2903.0	0.24049374534
chrX	36000000	36100000	0	0.0	NA
chrX	36100000	36200000	0	0.0	NA
chrX	36200000	36300000	0	0.0	NA
chrX	36300000	36400000	0	0.0	NA
chrX	36400000	36500000	7518	1897.0	0.252327746741
chrX	36500000	36600000	30496	7919.0	0.25967339979
chrX	36600000	36700000	21689	5623.0	0.259255843976
chrX	36700000	36800000	46815	18646.0	0.398291146
chrX	36800000	36900000	32606	8709.0	0.267098080108
chrX	36900000	37000000	27753	6800.0	0.245018556552
chrX	37000000	37100000	20250	5043.0	0.249037037037
chrX	37100000	37200000	19110	4378.0	0.229094714809
chrX	37200000	37300000	4090	883.0	0.215892420538
chrX	37300000	37400000	0	0.0	NA
chrX	37400000	37500000	0	0.0	NA
chrX	37500000	37600000	0	0.0	NA
chrX	37600000	37700000	0	0.0	NA
chrX	37700000	37800000	0	0.0	NA
chrX	37800000	37900000	0	0.0	NA
chrX	37900000	38000000	0	0.0	NA
chrX	38000000	38100000	0	0.0	NA
chrX	38100000	38200000	0	0.0	NA
chrX	38200000	38300000	0	0.0	NA
chrX	38300000	38400000	0	0.0	NA
chrX	38400000	38500000	0	0.0	NA
chrX	38500000	38600000	21324	4973.0	0.23321140499
chrX	38600000	38700000	40498	9393.0	0.231937379624
chrX	38700000	38800000	71091	16982.0	0.238876932382
chrX	38800000	38900000	67513	15753.0	0.233332839601
chrX	38900000	39000000	49019	11991.0	0.244619433281
chrX	39000000	39100000	58093	14438.0	0.248532525433
chrX	39100000	39200000	9458	2464.0	0.260520194544
chrX	39200000	39300000	18755	4765.0	0.254065582511
chrX	39300000	39400000	77645	19202.0	0.247305042179
chrX	39400000	39500000	57838	14285.0	0.246982952384
chrX	39500000	39600000	68324	15506.0	0.226948070956
chrX	39600000	39700000	59042	14300.0	0.242200467464
chrX	39700000	39800000	60593	15223.0	0.25123364085
chrX	39800000	39900000	48199	11744.0	0.243656507396
chrX	39900000	40000000	2384	614.0	0.25755033557
chrX	40000000	40100000	19988	4534.0	0.226836101661
chrX	40100000	40200000	30760	7538.0	0.245058517555
chrX	40200000	40300000	35344	8901.0	0.251839067451
chrX	40300000	40400000	58450	14138.0	0.241881950385
chrX	40400000	40500000	20703	4600.0	0.22219002077
chrX	40500000	40600000	0	0.0	NA
chrX	40600000	40700000	17846	3804.0	0.213157009974
chrX	40700000	40800000	30971	6617.0	0.213651480417
chrX	40800000	40900000	26992	6207.0	0.229957024303
chrX	40900000	41000000	10778	2396.0	0.222304694749
chrX	41000000	41100000	998	221.0	0.221442885772
chrX	41100000	41200000	20518	5074.0	0.247295057998
chrX	41200000	41300000	17245	4083.0	0.236764279501
chrX	41300000	41400000	8809	2119.0	0.240549438075
chrX	41400000	41500000	0	0.0	NA
chrX	41500000	41600000	0	0.0	NA
chrX	41600000	41700000	0	0.0	NA
chrX	41700000	41800000	12306	2580.0	0.209653827401
chrX	41800000	41900000	50511	10946.0	0.216705272119
chrX	41900000	42000000	53417	11836.0	0.221577400453
chrX	42000000	42100000	55413	12746.0	0.23001822677
chrX	42100000	42200000	9357	2330.0	0.249011435289
chrX	42200000	42300000	0	0.0	NA
chrX	42300000	42400000	0	0.0	NA
chrX	42400000	42500000	0	0.0	NA
chrX	42500000	42600000	28587	6601.0	0.230909154511
chrX	42600000	42700000	35496	7876.0	0.221884155961
chrX	42700000	42800000	52693	11722.0	0.222458391058
chrX	42800000	42900000	33242	7464.0	0.224535226521
chrX	42900000	43000000	57416	12912.0	0.224885049464
chrX	43000000	43100000	31114	7225.0	0.232210580446
chrX	43100000	43200000	26992	6456.0	0.239181979846
chrX	43200000	43300000	30096	7251.0	0.240929027113
chrX	43300000	43400000	39182	9564.0	0.244091674749
chrX	43400000	43500000	29090	7121.0	0.244792024751
chrX	43500000	43600000	3661	845.0	0.230811253756
chrX	43600000	43700000	12451	3064.0	0.246084651835
chrX	43700000	43800000	28535	7134.0	0.25000876117
chrX	43800000	43900000	44633	10151.0	0.227432617122
chrX	43900000	44000000	50292	10989.0	0.218503937008
chrX	44000000	44100000	3262	615.0	0.188534641324
chrX	44100000	44200000	0	0.0	NA
chrX	44200000	44300000	26233	5780.0	0.220333168147
chrX	44300000	44400000	32125	7268.0	0.226241245136
chrX	44400000	44500000	17302	3750.0	0.21673794937
chrX	44500000	44600000	36650	7990.0	0.218008185539
chrX	44600000	44700000	21317	4498.0	0.211005300934
chrX	44700000	44800000	12061	2604.0	0.215902495647
chrX	44800000	44900000	0	0.0	NA
chrX	44900000	45000000	10664	2301.0	0.215772693173
chrX	45000000	45100000	3290	809.0	0.245896656535
chrX	45100000	45200000	706	165.0	0.233711048159
chrX	45200000	45300000	29427	6772.0	0.230128793285
chrX	45300000	45400000	18559	4211.0	0.22689800097
chrX	45400000	45500000	0	0.0	NA
chrX	45500000	45600000	33802	7367.0	0.217945683687
chrX	45600000	45700000	45463	10955.0	0.240965180476
chrX	45700000	45800000	48896	10738.0	0.219608965969
chrX	45800000	45900000	42204	8954.0	0.212159984836
chrX	45900000	46000000	22277	5159.0	0.231584145082
chrX	46000000	46100000	40097	8634.0	0.215327830012
chrX	46100000	46200000	39276	8605.0	0.219090538751
chrX	46200000	46300000	27947	5998.0	0.214620531721
chrX	46300000	46400000	1504	523.0	0.347739361702
chrX	46400000	46500000	4559	1064.0	0.233384514148
chrX	46500000	46600000	0	0.0	NA
chrX	46600000	46700000	26535	6161.0	0.232183908046
chrX	46700000	46800000	5288	1081.0	0.204425113464
chrX	46800000	46900000	0	0.0	NA
chrX	46900000	47000000	14797	3552.0	0.240048658512
chrX	47000000	47100000	2613	612.0	0.234213547646
chrX	47100000	47200000	10581	2610.0	0.246668556847
chrX	47200000	47300000	11732	2854.0	0.243266280259
chrX	47300000	47400000	7772	1912.0	0.246011322697
chrX	47400000	47500000	8286	2074.0	0.250301713734
chrX	47500000	47600000	3855	917.0	0.237872892348
chrX	47600000	47700000	13270	3237.0	0.243933685004
chrX	47700000	47800000	3373	688.0	0.203972724578
chrX	47800000	47900000	5398	1442.0	0.267135976288
chrX	47900000	48000000	4139	984.0	0.237738584199
chrX	48000000	48100000	7448	1964.0	0.263694951665
chrX	48100000	48200000	3561	972.0	0.272957034541
chrX	48200000	48300000	923	215.0	0.232936078007
chrX	48300000	48400000	12561	3126.0	0.248865536183
chrX	48400000	48500000	5596	1552.0	0.277340957827
chrX	48500000	48600000	8335	2100.0	0.251949610078
chrX	48600000	48700000	11976	2978.0	0.248663994656
chrX	48700000	48800000	2439	617.0	0.252972529725
chrX	48800000	48900000	619	149.0	0.24071082391
chrX	48900000	49000000	1965	515.0	0.262086513995
chrX	49000000	49100000	1299	362.0	0.278675904542
chrX	49100000	49200000	4951	1203.0	0.242981215916
chrX	49200000	49300000	0	0.0	NA
chrX	49300000	49400000	7581	1830.0	0.241392956074
chrX	49400000	49500000	16084	3527.0	0.219286247202
chrX	49500000	49600000	32127	8245.0	0.256637719053
chrX	49600000	49700000	37575	8711.0	0.231829673985
chrX	49700000	49800000	0	0.0	NA
chrX	49800000	49900000	10380	2338.0	0.225240847784
chrX	49900000	50000000	20548	4884.0	0.237687366167
chrX	50000000	50100000	442	97.0	0.219457013575
chrX	50100000	50200000	259	54.0	0.208494208494
chrX	50200000	50300000	47842	10133.0	0.211801346098
chrX	50300000	50400000	13597	2833.0	0.208354784144
chrX	50400000	50500000	0	0.0	NA
chrX	50500000	50600000	17869	4026.0	0.225306396553
chrX	50600000	50700000	28808	6558.0	0.227645098584
chrX	50700000	50800000	5650	1363.0	0.241238938053
chrX	50800000	50900000	1058	284.0	0.26843100189
chrX	50900000	51000000	13281	3265.0	0.245839921693
chrX	51000000	51100000	20581	5301.0	0.257567659492
chrX	51100000	51200000	0	0.0	NA
chrX	51200000	51300000	4510	1079.0	0.239246119734
chrX	51300000	51400000	15676	3959.0	0.252551671345
chrX	51400000	51500000	17194	4225.0	0.245725252995
chrX	51500000	51600000	13159	3519.0	0.267421536591
chrX	51600000	51700000	9002	2185.0	0.242723839147
chrX	51700000	51800000	5608	1456.0	0.259629101284
chrX	51800000	51900000	6446	1711.0	0.265435929258
chrX	51900000	52000000	5471	1405.0	0.256808627308
chrX	52000000	52100000	10688	3110.0	0.290980538922
chrX	52100000	52200000	0	0.0	NA
chrX	52200000	52300000	0	0.0	NA
chrX	52300000	52400000	0	0.0	NA
chrX	52400000	52500000	0	0.0	NA
chrX	52500000	52600000	3749	1116.0	0.297679381168
chrX	52600000	52700000	5756	1906.0	0.331132731063
chrX	52700000	52800000	0	0.0	NA
chrX	52800000	52900000	6859	2161.0	0.315060504447
chrX	52900000	53000000	1347	432.0	0.320712694878
chrX	53000000	53100000	8249	2064.0	0.250212146927
chrX	53100000	53200000	1912	373.0	0.195083682008
chrX	53200000	53300000	6674	1497.0	0.224303266407
chrX	53300000	53400000	16956	3514.0	0.207242274121
chrX	53400000	53500000	9579	2057.0	0.214740578348
chrX	53500000	53600000	3721	907.0	0.243751679656
chrX	53600000	53700000	0	0.0	NA
chrX	53700000	53800000	25252	5586.0	0.221210201172
chrX	53800000	53900000	10005	2306.0	0.230484757621
chrX	53900000	54000000	12532	2850.0	0.227417810405
chrX	54000000	54100000	7016	1537.0	0.219070695553
chrX	54100000	54200000	0	0.0	NA
chrX	54200000	54300000	4896	966.0	0.197303921569
chrX	54300000	54400000	3969	859.0	0.216427311665
chrX	54400000	54500000	14465	3164.0	0.21873487729
chrX	54500000	54600000	6640	1405.0	0.211596385542
chrX	54600000	54700000	4249	960.0	0.225935514239
chrX	54700000	54800000	3498	784.0	0.224128073185
chrX	54800000	54900000	12129	3135.0	0.258471432105
chrX	54900000	55000000	527	142.0	0.26944971537
chrX	55000000	55100000	0	0.0	NA
chrX	55100000	55200000	5431	1776.0	0.327011600074
chrX	55200000	55300000	0	0.0	NA
chrX	55300000	55400000	802	203.0	0.253117206983
chrX	55400000	55500000	452	128.0	0.283185840708
chrX	55500000	55600000	15056	4188.0	0.278161530287
chrX	55600000	55700000	9053	2167.0	0.239368165249
chrX	55700000	55800000	2717	714.0	0.262789841737
chrX	55800000	55900000	0	0.0	NA
chrX	55900000	56000000	683	163.0	0.238653001464
chrX	56000000	56100000	0	0.0	NA
chrX	56100000	56200000	0	0.0	NA
chrX	56200000	56300000	0	0.0	NA
chrX	56300000	56400000	0	0.0	NA
chrX	56400000	56500000	0	0.0	NA
chrX	56500000	56600000	4792	1104.0	0.230383973289
chrX	56600000	56700000	428	115.0	0.268691588785
chrX	56700000	56800000	1485	360.0	0.242424242424
chrX	56800000	56900000	0	0.0	NA
chrX	56900000	57000000	0	0.0	NA
chrX	57000000	57100000	6010	1641.0	0.273044925125
chrX	57100000	57200000	3431	981.0	0.285922471583
chrX	57200000	57300000	0	0.0	NA
chrX	57300000	57400000	0	0.0	NA
chrX	57400000	57500000	0	0.0	NA
chrX	57500000	57600000	0	0.0	NA
chrX	57600000	57700000	5458	1672.0	0.306339318432
chrX	57700000	57800000	0	0.0	NA
chrX	57800000	57900000	1715	435.0	0.253644314869
chrX	57900000	58000000	7093	1806.0	0.254617228253
chrX	58000000	58100000	0	0.0	NA
chrX	58100000	58200000	0	0.0	NA
chrX	58200000	58300000	0	0.0	NA
chrX	58300000	58400000	0	0.0	NA
chrX	58400000	58500000	0	0.0	NA
chrX	58500000	58600000	0	0.0	NA
chrX	58600000	58700000	0	0.0	NA
chrX	58700000	58800000	0	0.0	NA
chrX	58800000	58900000	0	0.0	NA
chrX	58900000	59000000	0	0.0	NA
chrX	59000000	59100000	0	0.0	NA
chrX	59100000	59200000	0	0.0	NA
chrX	59200000	59300000	0	0.0	NA
chrX	59300000	59400000	0	0.0	NA
chrX	59400000	59500000	0	0.0	NA
chrX	59500000	59600000	0	0.0	NA
chrX	59600000	59700000	0	0.0	NA
chrX	59700000	59800000	0	0.0	NA
chrX	59800000	59900000	0	0.0	NA
chrX	59900000	60000000	0	0.0	NA
chrX	60000000	60100000	0	0.0	NA
chrX	60100000	60200000	0	0.0	NA
chrX	60200000	60300000	0	0.0	NA
chrX	60300000	60400000	0	0.0	NA
chrX	60400000	60500000	0	0.0	NA
chrX	60500000	60600000	0	0.0	NA
chrX	60600000	60700000	0	0.0	NA
chrX	60700000	60800000	0	0.0	NA
chrX	60800000	60900000	0	0.0	NA
chrX	60900000	61000000	0	0.0	NA
chrX	61000000	61100000	0	0.0	NA
chrX	61100000	61200000	0	0.0	NA
chrX	61200000	61300000	0	0.0	NA
chrX	61300000	61400000	0	0.0	NA
chrX	61400000	61500000	0	0.0	NA
chrX	61500000	61600000	0	0.0	NA
chrX	61600000	61700000	0	0.0	NA
chrX	61700000	61800000	0	0.0	NA
chrX	61800000	61900000	0	0.0	NA
chrX	61900000	62000000	0	0.0	NA
chrX	62000000	62100000	10270	2722.0	0.265043816943
chrX	62100000	62200000	0	0.0	NA
chrX	62200000	62300000	0	0.0	NA
chrX	62300000	62400000	0	0.0	NA
chrX	62400000	62500000	0	0.0	NA
chrX	62500000	62600000	0	0.0	NA
chrX	62600000	62700000	0	0.0	NA
chrX	62700000	62800000	1094	277.0	0.253199268739
chrX	62800000	62900000	199	59.0	0.29648241206
chrX	62900000	63000000	0	0.0	NA
chrX	63000000	63100000	17335	4298.0	0.247937698298
chrX	63100000	63200000	8583	2275.0	0.265058837236
chrX	63200000	63300000	0	0.0	NA
chrX	63300000	63400000	1946	503.0	0.258478931141
chrX	63400000	63500000	7729	1901.0	0.24595678613
chrX	63500000	63600000	0	0.0	NA
chrX	63600000	63700000	4732	1177.0	0.248732037194
chrX	63700000	63800000	0	0.0	NA
chrX	63800000	63900000	0	0.0	NA
chrX	63900000	64000000	0	0.0	NA
chrX	64000000	64100000	836	226.0	0.27033492823
chrX	64100000	64200000	764	201.0	0.263089005236
chrX	64200000	64300000	5375	1138.0	0.211720930233
chrX	64300000	64400000	2630	665.0	0.252851711027
chrX	64400000	64500000	2101	505.0	0.240361732508
chrX	64500000	64600000	6189	1562.0	0.252383260624
chrX	64600000	64700000	591	145.0	0.245346869712
chrX	64700000	64800000	9296	2286.0	0.24591222031
chrX	64800000	64900000	9694	2356.0	0.24303693006
chrX	64900000	65000000	74	13.0	0.175675675676
chrX	65000000	65100000	0	0.0	NA
chrX	65100000	65200000	962	253.0	0.262993762994
chrX	65200000	65300000	32700	8046.0	0.246055045872
chrX	65300000	65400000	6391	1722.0	0.269441401972
chrX	65400000	65500000	0	0.0	NA
chrX	65500000	65600000	0	0.0	NA
chrX	65600000	65700000	3074	829.0	0.269681197137
chrX	65700000	65800000	0	0.0	NA
chrX	65800000	65900000	3292	846.0	0.256986634265
chrX	65900000	66000000	14934	4209.0	0.281840096424
chrX	66000000	66100000	14705	3901.0	0.265283917035
chrX	66100000	66200000	25480	6603.0	0.259144427002
chrX	66200000	66300000	13763	3740.0	0.271743079271
chrX	66300000	66400000	16579	4457.0	0.268834067193
chrX	66400000	66500000	3678	942.0	0.256117455139
chrX	66500000	66600000	20485	5484.0	0.267708079082
chrX	66600000	66700000	1190	328.0	0.275630252101
chrX	66700000	66800000	21271	5112.0	0.240327206055
chrX	66800000	66900000	0	0.0	NA
chrX	66900000	67000000	20799	5099.0	0.245156017116
chrX	67000000	67100000	5065	1252.0	0.247186574531
chrX	67100000	67200000	0	0.0	NA
chrX	67200000	67300000	4867	1247.0	0.256215327717
chrX	67300000	67400000	0	0.0	NA
chrX	67400000	67500000	0	0.0	NA
chrX	67500000	67600000	0	0.0	NA
chrX	67600000	67700000	4388	1035.0	0.235870556062
chrX	67700000	67800000	2918	701.0	0.240233036326
chrX	67800000	67900000	10749	2534.0	0.235742859801
chrX	67900000	68000000	19150	4979.0	0.26
chrX	68000000	68100000	41260	10052.0	0.243625787688
chrX	68100000	68200000	62739	14844.0	0.236599244489
chrX	68200000	68300000	69575	17324.0	0.248997484729
chrX	68300000	68400000	68765	16463.0	0.239409583364
chrX	68400000	68500000	46970	11389.0	0.242473919523
chrX	68500000	68600000	56796	13376.0	0.235509542926
chrX	68600000	68700000	41638	9247.0	0.222080791585
chrX	68700000	68800000	40359	8761.0	0.217076736292
chrX	68800000	68900000	16394	3478.0	0.212150786873
chrX	68900000	69000000	0	0.0	NA
chrX	69000000	69100000	0	0.0	NA
chrX	69100000	69200000	0	0.0	NA
chrX	69200000	69300000	12948	3180.0	0.245597775718
chrX	69300000	69400000	23369	5225.0	0.22358680303
chrX	69400000	69500000	18996	4228.0	0.2225731733
chrX	69500000	69600000	0	0.0	NA
chrX	69600000	69700000	1577	380.0	0.240963855422
chrX	69700000	69800000	7245	1865.0	0.257418909593
chrX	69800000	69900000	0	0.0	NA
chrX	69900000	70000000	0	0.0	NA
chrX	70000000	70100000	0	0.0	NA
chrX	70100000	70200000	12956	2696.0	0.208088916332
chrX	70200000	70300000	16613	3414.0	0.205501715524
chrX	70300000	70400000	11849	2492.0	0.210313106591
chrX	70400000	70500000	2821	614.0	0.217653314428
chrX	70500000	70600000	0	0.0	NA
chrX	70600000	70700000	0	0.0	NA
chrX	70700000	70800000	0	0.0	NA
chrX	70800000	70900000	0	0.0	NA
chrX	70900000	71000000	0	0.0	NA
chrX	71000000	71100000	8894	2839.0	0.319203957724
chrX	71100000	71200000	3864	783.0	0.202639751553
chrX	71200000	71300000	0	0.0	NA
chrX	71300000	71400000	2309	526.0	0.227804244262
chrX	71400000	71500000	3554	819.0	0.230444569499
chrX	71500000	71600000	17614	3908.0	0.221868967866
chrX	71600000	71700000	0	0.0	NA
chrX	71700000	71800000	2439	528.0	0.216482164822
chrX	71800000	71900000	0	0.0	NA
chrX	71900000	72000000	4094	922.0	0.225207620909
chrX	72000000	72100000	0	0.0	NA
chrX	72100000	72200000	0	0.0	NA
chrX	72200000	72300000	0	0.0	NA
chrX	72300000	72400000	3237	774.0	0.239110287303
chrX	72400000	72500000	3936	907.0	0.23043699187
chrX	72500000	72600000	239	63.0	0.26359832636
chrX	72600000	72700000	4275	1070.0	0.250292397661
chrX	72700000	72800000	0	0.0	NA
chrX	72800000	72900000	0	0.0	NA
chrX	72900000	73000000	4968	1109.0	0.223228663446
chrX	73000000	73100000	2033	491.0	0.241515002459
chrX	73100000	73200000	10917	2584.0	0.236695062746
chrX	73200000	73300000	0	0.0	NA
chrX	73300000	73400000	0	0.0	NA
chrX	73400000	73500000	0	0.0	NA
chrX	73500000	73600000	18468	4356.0	0.235867446394
chrX	73600000	73700000	9006	1907.0	0.21174772374
chrX	73700000	73800000	8322	1828.0	0.219658735881
chrX	73800000	73900000	15156	3455.0	0.227962523093
chrX	73900000	74000000	5272	1282.0	0.243171471927
chrX	74000000	74100000	0	0.0	NA
chrX	74100000	74200000	19725	4572.0	0.231787072243
chrX	74200000	74300000	6080	1419.0	0.233388157895
chrX	74300000	74400000	2349	495.0	0.210727969349
chrX	74400000	74500000	1987	457.0	0.229994967287
chrX	74500000	74600000	789	186.0	0.235741444867
chrX	74600000	74700000	0	0.0	NA
chrX	74700000	74800000	0	0.0	NA
chrX	74800000	74900000	323	113.0	0.349845201238
chrX	74900000	75000000	2258	632.0	0.279893711249
chrX	75000000	75100000	5428	1500.0	0.276344878408
chrX	75100000	75200000	1414	388.0	0.274398868458
chrX	75200000	75300000	790	222.0	0.281012658228
chrX	75300000	75400000	7339	1807.0	0.246218830903
chrX	75400000	75500000	2802	628.0	0.224125624554
chrX	75500000	75600000	0	0.0	NA
chrX	75600000	75700000	0	0.0	NA
chrX	75700000	75800000	0	0.0	NA
chrX	75800000	75900000	0	0.0	NA
chrX	75900000	76000000	0	0.0	NA
chrX	76000000	76100000	0	0.0	NA
chrX	76100000	76200000	0	0.0	NA
chrX	76200000	76300000	15111	3552.0	0.235060551916
chrX	76300000	76400000	8560	2204.0	0.257476635514
chrX	76400000	76500000	2081	484.0	0.232580490149
chrX	76500000	76600000	7363	1728.0	0.234686948255
chrX	76600000	76700000	19003	4076.0	0.214492448561
chrX	76700000	76800000	11594	2312.0	0.199413489736
chrX	76800000	76900000	0	0.0	NA
chrX	76900000	77000000	0	0.0	NA
chrX	77000000	77100000	496	112.0	0.225806451613
chrX	77100000	77200000	1076	262.0	0.243494423792
chrX	77200000	77300000	0	0.0	NA
chrX	77300000	77400000	930	218.0	0.234408602151
chrX	77400000	77500000	0	0.0	NA
chrX	77500000	77600000	2216	521.0	0.235108303249
chrX	77600000	77700000	1335	350.0	0.262172284644
chrX	77700000	77800000	0	0.0	NA
chrX	77800000	77900000	9213	2428.0	0.263540649083
chrX	77900000	78000000	31539	7717.0	0.24468118837
chrX	78000000	78100000	25871	6566.0	0.253797688532
chrX	78100000	78200000	6579	1861.0	0.282869737042
chrX	78200000	78300000	3106	755.0	0.243077913715
chrX	78300000	78400000	17479	4778.0	0.273356599348
chrX	78400000	78500000	3288	918.0	0.279197080292
chrX	78500000	78600000	15681	4077.0	0.259996173713
chrX	78600000	78700000	7554	2025.0	0.268069896743
chrX	78700000	78800000	0	0.0	NA
chrX	78800000	78900000	0	0.0	NA
chrX	78900000	79000000	0	0.0	NA
chrX	79000000	79100000	0	0.0	NA
chrX	79100000	79200000	0	0.0	NA
chrX	79200000	79300000	0	0.0	NA
chrX	79300000	79400000	0	0.0	NA
chrX	79400000	79500000	384	86.0	0.223958333333
chrX	79500000	79600000	0	0.0	NA
chrX	79600000	79700000	0	0.0	NA
chrX	79700000	79800000	4558	1148.0	0.251864853006
chrX	79800000	79900000	0	0.0	NA
chrX	79900000	80000000	1638	412.0	0.251526251526
chrX	80000000	80100000	3688	992.0	0.268980477223
chrX	80100000	80200000	4670	1423.0	0.304710920771
chrX	80200000	80300000	0	0.0	NA
chrX	80300000	80400000	1930	534.0	0.276683937824
chrX	80400000	80500000	0	0.0	NA
chrX	80500000	80600000	2382	644.0	0.270361041142
chrX	80600000	80700000	13568	3459.0	0.254938089623
chrX	80700000	80800000	1929	561.0	0.290824261275
chrX	80800000	80900000	0	0.0	NA
chrX	80900000	81000000	0	0.0	NA
chrX	81000000	81100000	6684	1869.0	0.279622980251
chrX	81100000	81200000	0	0.0	NA
chrX	81200000	81300000	435	112.0	0.257471264368
chrX	81300000	81400000	94	29.0	0.308510638298
chrX	81400000	81500000	6910	1982.0	0.286830680174
chrX	81500000	81600000	1948	533.0	0.273613963039
chrX	81600000	81700000	3049	767.0	0.251557887832
chrX	81700000	81800000	11137	3015.0	0.270719224208
chrX	81800000	81900000	11884	3070.0	0.258330528442
chrX	81900000	82000000	21347	5128.0	0.240221108352
chrX	82000000	82100000	17690	4493.0	0.253985302431
chrX	82100000	82200000	3971	1157.0	0.291362377235
chrX	82200000	82300000	10155	2869.0	0.282520925652
chrX	82300000	82400000	8535	2485.0	0.29115407147
chrX	82400000	82500000	2501	676.0	0.270291883247
chrX	82500000	82600000	13366	3317.0	0.248166990872
chrX	82600000	82700000	11111	3015.0	0.271352713527
chrX	82700000	82800000	33097	8169.0	0.24681995347
chrX	82800000	82900000	6633	1826.0	0.275290215589
chrX	82900000	83000000	0	0.0	NA
chrX	83000000	83100000	2533	769.0	0.303592577971
chrX	83100000	83200000	2783	754.0	0.270930650377
chrX	83200000	83300000	3147	823.0	0.261518906895
chrX	83300000	83400000	0	0.0	NA
chrX	83400000	83500000	19743	4829.0	0.244593020311
chrX	83500000	83600000	2768	950.0	0.343208092486
chrX	83600000	83700000	0	0.0	NA
chrX	83700000	83800000	5788	1484.0	0.256392536282
chrX	83800000	83900000	7896	2056.0	0.260385005066
chrX	83900000	84000000	9538	2338.0	0.245124764101
chrX	84000000	84100000	7340	1650.0	0.224795640327
chrX	84100000	84200000	0	0.0	NA
chrX	84200000	84300000	867	233.0	0.268742791234
chrX	84300000	84400000	0	0.0	NA
chrX	84400000	84500000	0	0.0	NA
chrX	84500000	84600000	1812	402.0	0.221854304636
chrX	84600000	84700000	3960	948.0	0.239393939394
chrX	84700000	84800000	19264	4729.0	0.245483803987
chrX	84800000	84900000	13098	3306.0	0.25240494732
chrX	84900000	85000000	4457	1126.0	0.252636302446
chrX	85000000	85100000	0	0.0	NA
chrX	85100000	85200000	69	18.0	0.260869565217
chrX	85200000	85300000	0	0.0	NA
chrX	85300000	85400000	20292	4422.0	0.217918391484
chrX	85400000	85500000	1682	323.0	0.192033293698
chrX	85500000	85600000	0	0.0	NA
chrX	85600000	85700000	0	0.0	NA
chrX	85700000	85800000	0	0.0	NA
chrX	85800000	85900000	0	0.0	NA
chrX	85900000	86000000	0	0.0	NA
chrX	86000000	86100000	4444	1114.0	0.250675067507
chrX	86100000	86200000	5105	1338.0	0.262095984329
chrX	86200000	86300000	0	0.0	NA
chrX	86300000	86400000	2049	589.0	0.287457296242
chrX	86400000	86500000	0	0.0	NA
chrX	86500000	86600000	0	0.0	NA
chrX	86600000	86700000	7011	1915.0	0.273142205106
chrX	86700000	86800000	6137	1606.0	0.261691380153
chrX	86800000	86900000	0	0.0	NA
chrX	86900000	87000000	0	0.0	NA
chrX	87000000	87100000	0	0.0	NA
chrX	87100000	87200000	0	0.0	NA
chrX	87200000	87300000	0	0.0	NA
chrX	87300000	87400000	0	0.0	NA
chrX	87400000	87500000	0	0.0	NA
chrX	87500000	87600000	0	0.0	NA
chrX	87600000	87700000	6746	1902.0	0.281944856211
chrX	87700000	87800000	0	0.0	NA
chrX	87800000	87900000	0	0.0	NA
chrX	87900000	88000000	0	0.0	NA
chrX	88000000	88100000	3673	1042.0	0.283691805064
chrX	88100000	88200000	0	0.0	NA
chrX	88200000	88300000	0	0.0	NA
chrX	88300000	88400000	0	0.0	NA
chrX	88400000	88500000	0	0.0	NA
chrX	88500000	88600000	0	0.0	NA
chrX	88600000	88700000	0	0.0	NA
chrX	88700000	88800000	0	0.0	NA
chrX	88800000	88900000	0	0.0	NA
chrX	88900000	89000000	0	0.0	NA
chrX	89000000	89100000	0	0.0	NA
chrX	89100000	89200000	0	0.0	NA
chrX	89200000	89300000	0	0.0	NA
chrX	89300000	89400000	0	0.0	NA
chrX	89400000	89500000	479	127.0	0.265135699374
chrX	89500000	89600000	0	0.0	NA
chrX	89600000	89700000	0	0.0	NA
chrX	89700000	89800000	0	0.0	NA
chrX	89800000	89900000	0	0.0	NA
chrX	89900000	90000000	23	6.0	0.260869565217
chrX	90000000	90100000	0	0.0	NA
chrX	90100000	90200000	0	0.0	NA
chrX	90200000	90300000	0	0.0	NA
chrX	90300000	90400000	0	0.0	NA
chrX	90400000	90500000	0	0.0	NA
chrX	90500000	90600000	2461	708.0	0.287687931735
chrX	90600000	90700000	4964	1255.0	0.252820306205
chrX	90700000	90800000	4223	1112.0	0.263319914753
chrX	90800000	90900000	12	2.0	0.166666666667
chrX	90900000	91000000	280	57.0	0.203571428571
chrX	91000000	91100000	95	23.0	0.242105263158
chrX	91100000	91200000	0	0.0	NA
chrX	91200000	91300000	0	0.0	NA
chrX	91300000	91400000	0	0.0	NA
chrX	91400000	91500000	0	0.0	NA
chrX	91500000	91600000	0	0.0	NA
chrX	91600000	91700000	0	0.0	NA
chrX	91700000	91800000	0	0.0	NA
chrX	91800000	91900000	0	0.0	NA
chrX	91900000	92000000	79	22.0	0.278481012658
chrX	92000000	92100000	0	0.0	NA
chrX	92100000	92200000	0	0.0	NA
chrX	92200000	92300000	0	0.0	NA
chrX	92300000	92400000	0	0.0	NA
chrX	92400000	92500000	0	0.0	NA
chrX	92500000	92600000	0	0.0	NA
chrX	92600000	92700000	0	0.0	NA
chrX	92700000	92800000	0	0.0	NA
chrX	92800000	92900000	1984	512.0	0.258064516129
chrX	92900000	93000000	8025	1940.0	0.241744548287
chrX	93000000	93100000	0	0.0	NA
chrX	93100000	93200000	0	0.0	NA
chrX	93200000	93300000	0	0.0	NA
chrX	93300000	93400000	0	0.0	NA
chrX	93400000	93500000	0	0.0	NA
chrX	93500000	93600000	0	0.0	NA
chrX	93600000	93700000	0	0.0	NA
chrX	93700000	93800000	0	0.0	NA
chrX	93800000	93900000	0	0.0	NA
chrX	93900000	94000000	0	0.0	NA
chrX	94000000	94100000	0	0.0	NA
chrX	94100000	94200000	0	0.0	NA
chrX	94200000	94300000	0	0.0	NA
chrX	94300000	94400000	0	0.0	NA
chrX	94400000	94500000	0	0.0	NA
chrX	94500000	94600000	0	0.0	NA
chrX	94600000	94700000	0	0.0	NA
chrX	94700000	94800000	0	0.0	NA
chrX	94800000	94900000	0	0.0	NA
chrX	94900000	95000000	19368	4404.0	0.227385377943
chrX	95000000	95100000	24940	5797.0	0.232437850842
chrX	95100000	95200000	10618	2422.0	0.228103220946
chrX	95200000	95300000	20361	4669.0	0.229310937577
chrX	95300000	95400000	6192	1487.0	0.240148578811
chrX	95400000	95500000	0	0.0	NA
chrX	95500000	95600000	18141	4487.0	0.247340278926
chrX	95600000	95700000	28950	6235.0	0.215371329879
chrX	95700000	95800000	12947	2772.0	0.214103653356
chrX	95800000	95900000	23323	4837.0	0.20739184496
chrX	95900000	96000000	19538	4412.0	0.225816357867
chrX	96000000	96100000	0	0.0	NA
chrX	96100000	96200000	0	0.0	NA
chrX	96200000	96300000	0	0.0	NA
chrX	96300000	96400000	0	0.0	NA
chrX	96400000	96500000	0	0.0	NA
chrX	96500000	96600000	0	0.0	NA
chrX	96600000	96700000	0	0.0	NA
chrX	96700000	96800000	0	0.0	NA
chrX	96800000	96900000	0	0.0	NA
chrX	96900000	97000000	47810	10499.0	0.219598410374
chrX	97000000	97100000	43631	9728.0	0.222960738924
chrX	97100000	97200000	42547	9059.0	0.212917479493
chrX	97200000	97300000	21261	4864.0	0.228775692583
chrX	97300000	97400000	26858	6286.0	0.234045721945
chrX	97400000	97500000	40320	8813.0	0.218576388889
chrX	97500000	97600000	32835	7270.0	0.221410080707
chrX	97600000	97700000	37731	8781.0	0.232726405343
chrX	97700000	97800000	34201	8117.0	0.237332241747
chrX	97800000	97900000	9228	2308.0	0.250108365843
chrX	97900000	98000000	0	0.0	NA
chrX	98000000	98100000	0	0.0	NA
chrX	98100000	98200000	29719	7299.0	0.24560045762
chrX	98200000	98300000	42615	9968.0	0.233908248269
chrX	98300000	98400000	33489	8014.0	0.239302457523
chrX	98400000	98500000	23644	5735.0	0.242556251057
chrX	98500000	98600000	28566	6802.0	0.238115241896
chrX	98600000	98700000	11968	3301.0	0.275818850267
chrX	98700000	98800000	8466	2017.0	0.238247106071
chrX	98800000	98900000	0	0.0	NA
chrX	98900000	99000000	0	0.0	NA
chrX	99000000	99100000	0	0.0	NA
chrX	99100000	99200000	2931	750.0	0.255885363357
chrX	99200000	99300000	50094	11823.0	0.236016289376
chrX	99300000	99400000	39084	8890.0	0.227458806673
chrX	99400000	99500000	43260	9367.0	0.216527970411
chrX	99500000	99600000	19253	4088.0	0.212330545889
chrX	99600000	99700000	25725	4828.0	0.187677356657
chrX	99700000	99800000	38254	8344.0	0.218120980812
chrX	99800000	99900000	25267	5365.0	0.212332291131
chrX	99900000	100000000	8279	1803.0	0.217779925112
chrX	100000000	100100000	7994	1724.0	0.21566174631
chrX	100100000	100200000	18748	3987.0	0.21266268402
chrX	100200000	100300000	10983	2438.0	0.221979422744
chrX	100300000	100400000	0	0.0	NA
chrX	100400000	100500000	16171	3519.0	0.217611774164
chrX	100500000	100600000	7629	1710.0	0.224144710971
chrX	100600000	100700000	1487	395.0	0.265635507734
chrX	100700000	100800000	0	0.0	NA
chrX	100800000	100900000	26508	6223.0	0.234759317942
chrX	100900000	101000000	43846	9940.0	0.226702549834
chrX	101000000	101100000	28185	6533.0	0.231789959198
chrX	101100000	101200000	9469	2374.0	0.250712852466
chrX	101200000	101300000	619	147.0	0.237479806139
chrX	101300000	101400000	6257	1598.0	0.255393958766
chrX	101400000	101500000	9324	2218.0	0.237880737881
chrX	101500000	101600000	0	0.0	NA
chrX	101600000	101700000	0	0.0	NA
chrX	101700000	101800000	5592	1328.0	0.23748211731
chrX	101800000	101900000	4980	1221.0	0.245180722892
chrX	101900000	102000000	172	47.0	0.273255813953
chrX	102000000	102100000	9421	2373.0	0.251884088738
chrX	102100000	102200000	448	126.0	0.28125
chrX	102200000	102300000	0	0.0	NA
chrX	102300000	102400000	0	0.0	NA
chrX	102400000	102500000	9695	2446.0	0.252294997421
chrX	102500000	102600000	25416	6116.0	0.240635819956
chrX	102600000	102700000	27802	6989.0	0.251384792461
chrX	102700000	102800000	16065	4671.0	0.290756302521
chrX	102800000	102900000	11591	2631.0	0.226986455008
chrX	102900000	103000000	24764	5345.0	0.215837506057
chrX	103000000	103100000	14968	3494.0	0.23343132015
chrX	103100000	103200000	5595	1678.0	0.299910634495
chrX	103200000	103300000	7013	2327.0	0.331812348496
chrX	103300000	103400000	6958	1798.0	0.258407588387
chrX	103400000	103500000	27760	6205.0	0.223523054755
chrX	103500000	103600000	48609	10534.0	0.216708839927
chrX	103600000	103700000	46745	10831.0	0.231703925554
chrX	103700000	103800000	48674	11180.0	0.229691416362
chrX	103800000	103900000	4443	1021.0	0.229799684898
chrX	103900000	104000000	0	0.0	NA
chrX	104000000	104100000	0	0.0	NA
chrX	104100000	104200000	0	0.0	NA
chrX	104200000	104300000	0	0.0	NA
chrX	104300000	104400000	0	0.0	NA
chrX	104400000	104500000	0	0.0	NA
chrX	104500000	104600000	0	0.0	NA
chrX	104600000	104700000	0	0.0	NA
chrX	104700000	104800000	0	0.0	NA
chrX	104800000	104900000	0	0.0	NA
chrX	104900000	105000000	0	0.0	NA
chrX	105000000	105100000	30780	6483.0	0.210623781676
chrX	105100000	105200000	0	0.0	NA
chrX	105200000	105300000	19061	4884.0	0.256229998426
chrX	105300000	105400000	11054	3002.0	0.271575900127
chrX	105400000	105500000	14264	3384.0	0.237240605721
chrX	105500000	105600000	16833	4282.0	0.254381274877
chrX	105600000	105700000	44678	11457.0	0.25643493442
chrX	105700000	105800000	13419	3637.0	0.271033609062
chrX	105800000	105900000	10220	2226.0	0.217808219178
chrX	105900000	106000000	2456	552.0	0.224755700326
chrX	106000000	106100000	2386	513.0	0.215004191115
chrX	106100000	106200000	0	0.0	NA
chrX	106200000	106300000	22747	5141.0	0.226007825208
chrX	106300000	106400000	2131	471.0	0.2210229939
chrX	106400000	106500000	4685	966.0	0.206189967983
chrX	106500000	106600000	46472	10257.0	0.220713547943
chrX	106600000	106700000	53663	12192.0	0.227195646908
chrX	106700000	106800000	41670	9794.0	0.235037197024
chrX	106800000	106900000	9306	2398.0	0.25768321513
chrX	106900000	107000000	25822	6555.0	0.253853303385
chrX	107000000	107100000	11408	2610.0	0.228786816269
chrX	107100000	107200000	1924	448.0	0.232848232848
chrX	107200000	107300000	32647	7457.0	0.228413024168
chrX	107300000	107400000	1869	445.0	0.238095238095
chrX	107400000	107500000	0	0.0	NA
chrX	107500000	107600000	0	0.0	NA
chrX	107600000	107700000	0	0.0	NA
chrX	107700000	107800000	0	0.0	NA
chrX	107800000	107900000	0	0.0	NA
chrX	107900000	108000000	17747	4080.0	0.229898010931
chrX	108000000	108100000	13090	2978.0	0.227501909855
chrX	108100000	108200000	18247	4512.0	0.247273524415
chrX	108200000	108300000	23678	5270.0	0.222569473773
chrX	108300000	108400000	17515	3866.0	0.220725092778
chrX	108400000	108500000	14959	3659.0	0.244601911893
chrX	108500000	108600000	35570	8139.0	0.22881641833
chrX	108600000	108700000	11415	2385.0	0.208935611038
chrX	108700000	108800000	10814	2678.0	0.247641945626
chrX	108800000	108900000	34530	8463.0	0.245091225022
chrX	108900000	109000000	9980	2354.0	0.235871743487
chrX	109000000	109100000	50535	12402.0	0.245414069457
chrX	109100000	109200000	46349	11594.0	0.25014563421
chrX	109200000	109300000	17114	3998.0	0.233609910015
chrX	109300000	109400000	0	0.0	NA
chrX	109400000	109500000	8775	2261.0	0.257663817664
chrX	109500000	109600000	0	0.0	NA
chrX	109600000	109700000	0	0.0	NA
chrX	109700000	109800000	36941	8811.0	0.238515470615
chrX	109800000	109900000	19870	4553.0	0.22913940614
chrX	109900000	110000000	6828	1689.0	0.247363796134
chrX	110000000	110100000	34576	8396.0	0.242827394725
chrX	110100000	110200000	34741	8334.0	0.239889467776
chrX	110200000	110300000	0	0.0	NA
chrX	110300000	110400000	0	0.0	NA
chrX	110400000	110500000	8610	2176.0	0.252729384437
chrX	110500000	110600000	16996	3871.0	0.227759472817
chrX	110600000	110700000	18027	4260.0	0.236312198369
chrX	110700000	110800000	39815	9134.0	0.229411025995
chrX	110800000	110900000	20189	4442.0	0.220020803408
chrX	110900000	111000000	6377	1398.0	0.219225341069
chrX	111000000	111100000	9100	2053.0	0.225604395604
chrX	111100000	111200000	0	0.0	NA
chrX	111200000	111300000	0	0.0	NA
chrX	111300000	111400000	0	0.0	NA
chrX	111400000	111500000	0	0.0	NA
chrX	111500000	111600000	0	0.0	NA
chrX	111600000	111700000	0	0.0	NA
chrX	111700000	111800000	23582	5693.0	0.241412942074
chrX	111800000	111900000	23825	5620.0	0.235886673662
chrX	111900000	112000000	36706	8747.0	0.238298915709
chrX	112000000	112100000	20597	4540.0	0.22042044958
chrX	112100000	112200000	52613	11511.0	0.21878623154
chrX	112200000	112300000	36888	8627.0	0.233870093255
chrX	112300000	112400000	0	0.0	NA
chrX	112400000	112500000	0	0.0	NA
chrX	112500000	112600000	0	0.0	NA
chrX	112600000	112700000	0	0.0	NA
chrX	112700000	112800000	11386	2672.0	0.234674161251
chrX	112800000	112900000	14379	3427.0	0.238333681063
chrX	112900000	113000000	0	0.0	NA
chrX	113000000	113100000	0	0.0	NA
chrX	113100000	113200000	7617	1744.0	0.228961533412
chrX	113200000	113300000	25087	5791.0	0.230836688325
chrX	113300000	113400000	41405	9350.0	0.225818137906
chrX	113400000	113500000	34522	8342.0	0.241643010254
chrX	113500000	113600000	25330	5960.0	0.235294117647
chrX	113600000	113700000	38165	8941.0	0.234272238962
chrX	113700000	113800000	36947	8449.0	0.228678918451
chrX	113800000	113900000	10309	2237.0	0.216994858861
chrX	113900000	114000000	0	0.0	NA
chrX	114000000	114100000	0	0.0	NA
chrX	114100000	114200000	12529	3022.0	0.241200415037
chrX	114200000	114300000	33591	7521.0	0.22389925873
chrX	114300000	114400000	10341	2310.0	0.223382651581
chrX	114400000	114500000	9916	2126.0	0.214400968132
chrX	114500000	114600000	36650	8215.0	0.2241473397
chrX	114600000	114700000	56158	12630.0	0.224901171694
chrX	114700000	114800000	19226	4411.0	0.229428898367
chrX	114800000	114900000	0	0.0	NA
chrX	114900000	115000000	7435	1937.0	0.260524546066
chrX	115000000	115100000	6250	1682.0	0.26912
chrX	115100000	115200000	14037	3096.0	0.220559948707
chrX	115200000	115300000	19494	4599.0	0.235918744229
chrX	115300000	115400000	21045	5056.0	0.24024708957
chrX	115400000	115500000	40864	9937.0	0.24317247455
chrX	115500000	115600000	35050	8602.0	0.245420827389
chrX	115600000	115700000	10908	2720.0	0.24935826916
chrX	115700000	115800000	16653	4106.0	0.246562180988
chrX	115800000	115900000	17732	3997.0	0.225411685089
chrX	115900000	116000000	18585	4791.0	0.257788539144
chrX	116000000	116100000	21995	5531.0	0.251466242328
chrX	116100000	116200000	37592	9934.0	0.264258352841
chrX	116200000	116300000	34600	8650.0	0.25
chrX	116300000	116400000	17869	4183.0	0.234092562538
chrX	116400000	116500000	26005	5780.0	0.222264949048
chrX	116500000	116600000	36829	8659.0	0.235113633278
chrX	116600000	116700000	45760	11201.0	0.244777097902
chrX	116700000	116800000	34902	9214.0	0.263996332588
chrX	116800000	116900000	40779	10315.0	0.252948821697
chrX	116900000	117000000	42385	10766.0	0.254004954583
chrX	117000000	117100000	9918	2794.0	0.281710022182
chrX	117100000	117200000	0	0.0	NA
chrX	117200000	117300000	23943	5689.0	0.237605980871
chrX	117300000	117400000	56846	12510.0	0.220068254583
chrX	117400000	117500000	24102	5299.0	0.219857273255
chrX	117500000	117600000	5244	1216.0	0.231884057971
chrX	117600000	117700000	6602	1642.0	0.24871251136
chrX	117700000	117800000	0	0.0	NA
chrX	117800000	117900000	17066	4148.0	0.243056369389
chrX	117900000	118000000	15502	3844.0	0.247968004128
chrX	118000000	118100000	11497	2643.0	0.229886057232
chrX	118100000	118200000	21086	5266.0	0.249739163426
chrX	118200000	118300000	10241	2559.0	0.249877941607
chrX	118300000	118400000	47680	11280.0	0.236577181208
chrX	118400000	118500000	23221	5470.0	0.235562637268
chrX	118500000	118600000	3497	775.0	0.221618530169
chrX	118600000	118700000	25187	6220.0	0.246952793108
chrX	118700000	118800000	5585	1226.0	0.21951656222
chrX	118800000	118900000	15481	3528.0	0.227892255022
chrX	118900000	119000000	12994	2963.0	0.228028320763
chrX	119000000	119100000	4233	1148.0	0.271202456886
chrX	119100000	119200000	18754	5173.0	0.275834488642
chrX	119200000	119300000	0	0.0	NA
chrX	119300000	119400000	6009	1488.0	0.247628557164
chrX	119400000	119500000	19384	4024.0	0.20759389187
chrX	119500000	119600000	10161	2316.0	0.227930321819
chrX	119600000	119700000	11691	2787.0	0.238388503977
chrX	119700000	119800000	19220	4039.0	0.210145681582
chrX	119800000	119900000	36119	7865.0	0.217752429469
chrX	119900000	120000000	42201	8795.0	0.208407383711
chrX	120000000	120100000	1381	347.0	0.251267197683
chrX	120100000	120200000	26716	6004.0	0.224734241653
chrX	120200000	120300000	36967	8639.0	0.233694917088
chrX	120300000	120400000	33589	8595.0	0.255887344071
chrX	120400000	120500000	43083	11092.0	0.257456537381
chrX	120500000	120600000	30881	8768.0	0.283928629254
chrX	120600000	120700000	34403	9952.0	0.289277097928
chrX	120700000	120800000	43117	11930.0	0.276689008976
chrX	120800000	120900000	22909	6285.0	0.274346326771
chrX	120900000	121000000	18417	4936.0	0.268013248629
chrX	121000000	121100000	22175	5553.0	0.250417136415
chrX	121100000	121200000	30220	7326.0	0.242422236929
chrX	121200000	121300000	17519	4369.0	0.249386380501
chrX	121300000	121400000	30772	7417.0	0.241030807227
chrX	121400000	121500000	16247	4004.0	0.24644549763
chrX	121500000	121600000	23413	5587.0	0.238628112587
chrX	121600000	121700000	28744	6506.0	0.226342888951
chrX	121700000	121800000	32529	7176.0	0.220603154109
chrX	121800000	121900000	24408	5624.0	0.230416256965
chrX	121900000	122000000	41323	9350.0	0.22626624398
chrX	122000000	122100000	40350	9062.0	0.22458488228
chrX	122100000	122200000	52481	11472.0	0.218593395705
chrX	122200000	122300000	39427	8166.0	0.207116950313
chrX	122300000	122400000	14603	3121.0	0.21372320756
chrX	122400000	122500000	0	0.0	NA
chrX	122500000	122600000	0	0.0	NA
chrX	122600000	122700000	22905	5025.0	0.219384413883
chrX	122700000	122800000	10043	2168.0	0.215871751469
chrX	122800000	122900000	9812	2185.0	0.222686506319
chrX	122900000	123000000	12602	2771.0	0.219885732423
chrX	123000000	123100000	12971	2565.0	0.1977488243
chrX	123100000	123200000	0	0.0	NA
chrX	123200000	123300000	6835	1575.0	0.230431602048
chrX	123300000	123400000	46900	10049.0	0.214264392324
chrX	123400000	123500000	35807	7573.0	0.211494959086
chrX	123500000	123600000	221	55.0	0.248868778281
chrX	123600000	123700000	0	0.0	NA
chrX	123700000	123800000	0	0.0	NA
chrX	123800000	123900000	0	0.0	NA
chrX	123900000	124000000	0	0.0	NA
chrX	124000000	124100000	814	194.0	0.238329238329
chrX	124100000	124200000	66016	13994.0	0.211978914203
chrX	124200000	124300000	72471	14891.0	0.205475293566
chrX	124300000	124400000	60470	11896.0	0.196725649082
chrX	124400000	124500000	31927	7243.0	0.226861277289
chrX	124500000	124600000	43104	10097.0	0.234247401633
chrX	124600000	124700000	32523	7791.0	0.239553546721
chrX	124700000	124800000	11170	2651.0	0.23733213966
chrX	124800000	124900000	22707	5253.0	0.231338353812
chrX	124900000	125000000	30411	7460.0	0.245305974812
chrX	125000000	125100000	11249	2885.0	0.256467241533
chrX	125100000	125200000	28306	7008.0	0.247580018371
chrX	125200000	125300000	18033	4364.0	0.242000776354
chrX	125300000	125400000	38118	9130.0	0.239519387166
chrX	125400000	125500000	34949	8649.0	0.247474891985
chrX	125500000	125600000	21965	5295.0	0.241065331209
chrX	125600000	125700000	15435	3730.0	0.241658568189
chrX	125700000	125800000	31865	7820.0	0.245410324808
chrX	125800000	125900000	39680	9591.0	0.241708669355
chrX	125900000	126000000	31763	7351.0	0.231432799169
chrX	126000000	126100000	17647	4234.0	0.239927466425
chrX	126100000	126200000	23273	5979.0	0.256907145619
chrX	126200000	126300000	19638	5052.0	0.257256339749
chrX	126300000	126400000	20026	5127.0	0.256017177669
chrX	126400000	126500000	24938	6513.0	0.261167695886
chrX	126500000	126600000	29018	7518.0	0.25908057068
chrX	126600000	126700000	20802	5485.0	0.263676569561
chrX	126700000	126800000	13558	3501.0	0.258223926833
chrX	126800000	126900000	17561	4481.0	0.255167701156
chrX	126900000	127000000	15734	4245.0	0.26979788992
chrX	127000000	127100000	18706	5139.0	0.274724687266
chrX	127100000	127200000	10171	2755.0	0.270868154557
chrX	127200000	127300000	370	122.0	0.32972972973
chrX	127300000	127400000	10216	3044.0	0.297963978074
chrX	127400000	127500000	17201	4065.0	0.236323469566
chrX	127500000	127600000	0	0.0	NA
chrX	127600000	127700000	0	0.0	NA
chrX	127700000	127800000	40051	8948.0	0.223415145689
chrX	127800000	127900000	45470	10093.0	0.22197053002
chrX	127900000	128000000	47798	10722.0	0.224319009164
chrX	128000000	128100000	63859	14221.0	0.222693747162
chrX	128100000	128200000	49409	10922.0	0.221052844623
chrX	128200000	128300000	64002	12766.0	0.199462516796
chrX	128300000	128400000	49024	10229.0	0.2086529047
chrX	128400000	128500000	31012	6766.0	0.218173610215
chrX	128500000	128600000	32694	6922.0	0.211720805041
chrX	128600000	128700000	8448	1710.0	0.202414772727
chrX	128700000	128800000	37539	9239.0	0.246117371267
chrX	128800000	128900000	40867	9742.0	0.238383047447
chrX	128900000	129000000	12768	2875.0	0.225172305764
chrX	129000000	129100000	5128	1026.0	0.20007800312
chrX	129100000	129200000	8519	1899.0	0.222913487499
chrX	129200000	129300000	10259	2446.0	0.238424797739
chrX	129300000	129400000	8542	1976.0	0.231327557949
chrX	129400000	129500000	14600	3284.0	0.224931506849
chrX	129500000	129600000	40110	8572.0	0.213712291199
chrX	129600000	129700000	28783	6330.0	0.21992148143
chrX	129700000	129800000	23988	5453.0	0.22732199433
chrX	129800000	129900000	0	0.0	NA
chrX	129900000	130000000	0	0.0	NA
chrX	130000000	130100000	12348	2744.0	0.222222222222
chrX	130100000	130200000	8402	1904.0	0.226612711259
chrX	130200000	130300000	7132	1803.0	0.252804262479
chrX	130300000	130400000	68396	14949.0	0.218565413182
chrX	130400000	130500000	5224	1038.0	0.198698315467
chrX	130500000	130600000	0	0.0	NA
chrX	130600000	130700000	0	0.0	NA
chrX	130700000	130800000	36874	8408.0	0.228019742908
chrX	130800000	130900000	5170	1325.0	0.256286266925
chrX	130900000	131000000	11703	3053.0	0.260873280355
chrX	131000000	131100000	17635	4274.0	0.242358945279
chrX	131100000	131200000	32574	7054.0	0.216553079143
chrX	131200000	131300000	1300	270.0	0.207692307692
chrX	131300000	131400000	22798	5566.0	0.244144223177
chrX	131400000	131500000	0	0.0	NA
chrX	131500000	131600000	0	0.0	NA
chrX	131600000	131700000	42446	10138.0	0.238844649673
chrX	131700000	131800000	36347	8619.0	0.237130987427
chrX	131800000	131900000	0	0.0	NA
chrX	131900000	132000000	0	0.0	NA
chrX	132000000	132100000	2322	536.0	0.230835486649
chrX	132100000	132200000	35015	8380.0	0.239326003142
chrX	132200000	132300000	14696	3534.0	0.240473598258
chrX	132300000	132400000	55167	12585.0	0.228125509816
chrX	132400000	132500000	16559	4088.0	0.246874811281
chrX	132500000	132600000	19592	4401.0	0.224632503062
chrX	132600000	132700000	35475	8394.0	0.236617336152
chrX	132700000	132800000	0	0.0	NA
chrX	132800000	132900000	0	0.0	NA
chrX	132900000	133000000	0	0.0	NA
chrX	133000000	133100000	0	0.0	NA
chrX	133100000	133200000	34494	7033.0	0.203890531687
chrX	133200000	133300000	37271	8511.0	0.22835448472
chrX	133300000	133400000	32429	6717.0	0.207129421197
chrX	133400000	133500000	13946	3252.0	0.233185142693
chrX	133500000	133600000	12340	2765.0	0.224068071313
chrX	133600000	133700000	12281	2986.0	0.243139809462
chrX	133700000	133800000	0	0.0	NA
chrX	133800000	133900000	286	81.0	0.283216783217
chrX	133900000	134000000	7354	1419.0	0.192956214305
chrX	134000000	134100000	22644	5197.0	0.229508920685
chrX	134100000	134200000	20906	5594.0	0.267578685545
chrX	134200000	134300000	1103	334.0	0.302810516772
chrX	134300000	134400000	4681	1663.0	0.35526596881
chrX	134400000	134500000	443	120.0	0.270880361174
chrX	134500000	134600000	12796	3701.0	0.289231009691
chrX	134600000	134700000	20751	5182.0	0.24972290492
chrX	134700000	134800000	6801	2139.0	0.314512571681
chrX	134800000	134900000	1794	518.0	0.288740245262
chrX	134900000	135000000	3285	1092.0	0.332420091324
chrX	135000000	135100000	5825	1723.0	0.295793991416
chrX	135100000	135200000	27234	6566.0	0.241095689212
chrX	135200000	135300000	10704	2582.0	0.241218236173
chrX	135300000	135400000	20681	4978.0	0.240704027852
chrX	135400000	135500000	0	0.0	NA
chrX	135500000	135600000	40208	9647.0	0.239927377636
chrX	135600000	135700000	28226	7045.0	0.249592574222
chrX	135700000	135800000	20324	4420.0	0.217476874631
chrX	135800000	135900000	6445	1463.0	0.226997672614
chrX	135900000	136000000	7784	2005.0	0.257579650565
chrX	136000000	136100000	8643	1977.0	0.228740020826
chrX	136100000	136200000	64925	14312.0	0.22043896804
chrX	136200000	136300000	46758	10391.0	0.222229351127
chrX	136300000	136400000	57902	13645.0	0.23565679942
chrX	136400000	136500000	55929	13170.0	0.235477122781
chrX	136500000	136600000	54246	12848.0	0.236846956458
chrX	136600000	136700000	19811	4869.0	0.245772550603
chrX	136700000	136800000	0	0.0	NA
chrX	136800000	136900000	0	0.0	NA
chrX	136900000	137000000	0	0.0	NA
chrX	137000000	137100000	24551	5258.0	0.214166429066
chrX	137100000	137200000	23138	5758.0	0.2488546979
chrX	137200000	137300000	36987	8487.0	0.229458999108
chrX	137300000	137400000	55315	12869.0	0.23264937178
chrX	137400000	137500000	42057	9984.0	0.237392110707
chrX	137500000	137600000	39045	9457.0	0.242207709054
chrX	137600000	137700000	34498	8166.0	0.236709374456
chrX	137700000	137800000	0	0.0	NA
chrX	137800000	137900000	0	0.0	NA
chrX	137900000	138000000	0	0.0	NA
chrX	138000000	138100000	0	0.0	NA
chrX	138100000	138200000	0	0.0	NA
chrX	138200000	138300000	8775	2110.0	0.240455840456
chrX	138300000	138400000	45179	10359.0	0.229287943514
chrX	138400000	138500000	20254	4695.0	0.231806063
chrX	138500000	138600000	47130	10606.0	0.225037131339
chrX	138600000	138700000	11645	2616.0	0.224645770717
chrX	138700000	138800000	1861	403.0	0.216550241805
chrX	138800000	138900000	3856	983.0	0.254927385892
chrX	138900000	139000000	0	0.0	NA
chrX	139000000	139100000	16429	3508.0	0.213524864569
chrX	139100000	139200000	46446	9270.0	0.199586616716
chrX	139200000	139300000	49283	10617.0	0.215429255524
chrX	139300000	139400000	23658	5001.0	0.211387268577
chrX	139400000	139500000	32943	7198.0	0.218498618826
chrX	139500000	139600000	56287	13061.0	0.232042922877
chrX	139600000	139700000	52457	11496.0	0.219150923614
chrX	139700000	139800000	26372	5802.0	0.220006067041
chrX	139800000	139900000	11099	2498.0	0.2250653212
chrX	139900000	140000000	39874	9189.0	0.230450920399
chrX	140000000	140100000	4400	994.0	0.225909090909
chrX	140100000	140200000	0	0.0	NA
chrX	140200000	140300000	31821	7667.0	0.240941516609
chrX	140300000	140400000	7913	1790.0	0.226210034121
chrX	140400000	140500000	0	0.0	NA
chrX	140500000	140600000	0	0.0	NA
chrX	140600000	140700000	0	0.0	NA
chrX	140700000	140800000	18083	4286.0	0.237018193884
chrX	140800000	140900000	44316	10730.0	0.2421247405
chrX	140900000	141000000	8382	2251.0	0.268551658315
chrX	141000000	141100000	35751	9079.0	0.253950938435
chrX	141100000	141200000	39579	9805.0	0.247732383335
chrX	141200000	141300000	13964	4223.0	0.302420509883
chrX	141300000	141400000	35796	9049.0	0.252793608224
chrX	141400000	141500000	26579	6537.0	0.245946047632
chrX	141500000	141600000	46405	11876.0	0.255920698201
chrX	141600000	141700000	48419	12013.0	0.248105082715
chrX	141700000	141800000	44783	11162.0	0.249246365808
chrX	141800000	141900000	24625	6601.0	0.268060913706
chrX	141900000	142000000	38561	10025.0	0.259977697674
chrX	142000000	142100000	42031	11279.0	0.268349551521
chrX	142100000	142200000	31141	8546.0	0.274429209081
chrX	142200000	142300000	36786	9794.0	0.266242592291
chrX	142300000	142400000	37282	9641.0	0.258596641811
chrX	142400000	142500000	0	0.0	NA
chrX	142500000	142600000	0	0.0	NA
chrX	142600000	142700000	23626	5918.0	0.250486751884
chrX	142700000	142800000	40110	9374.0	0.233707304911
chrX	142800000	142900000	17083	4235.0	0.24790727624
chrX	142900000	143000000	21809	5556.0	0.254757210326
chrX	143000000	143100000	28119	7106.0	0.252711689605
chrX	143100000	143200000	31405	8081.0	0.257315714058
chrX	143200000	143300000	583	157.0	0.269296740995
chrX	143300000	143400000	30767	8255.0	0.268306952254
chrX	143400000	143500000	20962	5575.0	0.265957446809
chrX	143500000	143600000	20291	5397.0	0.265979991129
chrX	143600000	143700000	34176	8951.0	0.261908941948
chrX	143700000	143800000	40924	10243.0	0.250293226469
chrX	143800000	143900000	20414	5304.0	0.259821690996
chrX	143900000	144000000	19631	4807.0	0.244867811115
chrX	144000000	144100000	19282	4632.0	0.240224043149
chrX	144100000	144200000	36564	9144.0	0.250082047916
chrX	144200000	144300000	44128	10732.0	0.243201595359
chrX	144300000	144400000	13760	3254.0	0.23648255814
chrX	144400000	144500000	27083	6555.0	0.242033748108
chrX	144500000	144600000	32886	7886.0	0.239798090373
chrX	144600000	144700000	33275	8059.0	0.242193839219
chrX	144700000	144800000	38498	9575.0	0.24871421892
chrX	144800000	144900000	41675	10285.0	0.246790641872
chrX	144900000	145000000	37277	9068.0	0.243259918985
chrX	145000000	145100000	8249	2483.0	0.301006182568
chrX	145100000	145200000	31753	8151.0	0.256700154316
chrX	145200000	145300000	49946	13444.0	0.269170704361
chrX	145300000	145400000	28663	7819.0	0.272790705788
chrX	145400000	145500000	43070	11087.0	0.257418156489
chrX	145500000	145600000	26990	7077.0	0.262208225269
chrX	145600000	145700000	30534	7725.0	0.252996659462
chrX	145700000	145800000	33180	8479.0	0.255545509343
chrX	145800000	145900000	24874	6087.0	0.244713355311
chrX	145900000	146000000	34317	8331.0	0.242765976047
chrX	146000000	146100000	18145	4501.0	0.248057316065
chrX	146100000	146200000	31689	7814.0	0.246583988135
chrX	146200000	146300000	5687	1512.0	0.265869526991
chrX	146300000	146400000	12303	3165.0	0.257254328213
chrX	146400000	146500000	43143	10528.0	0.244025682034
chrX	146500000	146600000	36972	8739.0	0.236368062317
chrX	146600000	146700000	51853	12738.0	0.245655989046
chrX	146700000	146800000	43249	10491.0	0.242572082592
chrX	146800000	146900000	63288	14662.0	0.231671090886
chrX	146900000	147000000	24916	5746.0	0.23061486595
chrX	147000000	147100000	13664	3415.0	0.249926814988
chrX	147100000	147200000	40094	8814.0	0.21983339153
chrX	147200000	147300000	49484	10344.0	0.20903726457
chrX	147300000	147400000	49332	11463.0	0.232364388227
chrX	147400000	147500000	37436	8826.0	0.235762367774
chrX	147500000	147600000	50543	12098.0	0.239360544487
chrX	147600000	147700000	0	0.0	NA
chrX	147700000	147800000	0	0.0	NA
chrX	147800000	147900000	0	0.0	NA
chrX	147900000	148000000	0	0.0	NA
chrX	148000000	148100000	12403	3234.0	0.26074336854
chrX	148100000	148200000	30316	7289.0	0.240434094208
chrX	148200000	148300000	32229	7050.0	0.218747091129
chrX	148300000	148400000	52245	12139.0	0.232347593071
chrX	148400000	148500000	37142	9312.0	0.250713478003
chrX	148500000	148600000	21446	5470.0	0.255059218502
chrX	148600000	148700000	0	0.0	NA
chrX	148700000	148800000	7189	2414.0	0.335790791487
chrX	148800000	148900000	6861	2465.0	0.359277073313
chrX	148900000	149000000	0	0.0	NA
chrX	149000000	149100000	0	0.0	NA
chrX	149100000	149200000	0	0.0	NA
chrX	149200000	149300000	0	0.0	NA
chrX	149300000	149400000	1966	538.0	0.273652085453
chrX	149400000	149500000	54031	14195.0	0.262719549888
chrX	149500000	149600000	21763	5755.0	0.264439645269
chrX	149600000	149700000	5195	1511.0	0.290856592878
chrX	149700000	149800000	19790	5492.0	0.277513895907
chrX	149800000	149900000	7292	2159.0	0.296077893582
chrX	149900000	150000000	0	0.0	NA
chrX	150000000	150100000	9956	2715.0	0.27269987947
chrX	150100000	150200000	29348	8034.0	0.273749488892
chrX	150200000	150300000	25440	6036.0	0.237264150943
chrX	150300000	150400000	16718	4145.0	0.247936356023
chrX	150400000	150500000	50474	11267.0	0.223223838016
chrX	150500000	150600000	51729	12726.0	0.24601287479
chrX	150600000	150700000	34744	7769.0	0.223606953719
chrX	150700000	150800000	4839	1215.0	0.251084934904
chrX	150800000	150900000	20087	5610.0	0.279285109772
chrX	150900000	151000000	61314	15366.0	0.250611605832
chrX	151000000	151100000	30645	7708.0	0.251525534345
chrX	151100000	151200000	28264	6979.0	0.246921879423
chrX	151200000	151300000	7502	1902.0	0.253532391362
chrX	151300000	151400000	0	0.0	NA
chrX	151400000	151500000	0	0.0	NA
chrX	151500000	151600000	0	0.0	NA
chrX	151600000	151700000	14384	3430.0	0.238459399333
chrX	151700000	151800000	48677	11187.0	0.22982106539
chrX	151800000	151900000	9232	2389.0	0.258773830156
chrX	151900000	152000000	14708	3819.0	0.259654609736
chrX	152000000	152100000	27654	7442.0	0.269111159326
chrX	152100000	152200000	2965	854.0	0.28802698145
chrX	152200000	152300000	5362	1528.0	0.284968295412
chrX	152300000	152400000	7160	1885.0	0.263268156425
chrX	152400000	152500000	4783	1604.0	0.335354380096
chrX	152500000	152600000	8455	2463.0	0.291306918983
chrX	152600000	152700000	18109	5634.0	0.311116019659
chrX	152700000	152800000	4355	1478.0	0.339380022962
chrX	152800000	152900000	13363	4156.0	0.311008007184
chrX	152900000	153000000	6604	2177.0	0.329648697759
chrX	153000000	153100000	2194	692.0	0.315405651778
chrX	153100000	153200000	2471	680.0	0.275192229866
chrX	153200000	153300000	6065	2025.0	0.333882934872
chrX	153300000	153400000	9726	2470.0	0.253958461855
chrX	153400000	153500000	4525	1460.0	0.322651933702
chrX	153500000	153600000	73	20.0	0.27397260274
chrX	153600000	153700000	1286	450.0	0.349922239502
chrX	153700000	153800000	1720	586.0	0.340697674419
chrX	153800000	153900000	10319	3085.0	0.298963077818
chrX	153900000	154000000	2166	584.0	0.269621421976
chrX	154000000	154100000	965	299.0	0.309844559585
chrX	154100000	154200000	0	0.0	NA
chrX	154200000	154300000	0	0.0	NA
chrX	154300000	154400000	4039	958.0	0.237187422629
chrX	154400000	154500000	9064	2298.0	0.253530450132
chrX	154500000	154600000	0	0.0	NA
chrX	154600000	154700000	0	0.0	NA
chrX	154700000	154800000	0	0.0	NA
chrX	154800000	154900000	0	0.0	NA
chrX	154900000	155000000	0	0.0	NA
chrX	155000000	155100000	13977	3061.0	0.219002647206
chrX	155100000	155200000	7896	1795.0	0.22733029382
chrX	155200000	155270560	1011	248.0	0.245301681503
