chrX	0	100000	0	0.0	NA
chrX	100000	200000	0	0.0	NA
chrX	200000	300000	0	0.0	NA
chrX	300000	400000	0	0.0	NA
chrX	400000	500000	741	244.0	0.329284750337
chrX	500000	600000	4620	1340.0	0.290043290043
chrX	600000	700000	2178	701.0	0.321854912764
chrX	700000	800000	5312	1654.0	0.311370481928
chrX	800000	900000	5544	1758.0	0.3170995671
chrX	900000	1000000	0	0.0	NA
chrX	1000000	1100000	735	254.0	0.345578231293
chrX	1100000	1200000	0	0.0	NA
chrX	1200000	1300000	4162	1379.0	0.331331090822
chrX	1300000	1400000	0	0.0	NA
chrX	1400000	1500000	0	0.0	NA
chrX	1500000	1600000	0	0.0	NA
chrX	1600000	1700000	0	0.0	NA
chrX	1700000	1800000	7776	2118.0	0.27237654321
chrX	1800000	1900000	300	110.0	0.366666666667
chrX	1900000	2000000	3798	1269.0	0.334123222749
chrX	2000000	2100000	1714	640.0	0.373395565928
chrX	2100000	2200000	0	0.0	NA
chrX	2200000	2300000	0	0.0	NA
chrX	2300000	2400000	0	0.0	NA
chrX	2400000	2500000	13352	4327.0	0.32407130018
chrX	2500000	2600000	15831	5585.0	0.352788832038
chrX	2600000	2700000	10010	3729.0	0.372527472527
chrX	2700000	2800000	17698	5940.0	0.335631144762
chrX	2800000	2900000	11781	3572.0	0.303200067906
chrX	2900000	3000000	18439	5857.0	0.317641954553
chrX	3000000	3100000	15187	4985.0	0.328241258971
chrX	3100000	3200000	28920	9703.0	0.33551175657
chrX	3200000	3300000	10271	3516.0	0.342323045468
chrX	3300000	3400000	22560	7854.0	0.348138297872
chrX	3400000	3500000	17094	5668.0	0.331578331578
chrX	3500000	3600000	18416	6128.0	0.332754126846
chrX	3600000	3700000	6094	2052.0	0.336724647194
chrX	3700000	3800000	3117	1102.0	0.353545075393
chrX	3800000	3900000	8672	2858.0	0.329566420664
chrX	3900000	4000000	17621	5620.0	0.318937631235
chrX	4000000	4100000	0	0.0	NA
chrX	4100000	4200000	0	0.0	NA
chrX	4200000	4300000	0	0.0	NA
chrX	4300000	4400000	0	0.0	NA
chrX	4400000	4500000	37631	11743.0	0.312056549122
chrX	4500000	4600000	18728	6006.0	0.320696283639
chrX	4600000	4700000	17779	5269.0	0.29636087519
chrX	4700000	4800000	9681	2950.0	0.304720586716
chrX	4800000	4900000	0	0.0	NA
chrX	4900000	5000000	0	0.0	NA
chrX	5000000	5100000	0	0.0	NA
chrX	5100000	5200000	0	0.0	NA
chrX	5200000	5300000	14309	4664.0	0.325948703613
chrX	5300000	5400000	7136	2213.0	0.310117713004
chrX	5400000	5500000	17350	5276.0	0.30409221902
chrX	5500000	5600000	6434	1875.0	0.291420578178
chrX	5600000	5700000	2130	640.0	0.300469483568
chrX	5700000	5800000	16440	5144.0	0.312895377129
chrX	5800000	5900000	0	0.0	NA
chrX	5900000	6000000	0	0.0	NA
chrX	6000000	6100000	0	0.0	NA
chrX	6100000	6200000	1557	402.0	0.258188824663
chrX	6200000	6300000	23984	7235.0	0.301659439626
chrX	6300000	6400000	19206	5673.0	0.295376444861
chrX	6400000	6500000	4114	1196.0	0.290714632961
chrX	6500000	6600000	20097	6177.0	0.307359307359
chrX	6600000	6700000	5039	1746.0	0.346497320897
chrX	6700000	6800000	17500	5453.0	0.3116
chrX	6800000	6900000	11450	3109.0	0.271528384279
chrX	6900000	7000000	8414	2317.0	0.27537437604
chrX	7000000	7100000	0	0.0	NA
chrX	7100000	7200000	0	0.0	NA
chrX	7200000	7300000	0	0.0	NA
chrX	7300000	7400000	31163	9148.0	0.293553252254
chrX	7400000	7500000	21514	6169.0	0.28674351585
chrX	7500000	7600000	2335	642.0	0.274946466809
chrX	7600000	7700000	0	0.0	NA
chrX	7700000	7800000	43832	12894.0	0.294168643913
chrX	7800000	7900000	29932	8758.0	0.292596552185
chrX	7900000	8000000	39446	10977.0	0.278279166455
chrX	8000000	8100000	36771	10541.0	0.28666612276
chrX	8100000	8200000	23570	6400.0	0.271531607976
chrX	8200000	8300000	18757	5153.0	0.274724103002
chrX	8300000	8400000	30120	8975.0	0.297974767596
chrX	8400000	8500000	22378	6617.0	0.295692197694
chrX	8500000	8600000	5147	1683.0	0.326986594133
chrX	8600000	8700000	27821	7636.0	0.274468926351
chrX	8700000	8800000	23456	6141.0	0.261809345157
chrX	8800000	8900000	42728	11022.0	0.257957311365
chrX	8900000	9000000	17788	5120.0	0.287834495165
chrX	9000000	9100000	45844	11699.0	0.255191519065
chrX	9100000	9200000	49899	12954.0	0.25960440089
chrX	9200000	9300000	15211	3870.0	0.254421142594
chrX	9300000	9400000	33104	9698.0	0.292955534074
chrX	9400000	9500000	19803	5862.0	0.296015755189
chrX	9500000	9600000	0	0.0	NA
chrX	9600000	9700000	16742	5227.0	0.312208816151
chrX	9700000	9800000	6225	1973.0	0.316947791165
chrX	9800000	9900000	47648	14598.0	0.306371725991
chrX	9900000	10000000	29146	7844.0	0.269127839155
chrX	10000000	10100000	49647	13540.0	0.272725441618
chrX	10100000	10200000	41333	11109.0	0.268768296519
chrX	10200000	10300000	35956	8845.0	0.245995105128
chrX	10300000	10400000	45541	10436.0	0.229156145012
chrX	10400000	10500000	22472	5292.0	0.235493058028
chrX	10500000	10600000	0	0.0	NA
chrX	10600000	10700000	0	0.0	NA
chrX	10700000	10800000	5595	1259.0	0.225022341376
chrX	10800000	10900000	10982	2329.0	0.212074303406
chrX	10900000	11000000	36406	7731.0	0.212355106301
chrX	11000000	11100000	39826	8333.0	0.209235173003
chrX	11100000	11200000	20706	5178.0	0.25007244277
chrX	11200000	11300000	12184	2828.0	0.232107682206
chrX	11300000	11400000	0	0.0	NA
chrX	11400000	11500000	0	0.0	NA
chrX	11500000	11600000	6381	1525.0	0.2389907538
chrX	11600000	11700000	41861	9313.0	0.222474379494
chrX	11700000	11800000	47867	11255.0	0.235130674577
chrX	11800000	11900000	35825	7726.0	0.215659455687
chrX	11900000	12000000	16272	3745.0	0.230149950836
chrX	12000000	12100000	38394	8202.0	0.213627129239
chrX	12100000	12200000	33451	7220.0	0.215838091537
chrX	12200000	12300000	0	0.0	NA
chrX	12300000	12400000	0	0.0	NA
chrX	12400000	12500000	0	0.0	NA
chrX	12500000	12600000	0	0.0	NA
chrX	12600000	12700000	0	0.0	NA
chrX	12700000	12800000	41204	9577.0	0.232428890399
chrX	12800000	12900000	36280	10062.0	0.277342888644
chrX	12900000	13000000	47394	12953.0	0.273304637718
chrX	13000000	13100000	47631	12749.0	0.267661816884
chrX	13100000	13200000	45741	11646.0	0.254607463763
chrX	13200000	13300000	49668	12495.0	0.25157042764
chrX	13300000	13400000	42931	10839.0	0.252474901586
chrX	13400000	13500000	47717	11266.0	0.236100341597
chrX	13500000	13600000	31570	7818.0	0.247640164713
chrX	13600000	13700000	52013	12680.0	0.243785207544
chrX	13700000	13800000	64117	15509.0	0.241885927289
chrX	13800000	13900000	58611	16120.0	0.275033696746
chrX	13900000	14000000	44871	11648.0	0.259588598427
chrX	14000000	14100000	59483	14198.0	0.238690045895
chrX	14100000	14200000	46580	9989.0	0.214448261056
chrX	14200000	14300000	1989	432.0	0.217194570136
chrX	14300000	14400000	36554	8225.0	0.225009574876
chrX	14400000	14500000	26965	5536.0	0.205303170777
chrX	14500000	14600000	0	0.0	NA
chrX	14600000	14700000	13177	2859.0	0.216968961069
chrX	14700000	14800000	37230	8226.0	0.220950846092
chrX	14800000	14900000	39998	8565.0	0.214135706785
chrX	14900000	15000000	27393	6347.0	0.231701529588
chrX	15000000	15100000	17774	3836.0	0.215820861933
chrX	15100000	15200000	29392	6518.0	0.221761023408
chrX	15200000	15300000	56593	13630.0	0.240842507024
chrX	15300000	15400000	49224	10955.0	0.22255403868
chrX	15400000	15500000	41569	9589.0	0.230676706199
chrX	15500000	15600000	70264	17743.0	0.252519070932
chrX	15600000	15700000	62709	14355.0	0.228914509879
chrX	15700000	15800000	42521	10610.0	0.249523764728
chrX	15800000	15900000	59967	13305.0	0.221872029616
chrX	15900000	16000000	44344	9361.0	0.211099585062
chrX	16000000	16100000	46775	9824.0	0.210026723677
chrX	16100000	16200000	0	0.0	NA
chrX	16200000	16300000	24989	5400.0	0.216095081836
chrX	16300000	16400000	28703	6362.0	0.221649304951
chrX	16400000	16500000	36682	7878.0	0.214764734747
chrX	16500000	16600000	22140	4669.0	0.210885275519
chrX	16600000	16700000	44780	10262.0	0.229164805717
chrX	16700000	16800000	22951	5336.0	0.232495316108
chrX	16800000	16900000	53433	11789.0	0.220631444987
chrX	16900000	17000000	33771	7306.0	0.216339462853
chrX	17000000	17100000	18811	3856.0	0.204986444102
chrX	17100000	17200000	0	0.0	NA
chrX	17200000	17300000	38258	8080.0	0.211197658006
chrX	17300000	17400000	14054	3144.0	0.223708552725
chrX	17400000	17500000	41630	9548.0	0.229353831372
chrX	17500000	17600000	0	0.0	NA
chrX	17600000	17700000	36080	7334.0	0.203270509978
chrX	17700000	17800000	41298	8182.0	0.198120974381
chrX	17800000	17900000	59448	13463.0	0.226466828152
chrX	17900000	18000000	54390	12152.0	0.223423423423
chrX	18000000	18100000	13142	2691.0	0.204763354132
chrX	18100000	18200000	42387	9515.0	0.224479203529
chrX	18200000	18300000	11714	3049.0	0.260286836264
chrX	18300000	18400000	41587	8349.0	0.200759852839
chrX	18400000	18500000	32958	6875.0	0.208598822744
chrX	18500000	18600000	12905	2723.0	0.211003487021
chrX	18600000	18700000	44673	9071.0	0.203053298413
chrX	18700000	18800000	32930	6966.0	0.211539629517
chrX	18800000	18900000	15923	3360.0	0.211015512152
chrX	18900000	19000000	49995	12816.0	0.256345634563
chrX	19000000	19100000	27255	6005.0	0.220326545588
chrX	19100000	19200000	7355	1721.0	0.233990482665
chrX	19200000	19300000	35394	8073.0	0.228089506696
chrX	19300000	19400000	6745	1426.0	0.211415863603
chrX	19400000	19500000	21688	5483.0	0.252812615271
chrX	19500000	19600000	11567	2851.0	0.246477046771
chrX	19600000	19700000	23481	5494.0	0.233976406456
chrX	19700000	19800000	0	0.0	NA
chrX	19800000	19900000	25271	5886.0	0.23291519924
chrX	19900000	20000000	48863	10106.0	0.206823158627
chrX	20000000	20100000	39724	9358.0	0.235575470748
chrX	20100000	20200000	18364	3916.0	0.213243302113
chrX	20200000	20300000	51870	10365.0	0.1998264893
chrX	20300000	20400000	39408	8933.0	0.226679861957
chrX	20400000	20500000	19307	4200.0	0.217537680634
chrX	20500000	20600000	18332	3873.0	0.211269910539
chrX	20600000	20700000	1151	231.0	0.200695047785
chrX	20700000	20800000	9855	2093.0	0.21237950279
chrX	20800000	20900000	0	0.0	NA
chrX	20900000	21000000	0	0.0	NA
chrX	21000000	21100000	13106	3010.0	0.229665801923
chrX	21100000	21200000	41986	8534.0	0.203258228933
chrX	21200000	21300000	25218	5414.0	0.214687921326
chrX	21300000	21400000	14116	3124.0	0.221309152734
chrX	21400000	21500000	0	0.0	NA
chrX	21500000	21600000	0	0.0	NA
chrX	21600000	21700000	41865	7968.0	0.190326048011
chrX	21700000	21800000	51733	11521.0	0.222701177198
chrX	21800000	21900000	45645	9788.0	0.214437506846
chrX	21900000	22000000	33280	8070.0	0.242487980769
chrX	22000000	22100000	27789	6234.0	0.224333369319
chrX	22100000	22200000	5801	1306.0	0.225133597656
chrX	22200000	22300000	0	0.0	NA
chrX	22300000	22400000	0	0.0	NA
chrX	22400000	22500000	0	0.0	NA
chrX	22500000	22600000	0	0.0	NA
chrX	22600000	22700000	0	0.0	NA
chrX	22700000	22800000	0	0.0	NA
chrX	22800000	22900000	0	0.0	NA
chrX	22900000	23000000	0	0.0	NA
chrX	23000000	23100000	0	0.0	NA
chrX	23100000	23200000	0	0.0	NA
chrX	23200000	23300000	17596	4586.0	0.260627415322
chrX	23300000	23400000	26570	5784.0	0.217689123071
chrX	23400000	23500000	27978	5981.0	0.213775109014
chrX	23500000	23600000	14475	3672.0	0.253678756477
chrX	23600000	23700000	38979	11720.0	0.300674722286
chrX	23700000	23800000	27936	6258.0	0.224012027491
chrX	23800000	23900000	29309	6342.0	0.216384045856
chrX	23900000	24000000	29683	6540.0	0.220328133949
chrX	24000000	24100000	37840	7077.0	0.187024312896
chrX	24100000	24200000	23429	4836.0	0.206410858338
chrX	24200000	24300000	40409	8393.0	0.207701254671
chrX	24300000	24400000	28772	7161.0	0.248887807591
chrX	24400000	24500000	51050	11561.0	0.226464250735
chrX	24500000	24600000	15285	3468.0	0.226889106968
chrX	24600000	24700000	30246	6598.0	0.218144548039
chrX	24700000	24800000	37394	7542.0	0.201690110713
chrX	24800000	24900000	0	0.0	NA
chrX	24900000	25000000	47572	9251.0	0.194463129572
chrX	25000000	25100000	43395	8088.0	0.186380919461
chrX	25100000	25200000	31574	5989.0	0.189681383417
chrX	25200000	25300000	19160	3820.0	0.199373695198
chrX	25300000	25400000	14400	3308.0	0.229722222222
chrX	25400000	25500000	0	0.0	NA
chrX	25500000	25600000	0	0.0	NA
chrX	25600000	25700000	0	0.0	NA
chrX	25700000	25800000	2898	767.0	0.264665286404
chrX	25800000	25900000	19466	4546.0	0.233535395048
chrX	25900000	26000000	10853	2443.0	0.225099050954
chrX	26000000	26100000	23017	5414.0	0.235217447973
chrX	26100000	26200000	38165	9251.0	0.242394864405
chrX	26200000	26300000	30504	8511.0	0.279012588513
chrX	26300000	26400000	5558	1381.0	0.248470672904
chrX	26400000	26500000	7180	1824.0	0.254038997214
chrX	26500000	26600000	7227	1777.0	0.245883492459
chrX	26600000	26700000	16266	3954.0	0.24308373294
chrX	26700000	26800000	16191	3839.0	0.237107034772
chrX	26800000	26900000	22638	5280.0	0.233236151603
chrX	26900000	27000000	20960	4722.0	0.225286259542
chrX	27000000	27100000	5359	1257.0	0.234558686322
chrX	27100000	27200000	0	0.0	NA
chrX	27200000	27300000	0	0.0	NA
chrX	27300000	27400000	8520	2390.0	0.280516431925
chrX	27400000	27500000	40009	9429.0	0.235671973806
chrX	27500000	27600000	23390	5065.0	0.216545532279
chrX	27600000	27700000	0	0.0	NA
chrX	27700000	27800000	23849	5478.0	0.229695165416
chrX	27800000	27900000	40208	10889.0	0.270816752885
chrX	27900000	28000000	30061	6842.0	0.227603872127
chrX	28000000	28100000	17638	4391.0	0.248951128246
chrX	28100000	28200000	0	0.0	NA
chrX	28200000	28300000	3468	847.0	0.244232987313
chrX	28300000	28400000	16174	3817.0	0.235996043032
chrX	28400000	28500000	40184	9087.0	0.226134780012
chrX	28500000	28600000	52191	11368.0	0.217815332145
chrX	28600000	28700000	41670	8273.0	0.198536117111
chrX	28700000	28800000	3921	924.0	0.235654169855
chrX	28800000	28900000	0	0.0	NA
chrX	28900000	29000000	0	0.0	NA
chrX	29000000	29100000	0	0.0	NA
chrX	29100000	29200000	0	0.0	NA
chrX	29200000	29300000	0	0.0	NA
chrX	29300000	29400000	0	0.0	NA
chrX	29400000	29500000	0	0.0	NA
chrX	29500000	29600000	0	0.0	NA
chrX	29600000	29700000	0	0.0	NA
chrX	29700000	29800000	0	0.0	NA
chrX	29800000	29900000	0	0.0	NA
chrX	29900000	30000000	0	0.0	NA
chrX	30000000	30100000	24855	5937.0	0.238865419433
chrX	30100000	30200000	38756	8948.0	0.230880379812
chrX	30200000	30300000	41742	10853.0	0.260001916535
chrX	30300000	30400000	42507	10016.0	0.235631778295
chrX	30400000	30500000	37507	8895.0	0.23715573093
chrX	30500000	30600000	33527	8117.0	0.242103379366
chrX	30600000	30700000	32664	7620.0	0.233284349743
chrX	30700000	30800000	11651	3050.0	0.261780104712
chrX	30800000	30900000	13688	3120.0	0.227936879018
chrX	30900000	31000000	31543	7657.0	0.242747994801
chrX	31000000	31100000	56635	12450.0	0.219828727818
chrX	31100000	31200000	62499	14442.0	0.231075697211
chrX	31200000	31300000	0	0.0	NA
chrX	31300000	31400000	0	0.0	NA
chrX	31400000	31500000	0	0.0	NA
chrX	31500000	31600000	0	0.0	NA
chrX	31600000	31700000	0	0.0	NA
chrX	31700000	31800000	0	0.0	NA
chrX	31800000	31900000	0	0.0	NA
chrX	31900000	32000000	0	0.0	NA
chrX	32000000	32100000	0	0.0	NA
chrX	32100000	32200000	0	0.0	NA
chrX	32200000	32300000	0	0.0	NA
chrX	32300000	32400000	0	0.0	NA
chrX	32400000	32500000	0	0.0	NA
chrX	32500000	32600000	0	0.0	NA
chrX	32600000	32700000	0	0.0	NA
chrX	32700000	32800000	0	0.0	NA
chrX	32800000	32900000	0	0.0	NA
chrX	32900000	33000000	0	0.0	NA
chrX	33000000	33100000	0	0.0	NA
chrX	33100000	33200000	0	0.0	NA
chrX	33200000	33300000	0	0.0	NA
chrX	33300000	33400000	0	0.0	NA
chrX	33400000	33500000	17165	4461.0	0.259889309642
chrX	33500000	33600000	0	0.0	NA
chrX	33600000	33700000	19445	5375.0	0.276420673695
chrX	33700000	33800000	0	0.0	NA
chrX	33800000	33900000	0	0.0	NA
chrX	33900000	34000000	0	0.0	NA
chrX	34000000	34100000	27648	6814.0	0.246455439815
chrX	34100000	34200000	13240	3314.0	0.250302114804
chrX	34200000	34300000	17356	4129.0	0.237900437889
chrX	34300000	34400000	0	0.0	NA
chrX	34400000	34500000	3937	989.0	0.251206502413
chrX	34500000	34600000	36999	8572.0	0.23168193735
chrX	34600000	34700000	0	0.0	NA
chrX	34700000	34800000	31544	7402.0	0.234656353031
chrX	34800000	34900000	21209	4917.0	0.231835541515
chrX	34900000	35000000	22090	5416.0	0.245178813943
chrX	35000000	35100000	21796	5653.0	0.259359515507
chrX	35100000	35200000	17571	4562.0	0.259632348756
chrX	35200000	35300000	0	0.0	NA
chrX	35300000	35400000	0	0.0	NA
chrX	35400000	35500000	0	0.0	NA
chrX	35500000	35600000	14948	3630.0	0.242841851753
chrX	35600000	35700000	8939	1998.0	0.223514934556
chrX	35700000	35800000	15609	3954.0	0.253315394964
chrX	35800000	35900000	19092	4970.0	0.260318457993
chrX	35900000	36000000	9665	2311.0	0.239110191412
chrX	36000000	36100000	0	0.0	NA
chrX	36100000	36200000	0	0.0	NA
chrX	36200000	36300000	0	0.0	NA
chrX	36300000	36400000	0	0.0	NA
chrX	36400000	36500000	3997	1009.0	0.252439329497
chrX	36500000	36600000	21095	5548.0	0.263000711069
chrX	36600000	36700000	6133	1612.0	0.262840371759
chrX	36700000	36800000	0	0.0	NA
chrX	36800000	36900000	0	0.0	NA
chrX	36900000	37000000	19167	4673.0	0.243804455575
chrX	37000000	37100000	6893	1783.0	0.25866821413
chrX	37100000	37200000	3723	862.0	0.231533709374
chrX	37200000	37300000	0	0.0	NA
chrX	37300000	37400000	0	0.0	NA
chrX	37400000	37500000	0	0.0	NA
chrX	37500000	37600000	0	0.0	NA
chrX	37600000	37700000	0	0.0	NA
chrX	37700000	37800000	0	0.0	NA
chrX	37800000	37900000	0	0.0	NA
chrX	37900000	38000000	0	0.0	NA
chrX	38000000	38100000	0	0.0	NA
chrX	38100000	38200000	0	0.0	NA
chrX	38200000	38300000	0	0.0	NA
chrX	38300000	38400000	0	0.0	NA
chrX	38400000	38500000	0	0.0	NA
chrX	38500000	38600000	37429	9022.0	0.241043041492
chrX	38600000	38700000	29679	6725.0	0.226591192426
chrX	38700000	38800000	38265	9105.0	0.237945903567
chrX	38800000	38900000	33938	7981.0	0.235164122812
chrX	38900000	39000000	10258	2407.0	0.23464612985
chrX	39000000	39100000	62738	15587.0	0.248445917944
chrX	39100000	39200000	53588	12478.0	0.232850638203
chrX	39200000	39300000	55106	13886.0	0.251987079447
chrX	39300000	39400000	72387	17853.0	0.246632682664
chrX	39400000	39500000	32420	8009.0	0.247038864898
chrX	39500000	39600000	35679	8068.0	0.226127413885
chrX	39600000	39700000	35336	8524.0	0.241227077202
chrX	39700000	39800000	58646	14768.0	0.25181598063
chrX	39800000	39900000	38259	9619.0	0.251417967014
chrX	39900000	40000000	38720	7260.0	0.1875
chrX	40000000	40100000	31002	6561.0	0.211631507645
chrX	40100000	40200000	36977	8940.0	0.24177191227
chrX	40200000	40300000	34231	8686.0	0.253746603955
chrX	40300000	40400000	60458	14666.0	0.242581626915
chrX	40400000	40500000	43855	9903.0	0.225812336108
chrX	40500000	40600000	48605	10393.0	0.213825738093
chrX	40600000	40700000	21276	4514.0	0.21216394059
chrX	40700000	40800000	13342	2850.0	0.213611152751
chrX	40800000	40900000	18948	4100.0	0.216381676166
chrX	40900000	41000000	0	0.0	NA
chrX	41000000	41100000	35409	7561.0	0.213533282499
chrX	41100000	41200000	29213	7179.0	0.245746756581
chrX	41200000	41300000	28812	6203.0	0.215292239345
chrX	41300000	41400000	21447	4865.0	0.226838252436
chrX	41400000	41500000	19991	4169.0	0.20854384473
chrX	41500000	41600000	0	0.0	NA
chrX	41600000	41700000	0	0.0	NA
chrX	41700000	41800000	0	0.0	NA
chrX	41800000	41900000	36857	7810.0	0.211900046124
chrX	41900000	42000000	59562	13129.0	0.220425774823
chrX	42000000	42100000	56318	12959.0	0.23010405199
chrX	42100000	42200000	21978	5035.0	0.229092729093
chrX	42200000	42300000	0	0.0	NA
chrX	42300000	42400000	0	0.0	NA
chrX	42400000	42500000	0	0.0	NA
chrX	42500000	42600000	38236	8890.0	0.232503399937
chrX	42600000	42700000	26557	6094.0	0.229468689988
chrX	42700000	42800000	32017	7099.0	0.221725958085
chrX	42800000	42900000	7690	1781.0	0.231599479844
chrX	42900000	43000000	31928	7271.0	0.227731145076
chrX	43000000	43100000	13983	3300.0	0.236000858185
chrX	43100000	43200000	14510	3406.0	0.234734665748
chrX	43200000	43300000	9576	2295.0	0.239661654135
chrX	43300000	43400000	0	0.0	NA
chrX	43400000	43500000	16707	4101.0	0.245465972347
chrX	43500000	43600000	25365	6187.0	0.243918785728
chrX	43600000	43700000	31114	7416.0	0.238349296137
chrX	43700000	43800000	38111	9642.0	0.252997822151
chrX	43800000	43900000	46364	9836.0	0.212147355707
chrX	43900000	44000000	31824	7024.0	0.220713926596
chrX	44000000	44100000	0	0.0	NA
chrX	44100000	44200000	16273	3630.0	0.223068887114
chrX	44200000	44300000	14944	3449.0	0.23079496788
chrX	44300000	44400000	35116	7917.0	0.225452785055
chrX	44400000	44500000	10302	2208.0	0.214327315084
chrX	44500000	44600000	28333	6131.0	0.216390781068
chrX	44600000	44700000	20483	4323.0	0.211053068398
chrX	44700000	44800000	31421	7051.0	0.224404060978
chrX	44800000	44900000	1022	249.0	0.243639921722
chrX	44900000	45000000	38437	7537.0	0.196087103572
chrX	45000000	45100000	22151	5488.0	0.247754051736
chrX	45100000	45200000	0	0.0	NA
chrX	45200000	45300000	17175	3885.0	0.226200873362
chrX	45300000	45400000	8766	1949.0	0.222336299338
chrX	45400000	45500000	0	0.0	NA
chrX	45500000	45600000	33846	7375.0	0.217898717721
chrX	45600000	45700000	65372	15492.0	0.236982194212
chrX	45700000	45800000	36438	7979.0	0.218974696745
chrX	45800000	45900000	30092	6412.0	0.213079888342
chrX	45900000	46000000	0	0.0	NA
chrX	46000000	46100000	3871	815.0	0.210539912167
chrX	46100000	46200000	18225	3966.0	0.217613168724
chrX	46200000	46300000	24213	5202.0	0.214843266014
chrX	46300000	46400000	18195	5309.0	0.291783456994
chrX	46400000	46500000	52499	12471.0	0.237547381855
chrX	46500000	46600000	28760	6708.0	0.233240611961
chrX	46600000	46700000	39862	8987.0	0.225452812202
chrX	46700000	46800000	15180	2812.0	0.185243741765
chrX	46800000	46900000	53095	10530.0	0.198323759299
chrX	46900000	47000000	33831	7528.0	0.22251780911
chrX	47000000	47100000	61151	13010.0	0.212752040032
chrX	47100000	47200000	17921	4301.0	0.239997767982
chrX	47200000	47300000	17618	3963.0	0.224940401862
chrX	47300000	47400000	21417	4738.0	0.221226128776
chrX	47400000	47500000	56895	12609.0	0.221618771421
chrX	47500000	47600000	22506	5633.0	0.250288811872
chrX	47600000	47700000	15169	3649.0	0.240556397917
chrX	47700000	47800000	22638	4578.0	0.202226345083
chrX	47800000	47900000	18271	4221.0	0.231021837885
chrX	47900000	48000000	18558	4183.0	0.225401444121
chrX	48000000	48100000	9883	2643.0	0.267428918345
chrX	48100000	48200000	5539	1540.0	0.278028525005
chrX	48200000	48300000	1523	398.0	0.261326329613
chrX	48300000	48400000	49048	11063.0	0.2255545588
chrX	48400000	48500000	26753	6263.0	0.234104586402
chrX	48500000	48600000	47802	10934.0	0.228735199364
chrX	48600000	48700000	48982	11926.0	0.243477195705
chrX	48700000	48800000	33947	7279.0	0.214422482104
chrX	48800000	48900000	48449	10389.0	0.214431670416
chrX	48900000	49000000	32158	7066.0	0.219727595
chrX	49000000	49100000	54049	11388.0	0.210697700235
chrX	49100000	49200000	40841	9118.0	0.223256041723
chrX	49200000	49300000	0	0.0	NA
chrX	49300000	49400000	9290	2289.0	0.246393972013
chrX	49400000	49500000	16330	3869.0	0.236925903246
chrX	49500000	49600000	36676	9415.0	0.256707383575
chrX	49600000	49700000	45317	10347.0	0.228324911181
chrX	49700000	49800000	24350	5348.0	0.219630390144
chrX	49800000	49900000	34017	7037.0	0.206867154658
chrX	49900000	50000000	28811	6428.0	0.223109229114
chrX	50000000	50100000	19433	4192.0	0.215715535429
chrX	50100000	50200000	26549	5501.0	0.207201777845
chrX	50200000	50300000	33673	7132.0	0.211801740267
chrX	50300000	50400000	13563	2953.0	0.217724692177
chrX	50400000	50500000	19131	3949.0	0.20641890126
chrX	50500000	50600000	21741	4641.0	0.213467641783
chrX	50600000	50700000	27391	6055.0	0.221058011756
chrX	50700000	50800000	5650	1363.0	0.241238938053
chrX	50800000	50900000	0	0.0	NA
chrX	50900000	51000000	8210	1994.0	0.24287454324
chrX	51000000	51100000	19645	5232.0	0.266327309748
chrX	51100000	51200000	10679	2802.0	0.262384118363
chrX	51200000	51300000	17479	4639.0	0.265404199325
chrX	51300000	51400000	17883	4461.0	0.249454789465
chrX	51400000	51500000	21312	4845.0	0.227336711712
chrX	51500000	51600000	19582	5053.0	0.258043100807
chrX	51600000	51700000	0	0.0	NA
chrX	51700000	51800000	183	34.0	0.185792349727
chrX	51800000	51900000	5028	1295.0	0.257557677009
chrX	51900000	52000000	4545	1153.0	0.253685368537
chrX	52000000	52100000	8188	2373.0	0.289814362482
chrX	52100000	52200000	0	0.0	NA
chrX	52200000	52300000	0	0.0	NA
chrX	52300000	52400000	0	0.0	NA
chrX	52400000	52500000	0	0.0	NA
chrX	52500000	52600000	3749	1116.0	0.297679381168
chrX	52600000	52700000	5756	1906.0	0.331132731063
chrX	52700000	52800000	0	0.0	NA
chrX	52800000	52900000	10683	3465.0	0.324347093513
chrX	52900000	53000000	2026	737.0	0.363770977295
chrX	53000000	53100000	20675	4858.0	0.234969770254
chrX	53100000	53200000	29224	5716.0	0.195592663564
chrX	53200000	53300000	58437	11678.0	0.199839143009
chrX	53300000	53400000	52614	11189.0	0.212662029118
chrX	53400000	53500000	49431	9906.0	0.200400558354
chrX	53500000	53600000	35413	6570.0	0.185525089656
chrX	53600000	53700000	8225	1620.0	0.196960486322
chrX	53700000	53800000	7832	1874.0	0.239274770174
chrX	53800000	53900000	7470	1737.0	0.232530120482
chrX	53900000	54000000	2854	629.0	0.220392431675
chrX	54000000	54100000	20388	4023.0	0.197321954091
chrX	54100000	54200000	13772	2737.0	0.198736566947
chrX	54200000	54300000	14841	2908.0	0.195943669564
chrX	54300000	54400000	11135	2199.0	0.197485406376
chrX	54400000	54500000	32773	6811.0	0.207823513258
chrX	54500000	54600000	14539	3359.0	0.231033771236
chrX	54600000	54700000	4690	1086.0	0.231556503198
chrX	54700000	54800000	6436	1521.0	0.236326911125
chrX	54800000	54900000	5220	1548.0	0.296551724138
chrX	54900000	55000000	20554	4667.0	0.227060426194
chrX	55000000	55100000	37637	8145.0	0.216409384382
chrX	55100000	55200000	12539	4141.0	0.330249621182
chrX	55200000	55300000	0	0.0	NA
chrX	55300000	55400000	802	203.0	0.253117206983
chrX	55400000	55500000	0	0.0	NA
chrX	55500000	55600000	18515	4626.0	0.24985147178
chrX	55600000	55700000	5812	1378.0	0.237095664143
chrX	55700000	55800000	8661	1951.0	0.225262671747
chrX	55800000	55900000	0	0.0	NA
chrX	55900000	56000000	0	0.0	NA
chrX	56000000	56100000	693	185.0	0.266955266955
chrX	56100000	56200000	0	0.0	NA
chrX	56200000	56300000	0	0.0	NA
chrX	56300000	56400000	0	0.0	NA
chrX	56400000	56500000	0	0.0	NA
chrX	56500000	56600000	6587	977.0	0.148322453317
chrX	56600000	56700000	0	0.0	NA
chrX	56700000	56800000	0	0.0	NA
chrX	56800000	56900000	0	0.0	NA
chrX	56900000	57000000	0	0.0	NA
chrX	57000000	57100000	6010	1641.0	0.273044925125
chrX	57100000	57200000	0	0.0	NA
chrX	57200000	57300000	0	0.0	NA
chrX	57300000	57400000	0	0.0	NA
chrX	57400000	57500000	0	0.0	NA
chrX	57500000	57600000	0	0.0	NA
chrX	57600000	57700000	8857	2690.0	0.303714576042
chrX	57700000	57800000	0	0.0	NA
chrX	57800000	57900000	0	0.0	NA
chrX	57900000	58000000	0	0.0	NA
chrX	58000000	58100000	0	0.0	NA
chrX	58100000	58200000	0	0.0	NA
chrX	58200000	58300000	0	0.0	NA
chrX	58300000	58400000	0	0.0	NA
chrX	58400000	58500000	0	0.0	NA
chrX	58500000	58600000	0	0.0	NA
chrX	58600000	58700000	0	0.0	NA
chrX	58700000	58800000	0	0.0	NA
chrX	58800000	58900000	0	0.0	NA
chrX	58900000	59000000	0	0.0	NA
chrX	59000000	59100000	0	0.0	NA
chrX	59100000	59200000	0	0.0	NA
chrX	59200000	59300000	0	0.0	NA
chrX	59300000	59400000	0	0.0	NA
chrX	59400000	59500000	0	0.0	NA
chrX	59500000	59600000	0	0.0	NA
chrX	59600000	59700000	0	0.0	NA
chrX	59700000	59800000	0	0.0	NA
chrX	59800000	59900000	0	0.0	NA
chrX	59900000	60000000	0	0.0	NA
chrX	60000000	60100000	0	0.0	NA
chrX	60100000	60200000	0	0.0	NA
chrX	60200000	60300000	0	0.0	NA
chrX	60300000	60400000	0	0.0	NA
chrX	60400000	60500000	0	0.0	NA
chrX	60500000	60600000	0	0.0	NA
chrX	60600000	60700000	0	0.0	NA
chrX	60700000	60800000	0	0.0	NA
chrX	60800000	60900000	0	0.0	NA
chrX	60900000	61000000	0	0.0	NA
chrX	61000000	61100000	0	0.0	NA
chrX	61100000	61200000	0	0.0	NA
chrX	61200000	61300000	0	0.0	NA
chrX	61300000	61400000	0	0.0	NA
chrX	61400000	61500000	0	0.0	NA
chrX	61500000	61600000	0	0.0	NA
chrX	61600000	61700000	0	0.0	NA
chrX	61700000	61800000	0	0.0	NA
chrX	61800000	61900000	0	0.0	NA
chrX	61900000	62000000	0	0.0	NA
chrX	62000000	62100000	0	0.0	NA
chrX	62100000	62200000	0	0.0	NA
chrX	62200000	62300000	0	0.0	NA
chrX	62300000	62400000	0	0.0	NA
chrX	62400000	62500000	0	0.0	NA
chrX	62500000	62600000	0	0.0	NA
chrX	62600000	62700000	0	0.0	NA
chrX	62700000	62800000	4617	1198.0	0.259475850119
chrX	62800000	62900000	14949	3472.0	0.232256338217
chrX	62900000	63000000	32711	7829.0	0.23933844884
chrX	63000000	63100000	747	206.0	0.275769745649
chrX	63100000	63200000	0	0.0	NA
chrX	63200000	63300000	0	0.0	NA
chrX	63300000	63400000	1965	508.0	0.258524173028
chrX	63400000	63500000	5710	1263.0	0.22119089317
chrX	63500000	63600000	0	0.0	NA
chrX	63600000	63700000	0	0.0	NA
chrX	63700000	63800000	0	0.0	NA
chrX	63800000	63900000	0	0.0	NA
chrX	63900000	64000000	0	0.0	NA
chrX	64000000	64100000	836	226.0	0.27033492823
chrX	64100000	64200000	0	0.0	NA
chrX	64200000	64300000	0	0.0	NA
chrX	64300000	64400000	2586	653.0	0.252513534416
chrX	64400000	64500000	0	0.0	NA
chrX	64500000	64600000	0	0.0	NA
chrX	64600000	64700000	591	145.0	0.245346869712
chrX	64700000	64800000	42634	8726.0	0.204672327251
chrX	64800000	64900000	24658	5933.0	0.240611566226
chrX	64900000	65000000	25161	5641.0	0.224196176623
chrX	65000000	65100000	0	0.0	NA
chrX	65100000	65200000	0	0.0	NA
chrX	65200000	65300000	8225	1998.0	0.242917933131
chrX	65300000	65400000	0	0.0	NA
chrX	65400000	65500000	0	0.0	NA
chrX	65500000	65600000	0	0.0	NA
chrX	65600000	65700000	0	0.0	NA
chrX	65700000	65800000	0	0.0	NA
chrX	65800000	65900000	2028	481.0	0.237179487179
chrX	65900000	66000000	12192	3432.0	0.281496062992
chrX	66000000	66100000	0	0.0	NA
chrX	66100000	66200000	0	0.0	NA
chrX	66200000	66300000	0	0.0	NA
chrX	66300000	66400000	0	0.0	NA
chrX	66400000	66500000	0	0.0	NA
chrX	66500000	66600000	0	0.0	NA
chrX	66600000	66700000	1190	328.0	0.275630252101
chrX	66700000	66800000	0	0.0	NA
chrX	66800000	66900000	0	0.0	NA
chrX	66900000	67000000	0	0.0	NA
chrX	67000000	67100000	4615	1132.0	0.245287107259
chrX	67100000	67200000	0	0.0	NA
chrX	67200000	67300000	4976	1321.0	0.265474276527
chrX	67300000	67400000	17200	3928.0	0.228372093023
chrX	67400000	67500000	0	0.0	NA
chrX	67500000	67600000	0	0.0	NA
chrX	67600000	67700000	23428	5144.0	0.219566330886
chrX	67700000	67800000	16309	3431.0	0.210374639769
chrX	67800000	67900000	6378	1475.0	0.231263719034
chrX	67900000	68000000	18258	4743.0	0.259776536313
chrX	68000000	68100000	12495	3159.0	0.252821128451
chrX	68100000	68200000	39854	9332.0	0.234154664526
chrX	68200000	68300000	15817	4151.0	0.262439147752
chrX	68300000	68400000	41128	9973.0	0.242486870259
chrX	68400000	68500000	43191	10414.0	0.241115047116
chrX	68500000	68600000	22789	5290.0	0.23212953618
chrX	68600000	68700000	20420	4604.0	0.225465230167
chrX	68700000	68800000	65980	14112.0	0.213882994847
chrX	68800000	68900000	41376	8788.0	0.212393658159
chrX	68900000	69000000	0	0.0	NA
chrX	69000000	69100000	0	0.0	NA
chrX	69100000	69200000	24547	5064.0	0.20629812197
chrX	69200000	69300000	44355	10626.0	0.239567128847
chrX	69300000	69400000	40383	8994.0	0.222717480128
chrX	69400000	69500000	55820	12082.0	0.216445718381
chrX	69500000	69600000	44113	9278.0	0.210323487407
chrX	69600000	69700000	35261	6544.0	0.185587476249
chrX	69700000	69800000	37608	8552.0	0.227398425867
chrX	69800000	69900000	4541	1001.0	0.220436027307
chrX	69900000	70000000	0	0.0	NA
chrX	70000000	70100000	5979	1224.0	0.204716507777
chrX	70100000	70200000	16941	3370.0	0.198925683254
chrX	70200000	70300000	32387	6355.0	0.196220705839
chrX	70300000	70400000	66961	12691.0	0.189528232852
chrX	70400000	70500000	39664	7936.0	0.200080677693
chrX	70500000	70600000	8795	1792.0	0.203752131893
chrX	70600000	70700000	0	0.0	NA
chrX	70700000	70800000	0	0.0	NA
chrX	70800000	70900000	3404	1093.0	0.321092831962
chrX	70900000	71000000	0	0.0	NA
chrX	71000000	71100000	9588	3045.0	0.317584480601
chrX	71100000	71200000	0	0.0	NA
chrX	71200000	71300000	0	0.0	NA
chrX	71300000	71400000	36343	8352.0	0.229810417412
chrX	71400000	71500000	36675	8169.0	0.222740286299
chrX	71500000	71600000	39473	8017.0	0.203100853748
chrX	71600000	71700000	19234	3530.0	0.1835291671
chrX	71700000	71800000	28207	5491.0	0.194667990215
chrX	71800000	71900000	26906	5710.0	0.212220322605
chrX	71900000	72000000	15125	3218.0	0.212760330579
chrX	72000000	72100000	0	0.0	NA
chrX	72100000	72200000	0	0.0	NA
chrX	72200000	72300000	585	156.0	0.266666666667
chrX	72300000	72400000	6385	1603.0	0.251057165231
chrX	72400000	72500000	7890	1544.0	0.195690747782
chrX	72500000	72600000	239	63.0	0.26359832636
chrX	72600000	72700000	13184	3002.0	0.227700242718
chrX	72700000	72800000	0	0.0	NA
chrX	72800000	72900000	0	0.0	NA
chrX	72900000	73000000	3139	701.0	0.223319528512
chrX	73000000	73100000	9565	2287.0	0.239100888657
chrX	73100000	73200000	12926	3057.0	0.236500077363
chrX	73200000	73300000	0	0.0	NA
chrX	73300000	73400000	0	0.0	NA
chrX	73400000	73500000	20394	4832.0	0.236932431107
chrX	73500000	73600000	22604	5273.0	0.233277296054
chrX	73600000	73700000	18341	4053.0	0.220980317322
chrX	73700000	73800000	24763	5396.0	0.217905746477
chrX	73800000	73900000	36100	7302.0	0.202271468144
chrX	73900000	74000000	30458	5385.0	0.176800840502
chrX	74000000	74100000	0	0.0	NA
chrX	74100000	74200000	6037	1356.0	0.224614874938
chrX	74200000	74300000	2347	568.0	0.242011077972
chrX	74300000	74400000	15114	3649.0	0.2414317851
chrX	74400000	74500000	7248	1634.0	0.225441501104
chrX	74500000	74600000	20939	4306.0	0.205644968719
chrX	74600000	74700000	10438	2267.0	0.217187200613
chrX	74700000	74800000	0	0.0	NA
chrX	74800000	74900000	57	25.0	0.438596491228
chrX	74900000	75000000	0	0.0	NA
chrX	75000000	75100000	2731	835.0	0.30574880996
chrX	75100000	75200000	1474	396.0	0.268656716418
chrX	75200000	75300000	513	165.0	0.321637426901
chrX	75300000	75400000	11119	2627.0	0.2362622538
chrX	75400000	75500000	2802	628.0	0.224125624554
chrX	75500000	75600000	0	0.0	NA
chrX	75600000	75700000	0	0.0	NA
chrX	75700000	75800000	0	0.0	NA
chrX	75800000	75900000	0	0.0	NA
chrX	75900000	76000000	8244	2177.0	0.264070839398
chrX	76000000	76100000	0	0.0	NA
chrX	76100000	76200000	8047	1657.0	0.205915247918
chrX	76200000	76300000	15319	3460.0	0.225863307004
chrX	76300000	76400000	4985	1201.0	0.240922768305
chrX	76400000	76500000	0	0.0	NA
chrX	76500000	76600000	0	0.0	NA
chrX	76600000	76700000	19003	4076.0	0.214492448561
chrX	76700000	76800000	18373	3500.0	0.190496924835
chrX	76800000	76900000	6307	1352.0	0.21436499128
chrX	76900000	77000000	1377	329.0	0.23892519971
chrX	77000000	77100000	12308	2643.0	0.21473838154
chrX	77100000	77200000	9461	2017.0	0.213190994609
chrX	77200000	77300000	32249	6374.0	0.197649539521
chrX	77300000	77400000	6173	1192.0	0.193098979427
chrX	77400000	77500000	0	0.0	NA
chrX	77500000	77600000	0	0.0	NA
chrX	77600000	77700000	0	0.0	NA
chrX	77700000	77800000	0	0.0	NA
chrX	77800000	77900000	3436	922.0	0.268335273574
chrX	77900000	78000000	30148	7288.0	0.241740745655
chrX	78000000	78100000	28490	6593.0	0.231414531415
chrX	78100000	78200000	4635	1313.0	0.283279395901
chrX	78200000	78300000	13313	3405.0	0.255765041689
chrX	78300000	78400000	6016	1651.0	0.274434840426
chrX	78400000	78500000	2658	748.0	0.281414597442
chrX	78500000	78600000	15709	4087.0	0.260169329684
chrX	78600000	78700000	0	0.0	NA
chrX	78700000	78800000	0	0.0	NA
chrX	78800000	78900000	0	0.0	NA
chrX	78900000	79000000	0	0.0	NA
chrX	79000000	79100000	0	0.0	NA
chrX	79100000	79200000	0	0.0	NA
chrX	79200000	79300000	0	0.0	NA
chrX	79300000	79400000	0	0.0	NA
chrX	79400000	79500000	21	7.0	0.333333333333
chrX	79500000	79600000	2912	743.0	0.255151098901
chrX	79600000	79700000	5943	1512.0	0.254416961131
chrX	79700000	79800000	0	0.0	NA
chrX	79800000	79900000	0	0.0	NA
chrX	79900000	80000000	0	0.0	NA
chrX	80000000	80100000	23213	5237.0	0.225606341274
chrX	80100000	80200000	4744	1450.0	0.305649241147
chrX	80200000	80300000	0	0.0	NA
chrX	80300000	80400000	1930	534.0	0.276683937824
chrX	80400000	80500000	0	0.0	NA
chrX	80500000	80600000	0	0.0	NA
chrX	80600000	80700000	7599	1936.0	0.254770364522
chrX	80700000	80800000	0	0.0	NA
chrX	80800000	80900000	0	0.0	NA
chrX	80900000	81000000	0	0.0	NA
chrX	81000000	81100000	0	0.0	NA
chrX	81100000	81200000	0	0.0	NA
chrX	81200000	81300000	0	0.0	NA
chrX	81300000	81400000	94	29.0	0.308510638298
chrX	81400000	81500000	0	0.0	NA
chrX	81500000	81600000	0	0.0	NA
chrX	81600000	81700000	0	0.0	NA
chrX	81700000	81800000	8625	2277.0	0.264
chrX	81800000	81900000	2948	755.0	0.256105834464
chrX	81900000	82000000	1274	361.0	0.283359497645
chrX	82000000	82100000	0	0.0	NA
chrX	82100000	82200000	0	0.0	NA
chrX	82200000	82300000	0	0.0	NA
chrX	82300000	82400000	0	0.0	NA
chrX	82400000	82500000	0	0.0	NA
chrX	82500000	82600000	0	0.0	NA
chrX	82600000	82700000	2975	839.0	0.282016806723
chrX	82700000	82800000	827	202.0	0.244256348247
chrX	82800000	82900000	3700	964.0	0.260540540541
chrX	82900000	83000000	0	0.0	NA
chrX	83000000	83100000	201	73.0	0.363184079602
chrX	83100000	83200000	0	0.0	NA
chrX	83200000	83300000	783	220.0	0.280970625798
chrX	83300000	83400000	10852	2353.0	0.216826391449
chrX	83400000	83500000	31590	7465.0	0.236308958531
chrX	83500000	83600000	11155	2763.0	0.247691618108
chrX	83600000	83700000	0	0.0	NA
chrX	83700000	83800000	0	0.0	NA
chrX	83800000	83900000	3146	857.0	0.272409408773
chrX	83900000	84000000	0	0.0	NA
chrX	84000000	84100000	0	0.0	NA
chrX	84100000	84200000	0	0.0	NA
chrX	84200000	84300000	6126	1537.0	0.250897812602
chrX	84300000	84400000	726	165.0	0.227272727273
chrX	84400000	84500000	30480	7491.0	0.245767716535
chrX	84500000	84600000	18710	4347.0	0.232335649385
chrX	84600000	84700000	12996	3013.0	0.231840566328
chrX	84700000	84800000	9304	2373.0	0.255051590714
chrX	84800000	84900000	0	0.0	NA
chrX	84900000	85000000	0	0.0	NA
chrX	85000000	85100000	0	0.0	NA
chrX	85100000	85200000	28438	6350.0	0.22329277727
chrX	85200000	85300000	0	0.0	NA
chrX	85300000	85400000	20356	4448.0	0.218510512871
chrX	85400000	85500000	1712	332.0	0.193925233645
chrX	85500000	85600000	0	0.0	NA
chrX	85600000	85700000	0	0.0	NA
chrX	85700000	85800000	0	0.0	NA
chrX	85800000	85900000	0	0.0	NA
chrX	85900000	86000000	0	0.0	NA
chrX	86000000	86100000	0	0.0	NA
chrX	86100000	86200000	3741	963.0	0.257417802727
chrX	86200000	86300000	0	0.0	NA
chrX	86300000	86400000	2077	599.0	0.288396726047
chrX	86400000	86500000	0	0.0	NA
chrX	86500000	86600000	0	0.0	NA
chrX	86600000	86700000	7011	1915.0	0.273142205106
chrX	86700000	86800000	1643	472.0	0.287279367012
chrX	86800000	86900000	22355	5733.0	0.256452695146
chrX	86900000	87000000	715	228.0	0.318881118881
chrX	87000000	87100000	0	0.0	NA
chrX	87100000	87200000	0	0.0	NA
chrX	87200000	87300000	0	0.0	NA
chrX	87300000	87400000	0	0.0	NA
chrX	87400000	87500000	0	0.0	NA
chrX	87500000	87600000	0	0.0	NA
chrX	87600000	87700000	0	0.0	NA
chrX	87700000	87800000	0	0.0	NA
chrX	87800000	87900000	0	0.0	NA
chrX	87900000	88000000	0	0.0	NA
chrX	88000000	88100000	0	0.0	NA
chrX	88100000	88200000	0	0.0	NA
chrX	88200000	88300000	0	0.0	NA
chrX	88300000	88400000	0	0.0	NA
chrX	88400000	88500000	0	0.0	NA
chrX	88500000	88600000	0	0.0	NA
chrX	88600000	88700000	0	0.0	NA
chrX	88700000	88800000	0	0.0	NA
chrX	88800000	88900000	0	0.0	NA
chrX	88900000	89000000	0	0.0	NA
chrX	89000000	89100000	0	0.0	NA
chrX	89100000	89200000	0	0.0	NA
chrX	89200000	89300000	0	0.0	NA
chrX	89300000	89400000	0	0.0	NA
chrX	89400000	89500000	0	0.0	NA
chrX	89500000	89600000	0	0.0	NA
chrX	89600000	89700000	0	0.0	NA
chrX	89700000	89800000	0	0.0	NA
chrX	89800000	89900000	0	0.0	NA
chrX	89900000	90000000	23	6.0	0.260869565217
chrX	90000000	90100000	0	0.0	NA
chrX	90100000	90200000	0	0.0	NA
chrX	90200000	90300000	0	0.0	NA
chrX	90300000	90400000	0	0.0	NA
chrX	90400000	90500000	0	0.0	NA
chrX	90500000	90600000	1470	415.0	0.28231292517
chrX	90600000	90700000	0	0.0	NA
chrX	90700000	90800000	0	0.0	NA
chrX	90800000	90900000	0	0.0	NA
chrX	90900000	91000000	280	57.0	0.203571428571
chrX	91000000	91100000	0	0.0	NA
chrX	91100000	91200000	0	0.0	NA
chrX	91200000	91300000	0	0.0	NA
chrX	91300000	91400000	0	0.0	NA
chrX	91400000	91500000	0	0.0	NA
chrX	91500000	91600000	0	0.0	NA
chrX	91600000	91700000	0	0.0	NA
chrX	91700000	91800000	0	0.0	NA
chrX	91800000	91900000	0	0.0	NA
chrX	91900000	92000000	79	22.0	0.278481012658
chrX	92000000	92100000	0	0.0	NA
chrX	92100000	92200000	0	0.0	NA
chrX	92200000	92300000	0	0.0	NA
chrX	92300000	92400000	0	0.0	NA
chrX	92400000	92500000	0	0.0	NA
chrX	92500000	92600000	0	0.0	NA
chrX	92600000	92700000	0	0.0	NA
chrX	92700000	92800000	0	0.0	NA
chrX	92800000	92900000	0	0.0	NA
chrX	92900000	93000000	0	0.0	NA
chrX	93000000	93100000	0	0.0	NA
chrX	93100000	93200000	0	0.0	NA
chrX	93200000	93300000	0	0.0	NA
chrX	93300000	93400000	0	0.0	NA
chrX	93400000	93500000	0	0.0	NA
chrX	93500000	93600000	0	0.0	NA
chrX	93600000	93700000	0	0.0	NA
chrX	93700000	93800000	0	0.0	NA
chrX	93800000	93900000	0	0.0	NA
chrX	93900000	94000000	0	0.0	NA
chrX	94000000	94100000	0	0.0	NA
chrX	94100000	94200000	0	0.0	NA
chrX	94200000	94300000	0	0.0	NA
chrX	94300000	94400000	0	0.0	NA
chrX	94400000	94500000	0	0.0	NA
chrX	94500000	94600000	0	0.0	NA
chrX	94600000	94700000	0	0.0	NA
chrX	94700000	94800000	0	0.0	NA
chrX	94800000	94900000	0	0.0	NA
chrX	94900000	95000000	6579	1531.0	0.232710138319
chrX	95000000	95100000	0	0.0	NA
chrX	95100000	95200000	2342	471.0	0.201110162254
chrX	95200000	95300000	14404	3317.0	0.230283254651
chrX	95300000	95400000	4835	1160.0	0.239917269907
chrX	95400000	95500000	0	0.0	NA
chrX	95500000	95600000	18206	4510.0	0.247720531693
chrX	95600000	95700000	12253	2700.0	0.220354198972
chrX	95700000	95800000	4896	1087.0	0.222017973856
chrX	95800000	95900000	12604	2655.0	0.21064741352
chrX	95900000	96000000	0	0.0	NA
chrX	96000000	96100000	0	0.0	NA
chrX	96100000	96200000	0	0.0	NA
chrX	96200000	96300000	0	0.0	NA
chrX	96300000	96400000	0	0.0	NA
chrX	96400000	96500000	0	0.0	NA
chrX	96500000	96600000	0	0.0	NA
chrX	96600000	96700000	0	0.0	NA
chrX	96700000	96800000	0	0.0	NA
chrX	96800000	96900000	0	0.0	NA
chrX	96900000	97000000	22656	5120.0	0.225988700565
chrX	97000000	97100000	0	0.0	NA
chrX	97100000	97200000	0	0.0	NA
chrX	97200000	97300000	0	0.0	NA
chrX	97300000	97400000	0	0.0	NA
chrX	97400000	97500000	0	0.0	NA
chrX	97500000	97600000	14706	3145.0	0.213858289134
chrX	97600000	97700000	17230	3755.0	0.217933836332
chrX	97700000	97800000	22180	5041.0	0.227276825969
chrX	97800000	97900000	0	0.0	NA
chrX	97900000	98000000	0	0.0	NA
chrX	98000000	98100000	0	0.0	NA
chrX	98100000	98200000	7866	2006.0	0.255021612001
chrX	98200000	98300000	8116	1988.0	0.24494825037
chrX	98300000	98400000	0	0.0	NA
chrX	98400000	98500000	0	0.0	NA
chrX	98500000	98600000	23846	5599.0	0.234798289021
chrX	98600000	98700000	10025	2640.0	0.263341645885
chrX	98700000	98800000	13359	3309.0	0.247698181002
chrX	98800000	98900000	0	0.0	NA
chrX	98900000	99000000	0	0.0	NA
chrX	99000000	99100000	0	0.0	NA
chrX	99100000	99200000	0	0.0	NA
chrX	99200000	99300000	29924	7114.0	0.237735596845
chrX	99300000	99400000	1646	391.0	0.237545565006
chrX	99400000	99500000	42228	9177.0	0.217320261438
chrX	99500000	99600000	0	0.0	NA
chrX	99600000	99700000	0	0.0	NA
chrX	99700000	99800000	34076	7368.0	0.216222561333
chrX	99800000	99900000	19603	3955.0	0.201754833444
chrX	99900000	100000000	63460	13118.0	0.206712890009
chrX	100000000	100100000	27677	5421.0	0.195866604039
chrX	100100000	100200000	40524	8222.0	0.202892113316
chrX	100200000	100300000	30561	6635.0	0.217106770066
chrX	100300000	100400000	26053	5254.0	0.201665835029
chrX	100400000	100500000	43698	9277.0	0.212298045677
chrX	100500000	100600000	39850	8293.0	0.208105395232
chrX	100600000	100700000	47547	9534.0	0.2005173828
chrX	100700000	100800000	32746	7098.0	0.216759298846
chrX	100800000	100900000	41743	9099.0	0.217976666747
chrX	100900000	101000000	39628	8914.0	0.22494196023
chrX	101000000	101100000	29019	6723.0	0.231675798615
chrX	101100000	101200000	13745	3090.0	0.224809021462
chrX	101200000	101300000	619	147.0	0.237479806139
chrX	101300000	101400000	9957	2677.0	0.268856081149
chrX	101400000	101500000	10790	2514.0	0.232993512512
chrX	101500000	101600000	0	0.0	NA
chrX	101600000	101700000	0	0.0	NA
chrX	101700000	101800000	7303	1751.0	0.239764480351
chrX	101800000	101900000	21281	5018.0	0.235797189982
chrX	101900000	102000000	25756	6116.0	0.2374592328
chrX	102000000	102100000	17569	5179.0	0.29478057943
chrX	102100000	102200000	1171	331.0	0.282664389411
chrX	102200000	102300000	0	0.0	NA
chrX	102300000	102400000	8350	2599.0	0.31125748503
chrX	102400000	102500000	12381	3072.0	0.248122122607
chrX	102500000	102600000	40770	9275.0	0.227495707628
chrX	102600000	102700000	35766	8772.0	0.245260862271
chrX	102700000	102800000	35606	10163.0	0.285429422008
chrX	102800000	102900000	26779	6013.0	0.224541618432
chrX	102900000	103000000	50812	10493.0	0.206506337086
chrX	103000000	103100000	55900	11310.0	0.202325581395
chrX	103100000	103200000	16917	4240.0	0.250635455459
chrX	103200000	103300000	18477	5975.0	0.323375006765
chrX	103300000	103400000	33259	7698.0	0.231456147208
chrX	103400000	103500000	55420	11679.0	0.210736196319
chrX	103500000	103600000	44764	9738.0	0.217540881065
chrX	103600000	103700000	0	0.0	NA
chrX	103700000	103800000	33631	7684.0	0.228479676489
chrX	103800000	103900000	0	0.0	NA
chrX	103900000	104000000	0	0.0	NA
chrX	104000000	104100000	0	0.0	NA
chrX	104100000	104200000	0	0.0	NA
chrX	104200000	104300000	0	0.0	NA
chrX	104300000	104400000	0	0.0	NA
chrX	104400000	104500000	0	0.0	NA
chrX	104500000	104600000	0	0.0	NA
chrX	104600000	104700000	0	0.0	NA
chrX	104700000	104800000	0	0.0	NA
chrX	104800000	104900000	0	0.0	NA
chrX	104900000	105000000	19866	4118.0	0.207288835196
chrX	105000000	105100000	45374	8852.0	0.195089698947
chrX	105100000	105200000	28710	6113.0	0.212922326715
chrX	105200000	105300000	22713	5363.0	0.236120283538
chrX	105300000	105400000	11104	3017.0	0.27170389049
chrX	105400000	105500000	0	0.0	NA
chrX	105500000	105600000	15176	3878.0	0.255535055351
chrX	105600000	105700000	5548	1465.0	0.264059120404
chrX	105700000	105800000	6699	1873.0	0.279593969249
chrX	105800000	105900000	22628	4762.0	0.210447233516
chrX	105900000	106000000	33808	7322.0	0.216575958353
chrX	106000000	106100000	11597	2320.0	0.200051737518
chrX	106100000	106200000	18917	4041.0	0.213617381192
chrX	106200000	106300000	38715	8553.0	0.220922123208
chrX	106300000	106400000	58135	12040.0	0.207104154124
chrX	106400000	106500000	34566	7565.0	0.218856679975
chrX	106500000	106600000	46588	10289.0	0.220850862883
chrX	106600000	106700000	36426	8489.0	0.233047822984
chrX	106700000	106800000	63949	15324.0	0.239628453924
chrX	106800000	106900000	35128	8400.0	0.239125483944
chrX	106900000	107000000	65209	14937.0	0.229063472834
chrX	107000000	107100000	22910	5105.0	0.222828459188
chrX	107100000	107200000	44565	9856.0	0.22116010322
chrX	107200000	107300000	42024	9684.0	0.230439748715
chrX	107300000	107400000	36495	8564.0	0.234662282504
chrX	107400000	107500000	30416	7486.0	0.246120462914
chrX	107500000	107600000	13919	2875.0	0.206552194842
chrX	107600000	107700000	15725	3248.0	0.206550079491
chrX	107700000	107800000	24338	5439.0	0.22347768921
chrX	107800000	107900000	12427	2655.0	0.213647702583
chrX	107900000	108000000	25960	5381.0	0.207280431433
chrX	108000000	108100000	10824	2403.0	0.222006651885
chrX	108100000	108200000	4182	1142.0	0.273075083692
chrX	108200000	108300000	11384	2549.0	0.223910751933
chrX	108300000	108400000	15845	3437.0	0.21691385295
chrX	108400000	108500000	0	0.0	NA
chrX	108500000	108600000	17173	4021.0	0.234146625517
chrX	108600000	108700000	14274	2585.0	0.181098500771
chrX	108700000	108800000	36836	8472.0	0.22999239874
chrX	108800000	108900000	41183	9943.0	0.241434572518
chrX	108900000	109000000	42608	10033.0	0.235472211791
chrX	109000000	109100000	33570	8318.0	0.247780756628
chrX	109100000	109200000	26046	6412.0	0.246179835675
chrX	109200000	109300000	0	0.0	NA
chrX	109300000	109400000	26167	6739.0	0.257538120533
chrX	109400000	109500000	14010	3107.0	0.221770164168
chrX	109500000	109600000	15444	3128.0	0.202538202538
chrX	109600000	109700000	32314	6902.0	0.21359163211
chrX	109700000	109800000	28615	6755.0	0.236065000874
chrX	109800000	109900000	13448	3104.0	0.230814991077
chrX	109900000	110000000	0	0.0	NA
chrX	110000000	110100000	8681	2301.0	0.265061628845
chrX	110100000	110200000	17093	4172.0	0.244076522553
chrX	110200000	110300000	0	0.0	NA
chrX	110300000	110400000	7553	1543.0	0.204289686217
chrX	110400000	110500000	60888	13384.0	0.219813427933
chrX	110500000	110600000	57945	12754.0	0.220105272241
chrX	110600000	110700000	29636	6787.0	0.229012012417
chrX	110700000	110800000	51311	11431.0	0.2227787414
chrX	110800000	110900000	15590	3449.0	0.221231558691
chrX	110900000	111000000	45685	9784.0	0.214162197658
chrX	111000000	111100000	42510	9542.0	0.224464831804
chrX	111100000	111200000	1444	320.0	0.221606648199
chrX	111200000	111300000	25404	5777.0	0.22740513305
chrX	111300000	111400000	13084	2998.0	0.229134821156
chrX	111400000	111500000	13706	3254.0	0.237414271122
chrX	111500000	111600000	0	0.0	NA
chrX	111600000	111700000	0	0.0	NA
chrX	111700000	111800000	15977	3828.0	0.239594416974
chrX	111800000	111900000	6740	1718.0	0.254896142433
chrX	111900000	112000000	38430	9026.0	0.234868592246
chrX	112000000	112100000	68971	14117.0	0.204680227922
chrX	112100000	112200000	38953	8616.0	0.221189638795
chrX	112200000	112300000	35841	8333.0	0.232499093217
chrX	112300000	112400000	3900	888.0	0.227692307692
chrX	112400000	112500000	0	0.0	NA
chrX	112500000	112600000	0	0.0	NA
chrX	112600000	112700000	0	0.0	NA
chrX	112700000	112800000	14546	3369.0	0.231610064623
chrX	112800000	112900000	16153	3840.0	0.237726738067
chrX	112900000	113000000	0	0.0	NA
chrX	113000000	113100000	7089	1740.0	0.245450698265
chrX	113100000	113200000	44332	10291.0	0.232134801047
chrX	113200000	113300000	23078	5264.0	0.228096022186
chrX	113300000	113400000	22376	5016.0	0.224168752235
chrX	113400000	113500000	0	0.0	NA
chrX	113500000	113600000	0	0.0	NA
chrX	113600000	113700000	0	0.0	NA
chrX	113700000	113800000	20895	4839.0	0.231586503948
chrX	113800000	113900000	0	0.0	NA
chrX	113900000	114000000	0	0.0	NA
chrX	114000000	114100000	0	0.0	NA
chrX	114100000	114200000	18994	4182.0	0.22017479204
chrX	114200000	114300000	48005	10684.0	0.222560149984
chrX	114300000	114400000	19277	3910.0	0.202832390932
chrX	114400000	114500000	19955	4076.0	0.204259584064
chrX	114500000	114600000	24910	5677.0	0.22790044159
chrX	114600000	114700000	49024	10955.0	0.223461977807
chrX	114700000	114800000	737	173.0	0.23473541384
chrX	114800000	114900000	29131	6305.0	0.216436099001
chrX	114900000	115000000	5620	1694.0	0.301423487544
chrX	115000000	115100000	6707	2600.0	0.387654689131
chrX	115100000	115200000	3997	923.0	0.230923192394
chrX	115200000	115300000	3767	921.0	0.244491637908
chrX	115300000	115400000	17965	4262.0	0.237239075981
chrX	115400000	115500000	27118	6687.0	0.246588981488
chrX	115500000	115600000	33724	7975.0	0.236478472305
chrX	115600000	115700000	9829	2427.0	0.246922372571
chrX	115700000	115800000	10002	2367.0	0.236652669466
chrX	115800000	115900000	4674	1221.0	0.261232349166
chrX	115900000	116000000	2134	553.0	0.259137769447
chrX	116000000	116100000	13327	3262.0	0.244766263975
chrX	116100000	116200000	0	0.0	NA
chrX	116200000	116300000	0	0.0	NA
chrX	116300000	116400000	0	0.0	NA
chrX	116400000	116500000	0	0.0	NA
chrX	116500000	116600000	0	0.0	NA
chrX	116600000	116700000	0	0.0	NA
chrX	116700000	116800000	0	0.0	NA
chrX	116800000	116900000	0	0.0	NA
chrX	116900000	117000000	13762	3522.0	0.255922104345
chrX	117000000	117100000	12578	2737.0	0.217602162506
chrX	117100000	117200000	24593	5138.0	0.208921237751
chrX	117200000	117300000	0	0.0	NA
chrX	117300000	117400000	42314	9596.0	0.226780734509
chrX	117400000	117500000	6838	1432.0	0.209417958467
chrX	117500000	117600000	17940	3627.0	0.202173913043
chrX	117600000	117700000	32546	7730.0	0.237509985866
chrX	117700000	117800000	27101	6348.0	0.234234899081
chrX	117800000	117900000	33637	8056.0	0.239498171656
chrX	117900000	118000000	21997	5221.0	0.237350547802
chrX	118000000	118100000	16396	3757.0	0.229141253964
chrX	118100000	118200000	37470	8389.0	0.223885775287
chrX	118200000	118300000	51660	13075.0	0.253097173829
chrX	118300000	118400000	49437	11375.0	0.230090822663
chrX	118400000	118500000	34095	8049.0	0.236075670919
chrX	118500000	118600000	26315	6271.0	0.238305149154
chrX	118600000	118700000	39728	9593.0	0.241466975433
chrX	118700000	118800000	38932	8722.0	0.224031644919
chrX	118800000	118900000	33850	7533.0	0.222540620384
chrX	118900000	119000000	26930	5831.0	0.216524322317
chrX	119000000	119100000	26202	5760.0	0.219830547286
chrX	119100000	119200000	17678	4973.0	0.281310102953
chrX	119200000	119300000	4941	1242.0	0.251366120219
chrX	119300000	119400000	22685	4412.0	0.194489750937
chrX	119400000	119500000	58192	11954.0	0.2054234259
chrX	119500000	119600000	48584	9604.0	0.197678247983
chrX	119600000	119700000	37051	7152.0	0.193031227227
chrX	119700000	119800000	20476	4184.0	0.204336784528
chrX	119800000	119900000	18748	4084.0	0.217836569234
chrX	119900000	120000000	39410	8189.0	0.20778990104
chrX	120000000	120100000	1830	460.0	0.251366120219
chrX	120100000	120200000	27807	6243.0	0.224511813572
chrX	120200000	120300000	22632	5378.0	0.237628137151
chrX	120300000	120400000	13518	3477.0	0.257212605415
chrX	120400000	120500000	23386	6023.0	0.257547250492
chrX	120500000	120600000	25761	7290.0	0.282985908932
chrX	120600000	120700000	2673	698.0	0.261129816685
chrX	120700000	120800000	0	0.0	NA
chrX	120800000	120900000	0	0.0	NA
chrX	120900000	121000000	6466	1696.0	0.262295081967
chrX	121000000	121100000	10036	2467.0	0.245815065763
chrX	121100000	121200000	2815	731.0	0.259680284192
chrX	121200000	121300000	1690	429.0	0.253846153846
chrX	121300000	121400000	12400	2988.0	0.240967741935
chrX	121400000	121500000	8785	2193.0	0.249630051224
chrX	121500000	121600000	11885	3027.0	0.254690786706
chrX	121600000	121700000	7801	1694.0	0.217151647225
chrX	121700000	121800000	3793	914.0	0.240970208278
chrX	121800000	121900000	5468	1271.0	0.232443306511
chrX	121900000	122000000	6414	1469.0	0.229030246336
chrX	122000000	122100000	8165	1872.0	0.229271279853
chrX	122100000	122200000	0	0.0	NA
chrX	122200000	122300000	17636	3714.0	0.210591970968
chrX	122300000	122400000	0	0.0	NA
chrX	122400000	122500000	0	0.0	NA
chrX	122500000	122600000	2984	439.0	0.147117962466
chrX	122600000	122700000	45811	8789.0	0.191853484971
chrX	122700000	122800000	36079	6465.0	0.179190110591
chrX	122800000	122900000	24403	5062.0	0.207433512273
chrX	122900000	123000000	17341	3852.0	0.222132518309
chrX	123000000	123100000	31193	6094.0	0.195364344564
chrX	123100000	123200000	41051	9059.0	0.220676719203
chrX	123200000	123300000	24524	5024.0	0.204860544772
chrX	123300000	123400000	47730	10239.0	0.214519170333
chrX	123400000	123500000	25135	5404.0	0.214999005371
chrX	123500000	123600000	56437	10780.0	0.191009444159
chrX	123600000	123700000	5014	1031.0	0.205624252094
chrX	123700000	123800000	0	0.0	NA
chrX	123800000	123900000	0	0.0	NA
chrX	123900000	124000000	0	0.0	NA
chrX	124000000	124100000	0	0.0	NA
chrX	124100000	124200000	35278	7524.0	0.213277396678
chrX	124200000	124300000	0	0.0	NA
chrX	124300000	124400000	45004	8691.0	0.193116167452
chrX	124400000	124500000	8402	1871.0	0.222685074982
chrX	124500000	124600000	26819	6454.0	0.240650285246
chrX	124600000	124700000	0	0.0	NA
chrX	124700000	124800000	6614	1589.0	0.240247958875
chrX	124800000	124900000	10080	2290.0	0.227182539683
chrX	124900000	125000000	0	0.0	NA
chrX	125000000	125100000	9004	2387.0	0.265104398045
chrX	125100000	125200000	15035	3527.0	0.234585966079
chrX	125200000	125300000	14696	3542.0	0.241017964072
chrX	125300000	125400000	38452	9238.0	0.2402475814
chrX	125400000	125500000	0	0.0	NA
chrX	125500000	125600000	17446	4239.0	0.242978333142
chrX	125600000	125700000	8702	2120.0	0.243622155826
chrX	125700000	125800000	21171	5117.0	0.241698549903
chrX	125800000	125900000	23243	5511.0	0.237103644108
chrX	125900000	126000000	27657	6440.0	0.23285244242
chrX	126000000	126100000	6320	1645.0	0.260284810127
chrX	126100000	126200000	0	0.0	NA
chrX	126200000	126300000	0	0.0	NA
chrX	126300000	126400000	0	0.0	NA
chrX	126400000	126500000	12189	3164.0	0.259578308311
chrX	126500000	126600000	9716	2380.0	0.244956772334
chrX	126600000	126700000	5939	1491.0	0.251052365718
chrX	126700000	126800000	4858	1257.0	0.258748456155
chrX	126800000	126900000	10543	2757.0	0.261500521673
chrX	126900000	127000000	0	0.0	NA
chrX	127000000	127100000	2539	651.0	0.256400157542
chrX	127100000	127200000	6379	1750.0	0.274337670481
chrX	127200000	127300000	370	122.0	0.32972972973
chrX	127300000	127400000	6346	2049.0	0.32288055468
chrX	127400000	127500000	3664	936.0	0.255458515284
chrX	127500000	127600000	0	0.0	NA
chrX	127600000	127700000	0	0.0	NA
chrX	127700000	127800000	7860	1741.0	0.221501272265
chrX	127800000	127900000	15541	3489.0	0.22450292774
chrX	127900000	128000000	0	0.0	NA
chrX	128000000	128100000	0	0.0	NA
chrX	128100000	128200000	0	0.0	NA
chrX	128200000	128300000	0	0.0	NA
chrX	128300000	128400000	0	0.0	NA
chrX	128400000	128500000	4988	1039.0	0.208299919808
chrX	128500000	128600000	28536	5486.0	0.192248388001
chrX	128600000	128700000	59261	11687.0	0.197212331888
chrX	128700000	128800000	62470	14206.0	0.227405154474
chrX	128800000	128900000	54357	12989.0	0.238957264014
chrX	128900000	129000000	52958	11116.0	0.209902186638
chrX	129000000	129100000	26204	5519.0	0.21061669974
chrX	129100000	129200000	59625	12525.0	0.210062893082
chrX	129200000	129300000	60113	12830.0	0.213431370918
chrX	129300000	129400000	54257	11194.0	0.206314392613
chrX	129400000	129500000	34575	7443.0	0.215271149675
chrX	129500000	129600000	56677	12170.0	0.214725550047
chrX	129600000	129700000	46086	10427.0	0.226250922189
chrX	129700000	129800000	25366	5743.0	0.226405424584
chrX	129800000	129900000	0	0.0	NA
chrX	129900000	130000000	0	0.0	NA
chrX	130000000	130100000	31338	6246.0	0.199310740953
chrX	130100000	130200000	54032	11101.0	0.205452324548
chrX	130200000	130300000	21940	4790.0	0.218322698268
chrX	130300000	130400000	50952	11334.0	0.222444653792
chrX	130400000	130500000	0	0.0	NA
chrX	130500000	130600000	0	0.0	NA
chrX	130600000	130700000	0	0.0	NA
chrX	130700000	130800000	32681	7553.0	0.231112879043
chrX	130800000	130900000	5068	1286.0	0.253749013418
chrX	130900000	131000000	9266	2463.0	0.265810489963
chrX	131000000	131100000	18921	4561.0	0.241054912531
chrX	131100000	131200000	56508	11941.0	0.211315212005
chrX	131200000	131300000	44540	9673.0	0.217175572519
chrX	131300000	131400000	41770	9016.0	0.215848695236
chrX	131400000	131500000	0	0.0	NA
chrX	131500000	131600000	0	0.0	NA
chrX	131600000	131700000	51355	12069.0	0.235011196573
chrX	131700000	131800000	40225	9322.0	0.231746426352
chrX	131800000	131900000	11339	2391.0	0.210865155657
chrX	131900000	132000000	0	0.0	NA
chrX	132000000	132100000	19613	4326.0	0.220567990618
chrX	132100000	132200000	32956	7685.0	0.233189707489
chrX	132200000	132300000	33504	7988.0	0.238419293219
chrX	132300000	132400000	49581	11148.0	0.224844194349
chrX	132400000	132500000	63573	14551.0	0.228886476963
chrX	132500000	132600000	30164	6557.0	0.217378331786
chrX	132600000	132700000	26347	6252.0	0.237294568642
chrX	132700000	132800000	22379	4899.0	0.218910585817
chrX	132800000	132900000	0	0.0	NA
chrX	132900000	133000000	0	0.0	NA
chrX	133000000	133100000	0	0.0	NA
chrX	133100000	133200000	4408	936.0	0.212341197822
chrX	133200000	133300000	38343	8757.0	0.228385885298
chrX	133300000	133400000	42682	8688.0	0.203551848554
chrX	133400000	133500000	13336	3129.0	0.234628074385
chrX	133500000	133600000	33788	7090.0	0.209837812241
chrX	133600000	133700000	34721	7875.0	0.226807983641
chrX	133700000	133800000	62878	13531.0	0.215194503642
chrX	133800000	133900000	32569	6838.0	0.209954250975
chrX	133900000	134000000	41875	8617.0	0.205779104478
chrX	134000000	134100000	41509	9063.0	0.218338191717
chrX	134100000	134200000	32058	8883.0	0.277091521617
chrX	134200000	134300000	4530	1476.0	0.32582781457
chrX	134300000	134400000	5607	2016.0	0.359550561798
chrX	134400000	134500000	35490	9472.0	0.266892082277
chrX	134500000	134600000	10557	3192.0	0.302358624609
chrX	134600000	134700000	28107	6736.0	0.239655601807
chrX	134700000	134800000	7722	2397.0	0.310411810412
chrX	134800000	134900000	4025	1222.0	0.303602484472
chrX	134900000	135000000	1565	605.0	0.386581469649
chrX	135000000	135100000	29519	6150.0	0.208340390935
chrX	135100000	135200000	37944	8934.0	0.235452245414
chrX	135200000	135300000	46804	11617.0	0.2482052816
chrX	135300000	135400000	47056	11472.0	0.243794627678
chrX	135400000	135500000	47972	10281.0	0.214312515634
chrX	135500000	135600000	62309	14193.0	0.227784108235
chrX	135600000	135700000	47505	11776.0	0.247889695821
chrX	135700000	135800000	62880	13696.0	0.217811704835
chrX	135800000	135900000	46537	9987.0	0.214603433827
chrX	135900000	136000000	16876	4087.0	0.242178241289
chrX	136000000	136100000	11953	2724.0	0.227892579269
chrX	136100000	136200000	47404	10579.0	0.223166821365
chrX	136200000	136300000	1869	384.0	0.205457463884
chrX	136300000	136400000	0	0.0	NA
chrX	136400000	136500000	0	0.0	NA
chrX	136500000	136600000	32182	7846.0	0.243800882481
chrX	136600000	136700000	279	67.0	0.240143369176
chrX	136700000	136800000	28015	6241.0	0.222773514189
chrX	136800000	136900000	0	0.0	NA
chrX	136900000	137000000	0	0.0	NA
chrX	137000000	137100000	0	0.0	NA
chrX	137100000	137200000	13546	3350.0	0.247305477632
chrX	137200000	137300000	0	0.0	NA
chrX	137300000	137400000	14362	3282.0	0.228519704776
chrX	137400000	137500000	11093	2582.0	0.232759397818
chrX	137500000	137600000	14378	3710.0	0.258033106134
chrX	137600000	137700000	22721	5318.0	0.234056599621
chrX	137700000	137800000	0	0.0	NA
chrX	137800000	137900000	0	0.0	NA
chrX	137900000	138000000	0	0.0	NA
chrX	138000000	138100000	0	0.0	NA
chrX	138100000	138200000	0	0.0	NA
chrX	138200000	138300000	0	0.0	NA
chrX	138300000	138400000	16772	3785.0	0.225673741951
chrX	138400000	138500000	13795	3123.0	0.226386371874
chrX	138500000	138600000	38342	8574.0	0.223619007876
chrX	138600000	138700000	19129	4200.0	0.21956192169
chrX	138700000	138800000	29090	6699.0	0.230285321416
chrX	138800000	138900000	32095	7231.0	0.225299890949
chrX	138900000	139000000	20220	4435.0	0.219337289812
chrX	139000000	139100000	22693	4773.0	0.210329176398
chrX	139100000	139200000	49591	9845.0	0.198523925712
chrX	139200000	139300000	37233	7911.0	0.212472806381
chrX	139300000	139400000	10426	2192.0	0.210243621715
chrX	139400000	139500000	33186	7263.0	0.218857349485
chrX	139500000	139600000	61486	14024.0	0.228084441987
chrX	139600000	139700000	49857	10884.0	0.218304350442
chrX	139700000	139800000	27994	6448.0	0.230335071801
chrX	139800000	139900000	30758	7525.0	0.244651797906
chrX	139900000	140000000	36863	8521.0	0.231153188834
chrX	140000000	140100000	37225	8405.0	0.225789120215
chrX	140100000	140200000	0	0.0	NA
chrX	140200000	140300000	29756	7128.0	0.239548326388
chrX	140300000	140400000	15276	3512.0	0.229903115999
chrX	140400000	140500000	0	0.0	NA
chrX	140500000	140600000	0	0.0	NA
chrX	140600000	140700000	6461	1499.0	0.232007429191
chrX	140700000	140800000	17807	4451.0	0.249957881732
chrX	140800000	140900000	44397	10749.0	0.242110953443
chrX	140900000	141000000	18555	4687.0	0.252600377257
chrX	141000000	141100000	25119	6293.0	0.250527489152
chrX	141100000	141200000	6016	1528.0	0.253989361702
chrX	141200000	141300000	10357	2979.0	0.287631553539
chrX	141300000	141400000	24923	6236.0	0.250210648798
chrX	141400000	141500000	11961	3031.0	0.253406905777
chrX	141500000	141600000	26580	6789.0	0.255417607223
chrX	141600000	141700000	26777	6785.0	0.253389102588
chrX	141700000	141800000	18258	4511.0	0.247069777632
chrX	141800000	141900000	11993	3269.0	0.27257566914
chrX	141900000	142000000	3488	883.0	0.253153669725
chrX	142000000	142100000	32810	8805.0	0.268363303871
chrX	142100000	142200000	16173	4578.0	0.283064366537
chrX	142200000	142300000	37675	10020.0	0.26595885866
chrX	142300000	142400000	38432	9839.0	0.256010616153
chrX	142400000	142500000	0	0.0	NA
chrX	142500000	142600000	0	0.0	NA
chrX	142600000	142700000	21185	5218.0	0.246306348832
chrX	142700000	142800000	53689	11579.0	0.215668013932
chrX	142800000	142900000	23741	5961.0	0.251084621541
chrX	142900000	143000000	17925	4638.0	0.258744769874
chrX	143000000	143100000	20257	5052.0	0.249395270771
chrX	143100000	143200000	0	0.0	NA
chrX	143200000	143300000	0	0.0	NA
chrX	143300000	143400000	0	0.0	NA
chrX	143400000	143500000	0	0.0	NA
chrX	143500000	143600000	0	0.0	NA
chrX	143600000	143700000	0	0.0	NA
chrX	143700000	143800000	0	0.0	NA
chrX	143800000	143900000	0	0.0	NA
chrX	143900000	144000000	0	0.0	NA
chrX	144000000	144100000	11083	2632.0	0.237480826491
chrX	144100000	144200000	2833	624.0	0.220261207201
chrX	144200000	144300000	36154	8792.0	0.243181943907
chrX	144300000	144400000	4446	1104.0	0.248313090418
chrX	144400000	144500000	2941	790.0	0.268616116967
chrX	144500000	144600000	0	0.0	NA
chrX	144600000	144700000	0	0.0	NA
chrX	144700000	144800000	7225	2073.0	0.286920415225
chrX	144800000	144900000	20313	5068.0	0.249495397036
chrX	144900000	145000000	25042	6285.0	0.250978356361
chrX	145000000	145100000	3916	1073.0	0.274004085802
chrX	145100000	145200000	28462	7150.0	0.251212142506
chrX	145200000	145300000	0	0.0	NA
chrX	145300000	145400000	0	0.0	NA
chrX	145400000	145500000	29940	7631.0	0.254876419506
chrX	145500000	145600000	8312	2190.0	0.263474494706
chrX	145600000	145700000	3180	741.0	0.233018867925
chrX	145700000	145800000	2248	576.0	0.256227758007
chrX	145800000	145900000	14609	3590.0	0.245738928058
chrX	145900000	146000000	14886	3586.0	0.240897487572
chrX	146000000	146100000	0	0.0	NA
chrX	146100000	146200000	11470	2758.0	0.240453356582
chrX	146200000	146300000	6008	1676.0	0.27896138482
chrX	146300000	146400000	4008	1142.0	0.284930139721
chrX	146400000	146500000	28171	6931.0	0.246033154663
chrX	146500000	146600000	0	0.0	NA
chrX	146600000	146700000	0	0.0	NA
chrX	146700000	146800000	0	0.0	NA
chrX	146800000	146900000	43910	10250.0	0.233432020041
chrX	146900000	147000000	30610	7034.0	0.229794184907
chrX	147000000	147100000	41990	9251.0	0.220314360562
chrX	147100000	147200000	36667	7963.0	0.217170752993
chrX	147200000	147300000	2626	520.0	0.19801980198
chrX	147300000	147400000	0	0.0	NA
chrX	147400000	147500000	15805	3613.0	0.228598544764
chrX	147500000	147600000	23105	5694.0	0.246440164467
chrX	147600000	147700000	38612	9333.0	0.241712421009
chrX	147700000	147800000	0	0.0	NA
chrX	147800000	147900000	0	0.0	NA
chrX	147900000	148000000	0	0.0	NA
chrX	148000000	148100000	0	0.0	NA
chrX	148100000	148200000	8474	2183.0	0.257611517583
chrX	148200000	148300000	2463	499.0	0.202598457166
chrX	148300000	148400000	29618	6851.0	0.231312039976
chrX	148400000	148500000	25667	6376.0	0.248412358281
chrX	148500000	148600000	24021	6898.0	0.287165396944
chrX	148600000	148700000	9434	2542.0	0.269450922196
chrX	148700000	148800000	21355	6236.0	0.29201592133
chrX	148800000	148900000	2979	1159.0	0.389056730446
chrX	148900000	149000000	0	0.0	NA
chrX	149000000	149100000	3881	1530.0	0.394228291677
chrX	149100000	149200000	4121	1302.0	0.315942732347
chrX	149200000	149300000	2513	599.0	0.238360525269
chrX	149300000	149400000	21075	5467.0	0.25940688019
chrX	149400000	149500000	41512	10662.0	0.256841395259
chrX	149500000	149600000	0	0.0	NA
chrX	149600000	149700000	38554	10048.0	0.260621465996
chrX	149700000	149800000	46306	12048.0	0.260182265797
chrX	149800000	149900000	42231	10554.0	0.249911202671
chrX	149900000	150000000	30330	8869.0	0.292416749093
chrX	150000000	150100000	42659	11312.0	0.26517264821
chrX	150100000	150200000	40617	11077.0	0.272718319915
chrX	150200000	150300000	25781	6130.0	0.237772002638
chrX	150300000	150400000	2476	630.0	0.254442649435
chrX	150400000	150500000	45392	10164.0	0.223916108565
chrX	150500000	150600000	30404	7077.0	0.232765425602
chrX	150600000	150700000	30576	7080.0	0.231554160126
chrX	150700000	150800000	40605	9607.0	0.236596478266
chrX	150800000	150900000	31220	8146.0	0.260922485586
chrX	150900000	151000000	72491	18086.0	0.249493040515
chrX	151000000	151100000	29839	7406.0	0.248198666175
chrX	151100000	151200000	21249	5228.0	0.246035107534
chrX	151200000	151300000	4564	1156.0	0.25328659071
chrX	151300000	151400000	22330	5244.0	0.234841021048
chrX	151400000	151500000	0	0.0	NA
chrX	151500000	151600000	0	0.0	NA
chrX	151600000	151700000	9533	2288.0	0.240008391902
chrX	151700000	151800000	39493	9083.0	0.229990124832
chrX	151800000	151900000	27059	6859.0	0.253483129458
chrX	151900000	152000000	19291	4901.0	0.254056295682
chrX	152000000	152100000	55778	15061.0	0.270016852522
chrX	152100000	152200000	27740	7573.0	0.272999279019
chrX	152200000	152300000	8129	2537.0	0.312092508304
chrX	152300000	152400000	7228	1900.0	0.262866629773
chrX	152400000	152500000	4926	1643.0	0.333536337799
chrX	152500000	152600000	10690	3112.0	0.291113189897
chrX	152600000	152700000	45211	12875.0	0.284775828891
chrX	152700000	152800000	60490	18712.0	0.309340386841
chrX	152800000	152900000	54092	17060.0	0.315388597205
chrX	152900000	153000000	36591	10573.0	0.288950834905
chrX	153000000	153100000	50692	13588.0	0.268050185434
chrX	153100000	153200000	45043	12049.0	0.267499944497
chrX	153200000	153300000	51764	13055.0	0.252202302759
chrX	153300000	153400000	43589	10605.0	0.243295326803
chrX	153400000	153500000	5401	1783.0	0.330124051102
chrX	153500000	153600000	37213	9186.0	0.246849219359
chrX	153600000	153700000	50914	13374.0	0.262678241741
chrX	153700000	153800000	30980	9138.0	0.294964493221
chrX	153800000	153900000	10509	3150.0	0.299743077362
chrX	153900000	154000000	34283	10142.0	0.295831753347
chrX	154000000	154100000	15644	4775.0	0.305228841728
chrX	154100000	154200000	22704	5180.0	0.228153629316
chrX	154200000	154300000	8901	2096.0	0.235479159645
chrX	154300000	154400000	19495	4741.0	0.243190561682
chrX	154400000	154500000	31113	7561.0	0.24301738823
chrX	154500000	154600000	9343	1931.0	0.20667879696
chrX	154600000	154700000	0	0.0	NA
chrX	154700000	154800000	10463	2252.0	0.215234636338
chrX	154800000	154900000	0	0.0	NA
chrX	154900000	155000000	0	0.0	NA
chrX	155000000	155100000	16042	3480.0	0.216930557287
chrX	155100000	155200000	18300	4036.0	0.220546448087
chrX	155200000	155270560	4799	1395.0	0.290685559492
