chrX	0	100000	0	0.0	NA
chrX	100000	200000	0	0.0	NA
chrX	200000	300000	0	0.0	NA
chrX	300000	400000	0	0.0	NA
chrX	400000	500000	741	244.0	0.329284750337
chrX	500000	600000	9215	2885.0	0.313076505697
chrX	600000	700000	7492	2570.0	0.343032568073
chrX	700000	800000	15842	4908.0	0.309809367504
chrX	800000	900000	11656	3754.0	0.322065888813
chrX	900000	1000000	10869	3543.0	0.325972950593
chrX	1000000	1100000	939	309.0	0.329073482428
chrX	1100000	1200000	0	0.0	NA
chrX	1200000	1300000	5009	1722.0	0.343781193851
chrX	1300000	1400000	0	0.0	NA
chrX	1400000	1500000	0	0.0	NA
chrX	1500000	1600000	0	0.0	NA
chrX	1600000	1700000	811	249.0	0.307028360049
chrX	1700000	1800000	113	35.0	0.309734513274
chrX	1800000	1900000	0	0.0	NA
chrX	1900000	2000000	4591	1535.0	0.334349814855
chrX	2000000	2100000	4884	1712.0	0.350532350532
chrX	2100000	2200000	1687	607.0	0.359810314167
chrX	2200000	2300000	0	0.0	NA
chrX	2300000	2400000	0	0.0	NA
chrX	2400000	2500000	12952	4203.0	0.32450586782
chrX	2500000	2600000	5489	2002.0	0.364729458918
chrX	2600000	2700000	881	278.0	0.315550510783
chrX	2700000	2800000	336	119.0	0.354166666667
chrX	2800000	2900000	215	75.0	0.348837209302
chrX	2900000	3000000	3884	1268.0	0.326467559217
chrX	3000000	3100000	9630	3137.0	0.325752855659
chrX	3100000	3200000	32215	10775.0	0.334471519479
chrX	3200000	3300000	8239	2758.0	0.334749362787
chrX	3300000	3400000	26308	9029.0	0.343203588262
chrX	3400000	3500000	16172	5390.0	0.333292109819
chrX	3500000	3600000	4745	1504.0	0.316965226554
chrX	3600000	3700000	5472	1790.0	0.327119883041
chrX	3700000	3800000	2714	974.0	0.358879882093
chrX	3800000	3900000	7159	2264.0	0.316245285654
chrX	3900000	4000000	28774	9044.0	0.314311531243
chrX	4000000	4100000	29095	9205.0	0.31637738443
chrX	4100000	4200000	27682	9014.0	0.325626761072
chrX	4200000	4300000	36936	11958.0	0.323749187784
chrX	4300000	4400000	31973	10133.0	0.316923654333
chrX	4400000	4500000	36951	11526.0	0.311926605505
chrX	4500000	4600000	16585	5410.0	0.326198372023
chrX	4600000	4700000	25488	7903.0	0.310067482737
chrX	4700000	4800000	29885	9595.0	0.321064078969
chrX	4800000	4900000	27894	9025.0	0.323546282355
chrX	4900000	5000000	34546	11034.0	0.319400219997
chrX	5000000	5100000	22114	7061.0	0.319299990956
chrX	5100000	5200000	30931	9986.0	0.322847628593
chrX	5200000	5300000	33813	10847.0	0.320793777541
chrX	5300000	5400000	25778	8083.0	0.313561952052
chrX	5400000	5500000	34311	10638.0	0.310046340824
chrX	5500000	5600000	22517	6927.0	0.307634231914
chrX	5600000	5700000	13538	4025.0	0.297311271975
chrX	5700000	5800000	40373	12309.0	0.304881975578
chrX	5800000	5900000	1668	603.0	0.361510791367
chrX	5900000	6000000	0	0.0	NA
chrX	6000000	6100000	0	0.0	NA
chrX	6100000	6200000	19212	5867.0	0.305382052884
chrX	6200000	6300000	40407	12094.0	0.29930457594
chrX	6300000	6400000	36966	11071.0	0.299491424552
chrX	6400000	6500000	31982	9443.0	0.295259833656
chrX	6500000	6600000	27695	8590.0	0.310164289583
chrX	6600000	6700000	27125	8311.0	0.306396313364
chrX	6700000	6800000	44022	12980.0	0.294852573713
chrX	6800000	6900000	36082	10263.0	0.28443545258
chrX	6900000	7000000	15517	4423.0	0.285042211768
chrX	7000000	7100000	0	0.0	NA
chrX	7100000	7200000	0	0.0	NA
chrX	7200000	7300000	8213	2608.0	0.317545354925
chrX	7300000	7400000	50303	14790.0	0.294018249409
chrX	7400000	7500000	40266	11793.0	0.292877365519
chrX	7500000	7600000	41904	12638.0	0.301594119893
chrX	7600000	7700000	23130	6708.0	0.290012970169
chrX	7700000	7800000	53844	16064.0	0.298343362306
chrX	7800000	7900000	29098	8261.0	0.283902673723
chrX	7900000	8000000	34978	9795.0	0.280033163703
chrX	8000000	8100000	36839	10564.0	0.286761312739
chrX	8100000	8200000	36996	10143.0	0.27416477457
chrX	8200000	8300000	46440	12992.0	0.279758828596
chrX	8300000	8400000	51880	15275.0	0.294429452583
chrX	8400000	8500000	34510	10106.0	0.292842654303
chrX	8500000	8600000	0	0.0	NA
chrX	8600000	8700000	0	0.0	NA
chrX	8700000	8800000	28564	7662.0	0.268239742333
chrX	8800000	8900000	55347	14116.0	0.255045440584
chrX	8900000	9000000	17788	5120.0	0.287834495165
chrX	9000000	9100000	41124	10505.0	0.255446940959
chrX	9100000	9200000	54279	14269.0	0.262882514416
chrX	9200000	9300000	38529	10247.0	0.265955514028
chrX	9300000	9400000	36879	10719.0	0.290653217278
chrX	9400000	9500000	7987	2357.0	0.295104544885
chrX	9500000	9600000	0	0.0	NA
chrX	9600000	9700000	0	0.0	NA
chrX	9700000	9800000	2450	711.0	0.290204081633
chrX	9800000	9900000	0	0.0	NA
chrX	9900000	10000000	12185	3365.0	0.276159212146
chrX	10000000	10100000	0	0.0	NA
chrX	10100000	10200000	533	157.0	0.294559099437
chrX	10200000	10300000	0	0.0	NA
chrX	10300000	10400000	42638	9948.0	0.233313007177
chrX	10400000	10500000	2321	642.0	0.276604911676
chrX	10500000	10600000	0	0.0	NA
chrX	10600000	10700000	0	0.0	NA
chrX	10700000	10800000	0	0.0	NA
chrX	10800000	10900000	2760	589.0	0.213405797101
chrX	10900000	11000000	0	0.0	NA
chrX	11000000	11100000	0	0.0	NA
chrX	11100000	11200000	154	56.0	0.363636363636
chrX	11200000	11300000	0	0.0	NA
chrX	11300000	11400000	0	0.0	NA
chrX	11400000	11500000	0	0.0	NA
chrX	11500000	11600000	0	0.0	NA
chrX	11600000	11700000	0	0.0	NA
chrX	11700000	11800000	0	0.0	NA
chrX	11800000	11900000	56511	12460.0	0.220488046575
chrX	11900000	12000000	54796	12172.0	0.222133002409
chrX	12000000	12100000	54567	11767.0	0.215643154287
chrX	12100000	12200000	30680	6844.0	0.223076923077
chrX	12200000	12300000	0	0.0	NA
chrX	12300000	12400000	0	0.0	NA
chrX	12400000	12500000	0	0.0	NA
chrX	12500000	12600000	0	0.0	NA
chrX	12600000	12700000	0	0.0	NA
chrX	12700000	12800000	22340	5922.0	0.265085049239
chrX	12800000	12900000	7377	2061.0	0.279381862546
chrX	12900000	13000000	10041	2918.0	0.290608505129
chrX	13000000	13100000	48692	12957.0	0.266101207591
chrX	13100000	13200000	47707	12203.0	0.255790554845
chrX	13200000	13300000	38505	9790.0	0.254252694455
chrX	13300000	13400000	4020	1531.0	0.380845771144
chrX	13400000	13500000	39335	9359.0	0.237930596161
chrX	13500000	13600000	35006	8719.0	0.249071587728
chrX	13600000	13700000	2250	612.0	0.272
chrX	13700000	13800000	0	0.0	NA
chrX	13800000	13900000	0	0.0	NA
chrX	13900000	14000000	4522	1099.0	0.243034055728
chrX	14000000	14100000	24818	5847.0	0.235595132565
chrX	14100000	14200000	46479	9968.0	0.214462445405
chrX	14200000	14300000	30393	6795.0	0.223571217057
chrX	14300000	14400000	59100	13337.0	0.225668358714
chrX	14400000	14500000	56866	12087.0	0.212552315971
chrX	14500000	14600000	28967	6301.0	0.217523388684
chrX	14600000	14700000	0	0.0	NA
chrX	14700000	14800000	21490	4547.0	0.211586784551
chrX	14800000	14900000	24895	5486.0	0.220365535248
chrX	14900000	15000000	24424	5598.0	0.229200786112
chrX	15000000	15100000	49963	11102.0	0.222204431279
chrX	15100000	15200000	56446	12745.0	0.225791021507
chrX	15200000	15300000	31982	7310.0	0.228566068413
chrX	15300000	15400000	0	0.0	NA
chrX	15400000	15500000	0	0.0	NA
chrX	15500000	15600000	0	0.0	NA
chrX	15600000	15700000	0	0.0	NA
chrX	15700000	15800000	6754	1577.0	0.233491264436
chrX	15800000	15900000	10976	2289.0	0.208545918367
chrX	15900000	16000000	45161	9438.0	0.208985629193
chrX	16000000	16100000	59465	12503.0	0.210258135037
chrX	16100000	16200000	18674	3987.0	0.213505408589
chrX	16200000	16300000	34282	7326.0	0.213698150633
chrX	16300000	16400000	21768	4833.0	0.222023153252
chrX	16400000	16500000	49086	10517.0	0.214256610846
chrX	16500000	16600000	33577	7137.0	0.212556214075
chrX	16600000	16700000	0	0.0	NA
chrX	16700000	16800000	1309	250.0	0.190985485103
chrX	16800000	16900000	1066	228.0	0.213883677298
chrX	16900000	17000000	19334	4371.0	0.226078411089
chrX	17000000	17100000	0	0.0	NA
chrX	17100000	17200000	14141	3145.0	0.2224029418
chrX	17200000	17300000	51614	10911.0	0.211396132832
chrX	17300000	17400000	32418	7190.0	0.221790363378
chrX	17400000	17500000	0	0.0	NA
chrX	17500000	17600000	0	0.0	NA
chrX	17600000	17700000	0	0.0	NA
chrX	17700000	17800000	3292	1127.0	0.342345078979
chrX	17800000	17900000	11598	2853.0	0.24599068805
chrX	17900000	18000000	56237	12529.0	0.222789266853
chrX	18000000	18100000	0	0.0	NA
chrX	18100000	18200000	30013	6701.0	0.22326991637
chrX	18200000	18300000	139	46.0	0.330935251799
chrX	18300000	18400000	5646	1235.0	0.218738930216
chrX	18400000	18500000	7571	1793.0	0.236824725928
chrX	18500000	18600000	0	0.0	NA
chrX	18600000	18700000	282	66.0	0.234042553191
chrX	18700000	18800000	1290	340.0	0.263565891473
chrX	18800000	18900000	695	228.0	0.328057553957
chrX	18900000	19000000	1839	581.0	0.31593257205
chrX	19000000	19100000	0	0.0	NA
chrX	19100000	19200000	26327	5878.0	0.223268887454
chrX	19200000	19300000	45412	10471.0	0.23057782084
chrX	19300000	19400000	22831	5208.0	0.228110901844
chrX	19400000	19500000	0	0.0	NA
chrX	19500000	19600000	2078	481.0	0.231472569779
chrX	19600000	19700000	0	0.0	NA
chrX	19700000	19800000	0	0.0	NA
chrX	19800000	19900000	0	0.0	NA
chrX	19900000	20000000	4638	1072.0	0.23113410953
chrX	20000000	20100000	4686	1110.0	0.236875800256
chrX	20100000	20200000	0	0.0	NA
chrX	20200000	20300000	3626	755.0	0.208218422504
chrX	20300000	20400000	52027	11414.0	0.219386087993
chrX	20400000	20500000	36764	8123.0	0.220949842237
chrX	20500000	20600000	52604	11268.0	0.214204243023
chrX	20600000	20700000	54524	11427.0	0.209577433791
chrX	20700000	20800000	32342	6889.0	0.21300476161
chrX	20800000	20900000	0	0.0	NA
chrX	20900000	21000000	0	0.0	NA
chrX	21000000	21100000	0	0.0	NA
chrX	21100000	21200000	27283	5727.0	0.209910933548
chrX	21200000	21300000	15572	3294.0	0.211533521706
chrX	21300000	21400000	18991	4148.0	0.218419251224
chrX	21400000	21500000	0	0.0	NA
chrX	21500000	21600000	0	0.0	NA
chrX	21600000	21700000	12563	2809.0	0.223593090822
chrX	21700000	21800000	22562	5453.0	0.241689566528
chrX	21800000	21900000	33997	7466.0	0.219607612436
chrX	21900000	22000000	14380	3132.0	0.217802503477
chrX	22000000	22100000	12130	2974.0	0.245177246496
chrX	22100000	22200000	0	0.0	NA
chrX	22200000	22300000	0	0.0	NA
chrX	22300000	22400000	0	0.0	NA
chrX	22400000	22500000	0	0.0	NA
chrX	22500000	22600000	0	0.0	NA
chrX	22600000	22700000	0	0.0	NA
chrX	22700000	22800000	0	0.0	NA
chrX	22800000	22900000	0	0.0	NA
chrX	22900000	23000000	0	0.0	NA
chrX	23000000	23100000	0	0.0	NA
chrX	23100000	23200000	0	0.0	NA
chrX	23200000	23300000	0	0.0	NA
chrX	23300000	23400000	25420	5688.0	0.223760818253
chrX	23400000	23500000	16220	3703.0	0.228298397041
chrX	23500000	23600000	27293	6345.0	0.232477191954
chrX	23600000	23700000	40593	12549.0	0.30914197029
chrX	23700000	23800000	810	183.0	0.225925925926
chrX	23800000	23900000	13351	2865.0	0.214590667366
chrX	23900000	24000000	8721	1843.0	0.211328976035
chrX	24000000	24100000	115	32.0	0.278260869565
chrX	24100000	24200000	3725	745.0	0.2
chrX	24200000	24300000	23631	5232.0	0.221404087851
chrX	24300000	24400000	16077	3865.0	0.240405548299
chrX	24400000	24500000	38608	8773.0	0.227232697886
chrX	24500000	24600000	0	0.0	NA
chrX	24600000	24700000	1542	335.0	0.217250324254
chrX	24700000	24800000	1874	459.0	0.244930629669
chrX	24800000	24900000	0	0.0	NA
chrX	24900000	25000000	0	0.0	NA
chrX	25000000	25100000	28907	6281.0	0.217283011035
chrX	25100000	25200000	48285	9317.0	0.192958475717
chrX	25200000	25300000	53961	11045.0	0.204684864995
chrX	25300000	25400000	38023	8808.0	0.231649264919
chrX	25400000	25500000	55287	11761.0	0.212726319026
chrX	25500000	25600000	62200	14460.0	0.232475884244
chrX	25600000	25700000	48703	11355.0	0.233147855368
chrX	25700000	25800000	54053	12929.0	0.239191164228
chrX	25800000	25900000	42540	10030.0	0.235778091208
chrX	25900000	26000000	31368	7229.0	0.23045779138
chrX	26000000	26100000	41459	9836.0	0.237246436238
chrX	26100000	26200000	37897	9286.0	0.245032588332
chrX	26200000	26300000	20534	5452.0	0.265510860037
chrX	26300000	26400000	33528	8426.0	0.251312335958
chrX	26400000	26500000	51443	12706.0	0.246991816185
chrX	26500000	26600000	35746	8890.0	0.24869915515
chrX	26600000	26700000	37055	9165.0	0.247335042504
chrX	26700000	26800000	30281	7031.0	0.232191803441
chrX	26800000	26900000	39256	9174.0	0.233696759731
chrX	26900000	27000000	45004	10094.0	0.224291174118
chrX	27000000	27100000	26547	6094.0	0.22955512864
chrX	27100000	27200000	0	0.0	NA
chrX	27200000	27300000	0	0.0	NA
chrX	27300000	27400000	0	0.0	NA
chrX	27400000	27500000	35383	8229.0	0.232569312947
chrX	27500000	27600000	32316	7075.0	0.21893179849
chrX	27600000	27700000	1120	256.0	0.228571428571
chrX	27700000	27800000	14876	3472.0	0.233396074213
chrX	27800000	27900000	51378	12357.0	0.240511502978
chrX	27900000	28000000	51618	11305.0	0.219012747491
chrX	28000000	28100000	40580	10013.0	0.246747166092
chrX	28100000	28200000	40335	9108.0	0.225808850874
chrX	28200000	28300000	50345	11680.0	0.231999205482
chrX	28300000	28400000	36970	8536.0	0.230889910738
chrX	28400000	28500000	44549	10031.0	0.225167792768
chrX	28500000	28600000	42952	9458.0	0.220199292233
chrX	28600000	28700000	0	0.0	NA
chrX	28700000	28800000	0	0.0	NA
chrX	28800000	28900000	0	0.0	NA
chrX	28900000	29000000	0	0.0	NA
chrX	29000000	29100000	0	0.0	NA
chrX	29100000	29200000	0	0.0	NA
chrX	29200000	29300000	0	0.0	NA
chrX	29300000	29400000	0	0.0	NA
chrX	29400000	29500000	0	0.0	NA
chrX	29500000	29600000	0	0.0	NA
chrX	29600000	29700000	0	0.0	NA
chrX	29700000	29800000	0	0.0	NA
chrX	29800000	29900000	0	0.0	NA
chrX	29900000	30000000	10701	2255.0	0.210727969349
chrX	30000000	30100000	43073	10209.0	0.237016228264
chrX	30100000	30200000	42879	9917.0	0.231278714522
chrX	30200000	30300000	21075	4694.0	0.222728351127
chrX	30300000	30400000	31221	7197.0	0.23051792063
chrX	30400000	30500000	61024	14394.0	0.235874410068
chrX	30500000	30600000	30979	7264.0	0.234481422899
chrX	30600000	30700000	23951	5608.0	0.234144712121
chrX	30700000	30800000	8788	2369.0	0.269572143832
chrX	30800000	30900000	6412	1700.0	0.265127885215
chrX	30900000	31000000	858	218.0	0.254079254079
chrX	31000000	31100000	47979	10534.0	0.219554388378
chrX	31100000	31200000	18186	4177.0	0.2296821731
chrX	31200000	31300000	0	0.0	NA
chrX	31300000	31400000	0	0.0	NA
chrX	31400000	31500000	0	0.0	NA
chrX	31500000	31600000	0	0.0	NA
chrX	31600000	31700000	0	0.0	NA
chrX	31700000	31800000	0	0.0	NA
chrX	31800000	31900000	0	0.0	NA
chrX	31900000	32000000	0	0.0	NA
chrX	32000000	32100000	0	0.0	NA
chrX	32100000	32200000	0	0.0	NA
chrX	32200000	32300000	0	0.0	NA
chrX	32300000	32400000	0	0.0	NA
chrX	32400000	32500000	0	0.0	NA
chrX	32500000	32600000	0	0.0	NA
chrX	32600000	32700000	0	0.0	NA
chrX	32700000	32800000	0	0.0	NA
chrX	32800000	32900000	0	0.0	NA
chrX	32900000	33000000	0	0.0	NA
chrX	33000000	33100000	0	0.0	NA
chrX	33100000	33200000	0	0.0	NA
chrX	33200000	33300000	0	0.0	NA
chrX	33300000	33400000	10230	2660.0	0.260019550342
chrX	33400000	33500000	29840	7852.0	0.263136729223
chrX	33500000	33600000	23003	6320.0	0.27474677216
chrX	33600000	33700000	47520	12790.0	0.26914983165
chrX	33700000	33800000	23493	6130.0	0.260928787298
chrX	33800000	33900000	0	0.0	NA
chrX	33900000	34000000	8957	2217.0	0.247515909345
chrX	34000000	34100000	33158	8219.0	0.247873816274
chrX	34100000	34200000	22170	5427.0	0.244790257104
chrX	34200000	34300000	4663	1126.0	0.241475444992
chrX	34300000	34400000	0	0.0	NA
chrX	34400000	34500000	17460	4345.0	0.248854524628
chrX	34500000	34600000	47978	11228.0	0.234023927633
chrX	34600000	34700000	31893	7036.0	0.220612673627
chrX	34700000	34800000	51158	11853.0	0.231693967708
chrX	34800000	34900000	38554	9097.0	0.235954764746
chrX	34900000	35000000	41893	10090.0	0.2408516936
chrX	35000000	35100000	34454	8916.0	0.258779822372
chrX	35100000	35200000	47787	12151.0	0.254274174985
chrX	35200000	35300000	36189	9259.0	0.255851225511
chrX	35300000	35400000	34298	8824.0	0.257274476646
chrX	35400000	35500000	32594	8265.0	0.253574277474
chrX	35500000	35600000	30116	7459.0	0.247675654137
chrX	35600000	35700000	15167	3499.0	0.230698226413
chrX	35700000	35800000	26433	6613.0	0.250179699618
chrX	35800000	35900000	24907	6446.0	0.258802746216
chrX	35900000	36000000	11858	2845.0	0.239922415247
chrX	36000000	36100000	0	0.0	NA
chrX	36100000	36200000	0	0.0	NA
chrX	36200000	36300000	0	0.0	NA
chrX	36300000	36400000	0	0.0	NA
chrX	36400000	36500000	6674	1686.0	0.252622115673
chrX	36500000	36600000	26790	6925.0	0.258491974617
chrX	36600000	36700000	21689	5623.0	0.259255843976
chrX	36700000	36800000	46815	18646.0	0.398291146
chrX	36800000	36900000	32606	8709.0	0.267098080108
chrX	36900000	37000000	27753	6800.0	0.245018556552
chrX	37000000	37100000	18756	4595.0	0.24498827042
chrX	37100000	37200000	19110	4378.0	0.229094714809
chrX	37200000	37300000	437	67.0	0.153318077803
chrX	37300000	37400000	0	0.0	NA
chrX	37400000	37500000	0	0.0	NA
chrX	37500000	37600000	0	0.0	NA
chrX	37600000	37700000	0	0.0	NA
chrX	37700000	37800000	0	0.0	NA
chrX	37800000	37900000	0	0.0	NA
chrX	37900000	38000000	0	0.0	NA
chrX	38000000	38100000	0	0.0	NA
chrX	38100000	38200000	0	0.0	NA
chrX	38200000	38300000	0	0.0	NA
chrX	38300000	38400000	0	0.0	NA
chrX	38400000	38500000	0	0.0	NA
chrX	38500000	38600000	21202	4946.0	0.233279879257
chrX	38600000	38700000	34482	8167.0	0.236848210661
chrX	38700000	38800000	71091	16982.0	0.238876932382
chrX	38800000	38900000	67513	15753.0	0.233332839601
chrX	38900000	39000000	49019	11991.0	0.244619433281
chrX	39000000	39100000	55154	13674.0	0.247923994633
chrX	39100000	39200000	6256	1680.0	0.268542199488
chrX	39200000	39300000	7117	1922.0	0.270057608543
chrX	39300000	39400000	77645	19202.0	0.247305042179
chrX	39400000	39500000	57838	14285.0	0.246982952384
chrX	39500000	39600000	63464	14508.0	0.228602042103
chrX	39600000	39700000	54847	13239.0	0.241380567761
chrX	39700000	39800000	57664	14456.0	0.250693673696
chrX	39800000	39900000	45737	11325.0	0.247611343114
chrX	39900000	40000000	2191	570.0	0.260155180283
chrX	40000000	40100000	18304	4168.0	0.22770979021
chrX	40100000	40200000	26871	6546.0	0.24360835101
chrX	40200000	40300000	34896	8775.0	0.251461485557
chrX	40300000	40400000	48185	11596.0	0.240655805749
chrX	40400000	40500000	16792	3764.0	0.224154359219
chrX	40500000	40600000	0	0.0	NA
chrX	40600000	40700000	15438	3242.0	0.210001295505
chrX	40700000	40800000	26259	5576.0	0.212346243193
chrX	40800000	40900000	26992	6207.0	0.229957024303
chrX	40900000	41000000	8194	1828.0	0.223090065902
chrX	41000000	41100000	0	0.0	NA
chrX	41100000	41200000	12457	3110.0	0.249658826363
chrX	41200000	41300000	16734	3924.0	0.234492649695
chrX	41300000	41400000	4467	1056.0	0.236400268637
chrX	41400000	41500000	0	0.0	NA
chrX	41500000	41600000	0	0.0	NA
chrX	41600000	41700000	0	0.0	NA
chrX	41700000	41800000	8907	1887.0	0.211855843718
chrX	41800000	41900000	50511	10946.0	0.216705272119
chrX	41900000	42000000	47274	10479.0	0.221665185937
chrX	42000000	42100000	47537	10943.0	0.230199633969
chrX	42100000	42200000	6055	1544.0	0.254995871181
chrX	42200000	42300000	0	0.0	NA
chrX	42300000	42400000	0	0.0	NA
chrX	42400000	42500000	0	0.0	NA
chrX	42500000	42600000	25687	5960.0	0.232023981002
chrX	42600000	42700000	32045	7114.0	0.222000312061
chrX	42700000	42800000	48806	10898.0	0.22329221817
chrX	42800000	42900000	33242	7464.0	0.224535226521
chrX	42900000	43000000	57416	12912.0	0.224885049464
chrX	43000000	43100000	28838	6683.0	0.231742839309
chrX	43100000	43200000	25509	6115.0	0.239719314752
chrX	43200000	43300000	30096	7251.0	0.240929027113
chrX	43300000	43400000	39182	9564.0	0.244091674749
chrX	43400000	43500000	29090	7121.0	0.244792024751
chrX	43500000	43600000	1610	371.0	0.230434782609
chrX	43600000	43700000	8519	2067.0	0.242634111985
chrX	43700000	43800000	25311	6295.0	0.248706096164
chrX	43800000	43900000	38199	8732.0	0.228592371528
chrX	43900000	44000000	50292	10989.0	0.218503937008
chrX	44000000	44100000	0	0.0	NA
chrX	44100000	44200000	0	0.0	NA
chrX	44200000	44300000	24115	5371.0	0.222724445366
chrX	44300000	44400000	30009	6816.0	0.227131860442
chrX	44400000	44500000	15774	3459.0	0.219284899201
chrX	44500000	44600000	36650	7990.0	0.218008185539
chrX	44600000	44700000	20385	4259.0	0.208928133431
chrX	44700000	44800000	7162	1519.0	0.212091594527
chrX	44800000	44900000	0	0.0	NA
chrX	44900000	45000000	7588	1623.0	0.213890353189
chrX	45000000	45100000	1156	259.0	0.224048442907
chrX	45100000	45200000	0	0.0	NA
chrX	45200000	45300000	29427	6772.0	0.230128793285
chrX	45300000	45400000	16034	3673.0	0.229075714108
chrX	45400000	45500000	0	0.0	NA
chrX	45500000	45600000	31791	6944.0	0.218426598723
chrX	45600000	45700000	41861	10232.0	0.244427987865
chrX	45700000	45800000	36450	7921.0	0.21731138546
chrX	45800000	45900000	42204	8954.0	0.212159984836
chrX	45900000	46000000	22277	5159.0	0.231584145082
chrX	46000000	46100000	40097	8634.0	0.215327830012
chrX	46100000	46200000	36822	8061.0	0.218918038129
chrX	46200000	46300000	27947	5998.0	0.214620531721
chrX	46300000	46400000	0	0.0	NA
chrX	46400000	46500000	2724	595.0	0.218428781204
chrX	46500000	46600000	0	0.0	NA
chrX	46600000	46700000	21924	5210.0	0.237639116949
chrX	46700000	46800000	0	0.0	NA
chrX	46800000	46900000	0	0.0	NA
chrX	46900000	47000000	6210	1457.0	0.2346215781
chrX	47000000	47100000	0	0.0	NA
chrX	47100000	47200000	8431	2058.0	0.24409915787
chrX	47200000	47300000	7694	1877.0	0.243956329607
chrX	47300000	47400000	7772	1912.0	0.246011322697
chrX	47400000	47500000	4331	983.0	0.226968367583
chrX	47500000	47600000	2989	698.0	0.233522917364
chrX	47600000	47700000	11371	2774.0	0.243953917861
chrX	47700000	47800000	0	0.0	NA
chrX	47800000	47900000	4245	1149.0	0.270671378092
chrX	47900000	48000000	1920	447.0	0.2328125
chrX	48000000	48100000	5626	1449.0	0.257554212584
chrX	48100000	48200000	2499	696.0	0.278511404562
chrX	48200000	48300000	903	207.0	0.229235880399
chrX	48300000	48400000	5426	1385.0	0.255252488021
chrX	48400000	48500000	3759	986.0	0.262303804203
chrX	48500000	48600000	5110	1311.0	0.256555772994
chrX	48600000	48700000	4912	1209.0	0.246131921824
chrX	48700000	48800000	167	33.0	0.197604790419
chrX	48800000	48900000	73	17.0	0.232876712329
chrX	48900000	49000000	0	0.0	NA
chrX	49000000	49100000	0	0.0	NA
chrX	49100000	49200000	494	138.0	0.279352226721
chrX	49200000	49300000	0	0.0	NA
chrX	49300000	49400000	6495	1542.0	0.237413394919
chrX	49400000	49500000	14597	3195.0	0.218880591902
chrX	49500000	49600000	30112	7824.0	0.259829968119
chrX	49600000	49700000	26202	6127.0	0.233837111671
chrX	49700000	49800000	0	0.0	NA
chrX	49800000	49900000	6988	1610.0	0.230394962793
chrX	49900000	50000000	12417	3027.0	0.243778690505
chrX	50000000	50100000	0	0.0	NA
chrX	50100000	50200000	0	0.0	NA
chrX	50200000	50300000	43967	9335.0	0.212318329656
chrX	50300000	50400000	10530	2190.0	0.207977207977
chrX	50400000	50500000	0	0.0	NA
chrX	50500000	50600000	15920	3656.0	0.229648241206
chrX	50600000	50700000	24915	5493.0	0.220469596629
chrX	50700000	50800000	5650	1363.0	0.241238938053
chrX	50800000	50900000	1058	284.0	0.26843100189
chrX	50900000	51000000	13171	3241.0	0.24607091337
chrX	51000000	51100000	13804	3635.0	0.263329469719
chrX	51100000	51200000	0	0.0	NA
chrX	51200000	51300000	2126	593.0	0.2789275635
chrX	51300000	51400000	11396	2950.0	0.258862758863
chrX	51400000	51500000	10893	2707.0	0.248508216286
chrX	51500000	51600000	13159	3519.0	0.267421536591
chrX	51600000	51700000	5718	1442.0	0.252186079049
chrX	51700000	51800000	5608	1456.0	0.259629101284
chrX	51800000	51900000	6446	1711.0	0.265435929258
chrX	51900000	52000000	5471	1405.0	0.256808627308
chrX	52000000	52100000	8793	2518.0	0.286364153304
chrX	52100000	52200000	0	0.0	NA
chrX	52200000	52300000	0	0.0	NA
chrX	52300000	52400000	0	0.0	NA
chrX	52400000	52500000	0	0.0	NA
chrX	52500000	52600000	3749	1116.0	0.297679381168
chrX	52600000	52700000	5756	1906.0	0.331132731063
chrX	52700000	52800000	0	0.0	NA
chrX	52800000	52900000	5179	1651.0	0.318787410697
chrX	52900000	53000000	1347	432.0	0.320712694878
chrX	53000000	53100000	4369	1044.0	0.238956282902
chrX	53100000	53200000	0	0.0	NA
chrX	53200000	53300000	1014	217.0	0.214003944773
chrX	53300000	53400000	10646	2195.0	0.206180725155
chrX	53400000	53500000	5871	1314.0	0.223811957077
chrX	53500000	53600000	1821	449.0	0.246567819879
chrX	53600000	53700000	0	0.0	NA
chrX	53700000	53800000	23316	5169.0	0.221693257849
chrX	53800000	53900000	10005	2306.0	0.230484757621
chrX	53900000	54000000	7914	1813.0	0.229087692696
chrX	54000000	54100000	2044	458.0	0.224070450098
chrX	54100000	54200000	0	0.0	NA
chrX	54200000	54300000	0	0.0	NA
chrX	54300000	54400000	880	157.0	0.178409090909
chrX	54400000	54500000	14194	3110.0	0.219106664788
chrX	54500000	54600000	4346	926.0	0.213069489185
chrX	54600000	54700000	4249	960.0	0.225935514239
chrX	54700000	54800000	3089	701.0	0.226934282939
chrX	54800000	54900000	5220	1548.0	0.296551724138
chrX	54900000	55000000	527	142.0	0.26944971537
chrX	55000000	55100000	0	0.0	NA
chrX	55100000	55200000	3898	1316.0	0.337609030272
chrX	55200000	55300000	0	0.0	NA
chrX	55300000	55400000	802	203.0	0.253117206983
chrX	55400000	55500000	0	0.0	NA
chrX	55500000	55600000	10417	3035.0	0.291350676778
chrX	55600000	55700000	7112	1679.0	0.236079865017
chrX	55700000	55800000	263	84.0	0.319391634981
chrX	55800000	55900000	0	0.0	NA
chrX	55900000	56000000	0	0.0	NA
chrX	56000000	56100000	0	0.0	NA
chrX	56100000	56200000	0	0.0	NA
chrX	56200000	56300000	0	0.0	NA
chrX	56300000	56400000	0	0.0	NA
chrX	56400000	56500000	0	0.0	NA
chrX	56500000	56600000	463	136.0	0.29373650108
chrX	56600000	56700000	428	115.0	0.268691588785
chrX	56700000	56800000	0	0.0	NA
chrX	56800000	56900000	0	0.0	NA
chrX	56900000	57000000	0	0.0	NA
chrX	57000000	57100000	6010	1641.0	0.273044925125
chrX	57100000	57200000	2146	587.0	0.273532152842
chrX	57200000	57300000	0	0.0	NA
chrX	57300000	57400000	0	0.0	NA
chrX	57400000	57500000	0	0.0	NA
chrX	57500000	57600000	0	0.0	NA
chrX	57600000	57700000	1180	325.0	0.275423728814
chrX	57700000	57800000	0	0.0	NA
chrX	57800000	57900000	1715	435.0	0.253644314869
chrX	57900000	58000000	1559	408.0	0.261706221937
chrX	58000000	58100000	0	0.0	NA
chrX	58100000	58200000	0	0.0	NA
chrX	58200000	58300000	0	0.0	NA
chrX	58300000	58400000	0	0.0	NA
chrX	58400000	58500000	0	0.0	NA
chrX	58500000	58600000	0	0.0	NA
chrX	58600000	58700000	0	0.0	NA
chrX	58700000	58800000	0	0.0	NA
chrX	58800000	58900000	0	0.0	NA
chrX	58900000	59000000	0	0.0	NA
chrX	59000000	59100000	0	0.0	NA
chrX	59100000	59200000	0	0.0	NA
chrX	59200000	59300000	0	0.0	NA
chrX	59300000	59400000	0	0.0	NA
chrX	59400000	59500000	0	0.0	NA
chrX	59500000	59600000	0	0.0	NA
chrX	59600000	59700000	0	0.0	NA
chrX	59700000	59800000	0	0.0	NA
chrX	59800000	59900000	0	0.0	NA
chrX	59900000	60000000	0	0.0	NA
chrX	60000000	60100000	0	0.0	NA
chrX	60100000	60200000	0	0.0	NA
chrX	60200000	60300000	0	0.0	NA
chrX	60300000	60400000	0	0.0	NA
chrX	60400000	60500000	0	0.0	NA
chrX	60500000	60600000	0	0.0	NA
chrX	60600000	60700000	0	0.0	NA
chrX	60700000	60800000	0	0.0	NA
chrX	60800000	60900000	0	0.0	NA
chrX	60900000	61000000	0	0.0	NA
chrX	61000000	61100000	0	0.0	NA
chrX	61100000	61200000	0	0.0	NA
chrX	61200000	61300000	0	0.0	NA
chrX	61300000	61400000	0	0.0	NA
chrX	61400000	61500000	0	0.0	NA
chrX	61500000	61600000	0	0.0	NA
chrX	61600000	61700000	0	0.0	NA
chrX	61700000	61800000	0	0.0	NA
chrX	61800000	61900000	0	0.0	NA
chrX	61900000	62000000	0	0.0	NA
chrX	62000000	62100000	10270	2722.0	0.265043816943
chrX	62100000	62200000	0	0.0	NA
chrX	62200000	62300000	0	0.0	NA
chrX	62300000	62400000	0	0.0	NA
chrX	62400000	62500000	0	0.0	NA
chrX	62500000	62600000	0	0.0	NA
chrX	62600000	62700000	0	0.0	NA
chrX	62700000	62800000	0	0.0	NA
chrX	62800000	62900000	0	0.0	NA
chrX	62900000	63000000	0	0.0	NA
chrX	63000000	63100000	13573	3378.0	0.248876445885
chrX	63100000	63200000	8583	2275.0	0.265058837236
chrX	63200000	63300000	0	0.0	NA
chrX	63300000	63400000	1946	503.0	0.258478931141
chrX	63400000	63500000	0	0.0	NA
chrX	63500000	63600000	0	0.0	NA
chrX	63600000	63700000	4732	1177.0	0.248732037194
chrX	63700000	63800000	0	0.0	NA
chrX	63800000	63900000	0	0.0	NA
chrX	63900000	64000000	0	0.0	NA
chrX	64000000	64100000	836	226.0	0.27033492823
chrX	64100000	64200000	0	0.0	NA
chrX	64200000	64300000	1715	357.0	0.208163265306
chrX	64300000	64400000	2630	665.0	0.252851711027
chrX	64400000	64500000	2101	505.0	0.240361732508
chrX	64500000	64600000	6189	1562.0	0.252383260624
chrX	64600000	64700000	591	145.0	0.245346869712
chrX	64700000	64800000	3411	836.0	0.245089416593
chrX	64800000	64900000	7887	1931.0	0.244833269938
chrX	64900000	65000000	0	0.0	NA
chrX	65000000	65100000	0	0.0	NA
chrX	65100000	65200000	962	253.0	0.262993762994
chrX	65200000	65300000	22742	5526.0	0.242986544719
chrX	65300000	65400000	3958	1069.0	0.270085901971
chrX	65400000	65500000	0	0.0	NA
chrX	65500000	65600000	0	0.0	NA
chrX	65600000	65700000	3074	829.0	0.269681197137
chrX	65700000	65800000	0	0.0	NA
chrX	65800000	65900000	0	0.0	NA
chrX	65900000	66000000	14934	4209.0	0.281840096424
chrX	66000000	66100000	14705	3901.0	0.265283917035
chrX	66100000	66200000	25480	6603.0	0.259144427002
chrX	66200000	66300000	13763	3740.0	0.271743079271
chrX	66300000	66400000	16579	4457.0	0.268834067193
chrX	66400000	66500000	3678	942.0	0.256117455139
chrX	66500000	66600000	20485	5484.0	0.267708079082
chrX	66600000	66700000	1190	328.0	0.275630252101
chrX	66700000	66800000	17559	4205.0	0.239478330201
chrX	66800000	66900000	0	0.0	NA
chrX	66900000	67000000	19109	4691.0	0.245486420012
chrX	67000000	67100000	5065	1252.0	0.247186574531
chrX	67100000	67200000	0	0.0	NA
chrX	67200000	67300000	2410	614.0	0.254771784232
chrX	67300000	67400000	0	0.0	NA
chrX	67400000	67500000	0	0.0	NA
chrX	67500000	67600000	0	0.0	NA
chrX	67600000	67700000	4125	966.0	0.234181818182
chrX	67700000	67800000	1674	417.0	0.249103942652
chrX	67800000	67900000	8486	1993.0	0.234857412208
chrX	67900000	68000000	18218	4726.0	0.259413766604
chrX	68000000	68100000	34178	8305.0	0.242992568319
chrX	68100000	68200000	62739	14844.0	0.236599244489
chrX	68200000	68300000	69575	17324.0	0.248997484729
chrX	68300000	68400000	62677	14908.0	0.23785439635
chrX	68400000	68500000	43966	10604.0	0.241186371287
chrX	68500000	68600000	56796	13376.0	0.235509542926
chrX	68600000	68700000	41638	9247.0	0.222080791585
chrX	68700000	68800000	29334	6509.0	0.221892684257
chrX	68800000	68900000	14237	3015.0	0.211772143008
chrX	68900000	69000000	0	0.0	NA
chrX	69000000	69100000	0	0.0	NA
chrX	69100000	69200000	0	0.0	NA
chrX	69200000	69300000	7799	1714.0	0.219771765611
chrX	69300000	69400000	16622	3637.0	0.218806401155
chrX	69400000	69500000	1772	357.0	0.201467268623
chrX	69500000	69600000	0	0.0	NA
chrX	69600000	69700000	0	0.0	NA
chrX	69700000	69800000	2145	509.0	0.237296037296
chrX	69800000	69900000	0	0.0	NA
chrX	69900000	70000000	0	0.0	NA
chrX	70000000	70100000	0	0.0	NA
chrX	70100000	70200000	8925	1861.0	0.208515406162
chrX	70200000	70300000	10921	2282.0	0.208955223881
chrX	70300000	70400000	1639	334.0	0.203782794387
chrX	70400000	70500000	0	0.0	NA
chrX	70500000	70600000	0	0.0	NA
chrX	70600000	70700000	0	0.0	NA
chrX	70700000	70800000	0	0.0	NA
chrX	70800000	70900000	0	0.0	NA
chrX	70900000	71000000	0	0.0	NA
chrX	71000000	71100000	8894	2839.0	0.319203957724
chrX	71100000	71200000	724	148.0	0.204419889503
chrX	71200000	71300000	0	0.0	NA
chrX	71300000	71400000	1130	288.0	0.254867256637
chrX	71400000	71500000	0	0.0	NA
chrX	71500000	71600000	8661	2026.0	0.233922179887
chrX	71600000	71700000	0	0.0	NA
chrX	71700000	71800000	0	0.0	NA
chrX	71800000	71900000	0	0.0	NA
chrX	71900000	72000000	909	205.0	0.225522552255
chrX	72000000	72100000	0	0.0	NA
chrX	72100000	72200000	0	0.0	NA
chrX	72200000	72300000	0	0.0	NA
chrX	72300000	72400000	2440	597.0	0.244672131148
chrX	72400000	72500000	927	219.0	0.236245954693
chrX	72500000	72600000	239	63.0	0.26359832636
chrX	72600000	72700000	216	48.0	0.222222222222
chrX	72700000	72800000	0	0.0	NA
chrX	72800000	72900000	0	0.0	NA
chrX	72900000	73000000	3139	701.0	0.223319528512
chrX	73000000	73100000	0	0.0	NA
chrX	73100000	73200000	8667	2071.0	0.238952347987
chrX	73200000	73300000	0	0.0	NA
chrX	73300000	73400000	0	0.0	NA
chrX	73400000	73500000	0	0.0	NA
chrX	73500000	73600000	15143	3638.0	0.240243016575
chrX	73600000	73700000	6425	1345.0	0.209338521401
chrX	73700000	73800000	5294	1126.0	0.212693615414
chrX	73800000	73900000	11882	2682.0	0.225719575829
chrX	73900000	74000000	3995	993.0	0.248560700876
chrX	74000000	74100000	0	0.0	NA
chrX	74100000	74200000	16066	3772.0	0.234781526204
chrX	74200000	74300000	2544	604.0	0.237421383648
chrX	74300000	74400000	78	22.0	0.282051282051
chrX	74400000	74500000	1987	457.0	0.229994967287
chrX	74500000	74600000	639	151.0	0.236306729264
chrX	74600000	74700000	0	0.0	NA
chrX	74700000	74800000	0	0.0	NA
chrX	74800000	74900000	323	113.0	0.349845201238
chrX	74900000	75000000	596	169.0	0.28355704698
chrX	75000000	75100000	2731	835.0	0.30574880996
chrX	75100000	75200000	1414	388.0	0.274398868458
chrX	75200000	75300000	790	222.0	0.281012658228
chrX	75300000	75400000	6040	1500.0	0.248344370861
chrX	75400000	75500000	2802	628.0	0.224125624554
chrX	75500000	75600000	0	0.0	NA
chrX	75600000	75700000	0	0.0	NA
chrX	75700000	75800000	0	0.0	NA
chrX	75800000	75900000	0	0.0	NA
chrX	75900000	76000000	0	0.0	NA
chrX	76000000	76100000	0	0.0	NA
chrX	76100000	76200000	0	0.0	NA
chrX	76200000	76300000	8412	2020.0	0.240133143129
chrX	76300000	76400000	8560	2204.0	0.257476635514
chrX	76400000	76500000	2081	484.0	0.232580490149
chrX	76500000	76600000	7363	1728.0	0.234686948255
chrX	76600000	76700000	19003	4076.0	0.214492448561
chrX	76700000	76800000	3749	830.0	0.221392371299
chrX	76800000	76900000	0	0.0	NA
chrX	76900000	77000000	0	0.0	NA
chrX	77000000	77100000	393	84.0	0.213740458015
chrX	77100000	77200000	0	0.0	NA
chrX	77200000	77300000	0	0.0	NA
chrX	77300000	77400000	0	0.0	NA
chrX	77400000	77500000	0	0.0	NA
chrX	77500000	77600000	0	0.0	NA
chrX	77600000	77700000	1335	350.0	0.262172284644
chrX	77700000	77800000	0	0.0	NA
chrX	77800000	77900000	9213	2428.0	0.263540649083
chrX	77900000	78000000	25483	6239.0	0.244829886591
chrX	78000000	78100000	22081	5654.0	0.256057243784
chrX	78100000	78200000	5123	1460.0	0.284989264103
chrX	78200000	78300000	3065	747.0	0.243719412724
chrX	78300000	78400000	16166	4439.0	0.274588642831
chrX	78400000	78500000	2853	799.0	0.280056081318
chrX	78500000	78600000	15681	4077.0	0.259996173713
chrX	78600000	78700000	7554	2025.0	0.268069896743
chrX	78700000	78800000	0	0.0	NA
chrX	78800000	78900000	0	0.0	NA
chrX	78900000	79000000	0	0.0	NA
chrX	79000000	79100000	0	0.0	NA
chrX	79100000	79200000	0	0.0	NA
chrX	79200000	79300000	0	0.0	NA
chrX	79300000	79400000	0	0.0	NA
chrX	79400000	79500000	384	86.0	0.223958333333
chrX	79500000	79600000	0	0.0	NA
chrX	79600000	79700000	0	0.0	NA
chrX	79700000	79800000	1854	468.0	0.252427184466
chrX	79800000	79900000	0	0.0	NA
chrX	79900000	80000000	0	0.0	NA
chrX	80000000	80100000	1506	430.0	0.285524568393
chrX	80100000	80200000	4670	1423.0	0.304710920771
chrX	80200000	80300000	0	0.0	NA
chrX	80300000	80400000	1930	534.0	0.276683937824
chrX	80400000	80500000	0	0.0	NA
chrX	80500000	80600000	2382	644.0	0.270361041142
chrX	80600000	80700000	13568	3459.0	0.254938089623
chrX	80700000	80800000	1929	561.0	0.290824261275
chrX	80800000	80900000	0	0.0	NA
chrX	80900000	81000000	0	0.0	NA
chrX	81000000	81100000	6684	1869.0	0.279622980251
chrX	81100000	81200000	0	0.0	NA
chrX	81200000	81300000	435	112.0	0.257471264368
chrX	81300000	81400000	94	29.0	0.308510638298
chrX	81400000	81500000	6910	1982.0	0.286830680174
chrX	81500000	81600000	1948	533.0	0.273613963039
chrX	81600000	81700000	3049	767.0	0.251557887832
chrX	81700000	81800000	11137	3015.0	0.270719224208
chrX	81800000	81900000	10629	2718.0	0.255715495343
chrX	81900000	82000000	21347	5128.0	0.240221108352
chrX	82000000	82100000	17690	4493.0	0.253985302431
chrX	82100000	82200000	3971	1157.0	0.291362377235
chrX	82200000	82300000	10155	2869.0	0.282520925652
chrX	82300000	82400000	8535	2485.0	0.29115407147
chrX	82400000	82500000	2501	676.0	0.270291883247
chrX	82500000	82600000	13366	3317.0	0.248166990872
chrX	82600000	82700000	11111	3015.0	0.271352713527
chrX	82700000	82800000	25762	6357.0	0.246758792019
chrX	82800000	82900000	6633	1826.0	0.275290215589
chrX	82900000	83000000	0	0.0	NA
chrX	83000000	83100000	2533	769.0	0.303592577971
chrX	83100000	83200000	417	104.0	0.249400479616
chrX	83200000	83300000	3147	823.0	0.261518906895
chrX	83300000	83400000	0	0.0	NA
chrX	83400000	83500000	12012	2969.0	0.247169497169
chrX	83500000	83600000	292	88.0	0.301369863014
chrX	83600000	83700000	0	0.0	NA
chrX	83700000	83800000	2143	578.0	0.26971535231
chrX	83800000	83900000	7896	2056.0	0.260385005066
chrX	83900000	84000000	9538	2338.0	0.245124764101
chrX	84000000	84100000	7340	1650.0	0.224795640327
chrX	84100000	84200000	0	0.0	NA
chrX	84200000	84300000	353	102.0	0.28895184136
chrX	84300000	84400000	0	0.0	NA
chrX	84400000	84500000	0	0.0	NA
chrX	84500000	84600000	0	0.0	NA
chrX	84600000	84700000	1116	273.0	0.244623655914
chrX	84700000	84800000	19264	4729.0	0.245483803987
chrX	84800000	84900000	13098	3306.0	0.25240494732
chrX	84900000	85000000	4457	1126.0	0.252636302446
chrX	85000000	85100000	0	0.0	NA
chrX	85100000	85200000	69	18.0	0.260869565217
chrX	85200000	85300000	0	0.0	NA
chrX	85300000	85400000	18756	4087.0	0.21790360418
chrX	85400000	85500000	0	0.0	NA
chrX	85500000	85600000	0	0.0	NA
chrX	85600000	85700000	0	0.0	NA
chrX	85700000	85800000	0	0.0	NA
chrX	85800000	85900000	0	0.0	NA
chrX	85900000	86000000	0	0.0	NA
chrX	86000000	86100000	1735	417.0	0.240345821326
chrX	86100000	86200000	5105	1338.0	0.262095984329
chrX	86200000	86300000	0	0.0	NA
chrX	86300000	86400000	2049	589.0	0.287457296242
chrX	86400000	86500000	0	0.0	NA
chrX	86500000	86600000	0	0.0	NA
chrX	86600000	86700000	7011	1915.0	0.273142205106
chrX	86700000	86800000	3326	908.0	0.273000601323
chrX	86800000	86900000	0	0.0	NA
chrX	86900000	87000000	0	0.0	NA
chrX	87000000	87100000	0	0.0	NA
chrX	87100000	87200000	0	0.0	NA
chrX	87200000	87300000	0	0.0	NA
chrX	87300000	87400000	0	0.0	NA
chrX	87400000	87500000	0	0.0	NA
chrX	87500000	87600000	0	0.0	NA
chrX	87600000	87700000	6746	1902.0	0.281944856211
chrX	87700000	87800000	0	0.0	NA
chrX	87800000	87900000	0	0.0	NA
chrX	87900000	88000000	0	0.0	NA
chrX	88000000	88100000	1036	328.0	0.316602316602
chrX	88100000	88200000	0	0.0	NA
chrX	88200000	88300000	0	0.0	NA
chrX	88300000	88400000	0	0.0	NA
chrX	88400000	88500000	0	0.0	NA
chrX	88500000	88600000	0	0.0	NA
chrX	88600000	88700000	0	0.0	NA
chrX	88700000	88800000	0	0.0	NA
chrX	88800000	88900000	0	0.0	NA
chrX	88900000	89000000	0	0.0	NA
chrX	89000000	89100000	0	0.0	NA
chrX	89100000	89200000	0	0.0	NA
chrX	89200000	89300000	0	0.0	NA
chrX	89300000	89400000	0	0.0	NA
chrX	89400000	89500000	479	127.0	0.265135699374
chrX	89500000	89600000	0	0.0	NA
chrX	89600000	89700000	0	0.0	NA
chrX	89700000	89800000	0	0.0	NA
chrX	89800000	89900000	0	0.0	NA
chrX	89900000	90000000	23	6.0	0.260869565217
chrX	90000000	90100000	0	0.0	NA
chrX	90100000	90200000	0	0.0	NA
chrX	90200000	90300000	0	0.0	NA
chrX	90300000	90400000	0	0.0	NA
chrX	90400000	90500000	0	0.0	NA
chrX	90500000	90600000	2461	708.0	0.287687931735
chrX	90600000	90700000	1177	322.0	0.273576890399
chrX	90700000	90800000	4223	1112.0	0.263319914753
chrX	90800000	90900000	12	2.0	0.166666666667
chrX	90900000	91000000	280	57.0	0.203571428571
chrX	91000000	91100000	95	23.0	0.242105263158
chrX	91100000	91200000	0	0.0	NA
chrX	91200000	91300000	0	0.0	NA
chrX	91300000	91400000	0	0.0	NA
chrX	91400000	91500000	0	0.0	NA
chrX	91500000	91600000	0	0.0	NA
chrX	91600000	91700000	0	0.0	NA
chrX	91700000	91800000	0	0.0	NA
chrX	91800000	91900000	0	0.0	NA
chrX	91900000	92000000	79	22.0	0.278481012658
chrX	92000000	92100000	0	0.0	NA
chrX	92100000	92200000	0	0.0	NA
chrX	92200000	92300000	0	0.0	NA
chrX	92300000	92400000	0	0.0	NA
chrX	92400000	92500000	0	0.0	NA
chrX	92500000	92600000	0	0.0	NA
chrX	92600000	92700000	0	0.0	NA
chrX	92700000	92800000	0	0.0	NA
chrX	92800000	92900000	1984	512.0	0.258064516129
chrX	92900000	93000000	6160	1467.0	0.238149350649
chrX	93000000	93100000	0	0.0	NA
chrX	93100000	93200000	0	0.0	NA
chrX	93200000	93300000	0	0.0	NA
chrX	93300000	93400000	0	0.0	NA
chrX	93400000	93500000	0	0.0	NA
chrX	93500000	93600000	0	0.0	NA
chrX	93600000	93700000	0	0.0	NA
chrX	93700000	93800000	0	0.0	NA
chrX	93800000	93900000	0	0.0	NA
chrX	93900000	94000000	0	0.0	NA
chrX	94000000	94100000	0	0.0	NA
chrX	94100000	94200000	0	0.0	NA
chrX	94200000	94300000	0	0.0	NA
chrX	94300000	94400000	0	0.0	NA
chrX	94400000	94500000	0	0.0	NA
chrX	94500000	94600000	0	0.0	NA
chrX	94600000	94700000	0	0.0	NA
chrX	94700000	94800000	0	0.0	NA
chrX	94800000	94900000	0	0.0	NA
chrX	94900000	95000000	19368	4404.0	0.227385377943
chrX	95000000	95100000	24940	5797.0	0.232437850842
chrX	95100000	95200000	10618	2422.0	0.228103220946
chrX	95200000	95300000	20251	4644.0	0.22932200879
chrX	95300000	95400000	6192	1487.0	0.240148578811
chrX	95400000	95500000	0	0.0	NA
chrX	95500000	95600000	15044	3734.0	0.248205264557
chrX	95600000	95700000	25250	5356.0	0.212118811881
chrX	95700000	95800000	12947	2772.0	0.214103653356
chrX	95800000	95900000	23323	4837.0	0.20739184496
chrX	95900000	96000000	16907	3859.0	0.228248654404
chrX	96000000	96100000	0	0.0	NA
chrX	96100000	96200000	0	0.0	NA
chrX	96200000	96300000	0	0.0	NA
chrX	96300000	96400000	0	0.0	NA
chrX	96400000	96500000	0	0.0	NA
chrX	96500000	96600000	0	0.0	NA
chrX	96600000	96700000	0	0.0	NA
chrX	96700000	96800000	0	0.0	NA
chrX	96800000	96900000	0	0.0	NA
chrX	96900000	97000000	47810	10499.0	0.219598410374
chrX	97000000	97100000	43631	9728.0	0.222960738924
chrX	97100000	97200000	42547	9059.0	0.212917479493
chrX	97200000	97300000	21261	4864.0	0.228775692583
chrX	97300000	97400000	26858	6286.0	0.234045721945
chrX	97400000	97500000	40320	8813.0	0.218576388889
chrX	97500000	97600000	32835	7270.0	0.221410080707
chrX	97600000	97700000	33324	7696.0	0.230944664506
chrX	97700000	97800000	34201	8117.0	0.237332241747
chrX	97800000	97900000	6841	1690.0	0.247039906446
chrX	97900000	98000000	0	0.0	NA
chrX	98000000	98100000	0	0.0	NA
chrX	98100000	98200000	27091	6659.0	0.245801188587
chrX	98200000	98300000	42615	9968.0	0.233908248269
chrX	98300000	98400000	33489	8014.0	0.239302457523
chrX	98400000	98500000	23644	5735.0	0.242556251057
chrX	98500000	98600000	28566	6802.0	0.238115241896
chrX	98600000	98700000	9446	2647.0	0.280224433623
chrX	98700000	98800000	4977	1226.0	0.246333132409
chrX	98800000	98900000	0	0.0	NA
chrX	98900000	99000000	0	0.0	NA
chrX	99000000	99100000	0	0.0	NA
chrX	99100000	99200000	155	40.0	0.258064516129
chrX	99200000	99300000	50094	11823.0	0.236016289376
chrX	99300000	99400000	35415	8078.0	0.228095439785
chrX	99400000	99500000	43260	9367.0	0.216527970411
chrX	99500000	99600000	15893	3334.0	0.209777889637
chrX	99600000	99700000	22587	4306.0	0.190640633993
chrX	99700000	99800000	38254	8344.0	0.218120980812
chrX	99800000	99900000	14117	2919.0	0.206771977049
chrX	99900000	100000000	6746	1479.0	0.219241031723
chrX	100000000	100100000	5876	1251.0	0.212899931926
chrX	100100000	100200000	12248	2545.0	0.20778902678
chrX	100200000	100300000	6463	1412.0	0.218474392697
chrX	100300000	100400000	0	0.0	NA
chrX	100400000	100500000	10701	2299.0	0.214839734604
chrX	100500000	100600000	3888	850.0	0.218621399177
chrX	100600000	100700000	0	0.0	NA
chrX	100700000	100800000	0	0.0	NA
chrX	100800000	100900000	16625	4025.0	0.242105263158
chrX	100900000	101000000	32390	7415.0	0.228928681692
chrX	101000000	101100000	26739	6168.0	0.230674295972
chrX	101100000	101200000	1950	542.0	0.277948717949
chrX	101200000	101300000	619	147.0	0.237479806139
chrX	101300000	101400000	571	151.0	0.264448336252
chrX	101400000	101500000	4577	1092.0	0.238584225475
chrX	101500000	101600000	0	0.0	NA
chrX	101600000	101700000	0	0.0	NA
chrX	101700000	101800000	3209	719.0	0.224057338735
chrX	101800000	101900000	1260	331.0	0.262698412698
chrX	101900000	102000000	0	0.0	NA
chrX	102000000	102100000	4469	1138.0	0.25464309689
chrX	102100000	102200000	448	126.0	0.28125
chrX	102200000	102300000	0	0.0	NA
chrX	102300000	102400000	0	0.0	NA
chrX	102400000	102500000	8500	2154.0	0.253411764706
chrX	102500000	102600000	7331	1880.0	0.256445232574
chrX	102600000	102700000	15156	3912.0	0.258115597783
chrX	102700000	102800000	13402	3936.0	0.293687509327
chrX	102800000	102900000	6522	1469.0	0.22523765716
chrX	102900000	103000000	12475	2879.0	0.230781563126
chrX	103000000	103100000	11435	2673.0	0.233756012243
chrX	103100000	103200000	4052	1265.0	0.312191510365
chrX	103200000	103300000	4462	1610.0	0.360824742268
chrX	103300000	103400000	4140	1151.0	0.278019323671
chrX	103400000	103500000	19229	4327.0	0.225024702273
chrX	103500000	103600000	46582	10045.0	0.215641234812
chrX	103600000	103700000	46745	10831.0	0.231703925554
chrX	103700000	103800000	48674	11180.0	0.229691416362
chrX	103800000	103900000	1371	319.0	0.232676878191
chrX	103900000	104000000	0	0.0	NA
chrX	104000000	104100000	0	0.0	NA
chrX	104100000	104200000	0	0.0	NA
chrX	104200000	104300000	0	0.0	NA
chrX	104300000	104400000	0	0.0	NA
chrX	104400000	104500000	0	0.0	NA
chrX	104500000	104600000	0	0.0	NA
chrX	104600000	104700000	0	0.0	NA
chrX	104700000	104800000	0	0.0	NA
chrX	104800000	104900000	0	0.0	NA
chrX	104900000	105000000	0	0.0	NA
chrX	105000000	105100000	23807	5145.0	0.216112907968
chrX	105100000	105200000	0	0.0	NA
chrX	105200000	105300000	15680	4012.0	0.255867346939
chrX	105300000	105400000	11054	3002.0	0.271575900127
chrX	105400000	105500000	10753	2594.0	0.241235004185
chrX	105500000	105600000	16833	4282.0	0.254381274877
chrX	105600000	105700000	37083	9622.0	0.259471995254
chrX	105700000	105800000	13419	3637.0	0.271033609062
chrX	105800000	105900000	6392	1429.0	0.223560700876
chrX	105900000	106000000	0	0.0	NA
chrX	106000000	106100000	0	0.0	NA
chrX	106100000	106200000	0	0.0	NA
chrX	106200000	106300000	20201	4586.0	0.227018464432
chrX	106300000	106400000	0	0.0	NA
chrX	106400000	106500000	1820	366.0	0.201098901099
chrX	106500000	106600000	46472	10257.0	0.220713547943
chrX	106600000	106700000	50362	11368.0	0.225725745602
chrX	106700000	106800000	38311	9007.0	0.235102189972
chrX	106800000	106900000	3049	763.0	0.250245982289
chrX	106900000	107000000	23153	5810.0	0.250939403101
chrX	107000000	107100000	6993	1662.0	0.237666237666
chrX	107100000	107200000	522	119.0	0.227969348659
chrX	107200000	107300000	25360	5712.0	0.22523659306
chrX	107300000	107400000	0	0.0	NA
chrX	107400000	107500000	0	0.0	NA
chrX	107500000	107600000	0	0.0	NA
chrX	107600000	107700000	0	0.0	NA
chrX	107700000	107800000	0	0.0	NA
chrX	107800000	107900000	0	0.0	NA
chrX	107900000	108000000	9365	2169.0	0.231607047517
chrX	108000000	108100000	12113	2757.0	0.227606703542
chrX	108100000	108200000	18247	4512.0	0.247273524415
chrX	108200000	108300000	22844	5086.0	0.222640518298
chrX	108300000	108400000	17515	3866.0	0.220725092778
chrX	108400000	108500000	14959	3659.0	0.244601911893
chrX	108500000	108600000	35570	8139.0	0.22881641833
chrX	108600000	108700000	7804	1631.0	0.208995386981
chrX	108700000	108800000	3094	777.0	0.251131221719
chrX	108800000	108900000	26613	6532.0	0.245443955961
chrX	108900000	109000000	3456	863.0	0.249710648148
chrX	109000000	109100000	50535	12402.0	0.245414069457
chrX	109100000	109200000	46349	11594.0	0.25014563421
chrX	109200000	109300000	15531	3605.0	0.232116412337
chrX	109300000	109400000	0	0.0	NA
chrX	109400000	109500000	2916	647.0	0.221879286694
chrX	109500000	109600000	0	0.0	NA
chrX	109600000	109700000	0	0.0	NA
chrX	109700000	109800000	29744	7019.0	0.235980365788
chrX	109800000	109900000	19870	4553.0	0.22913940614
chrX	109900000	110000000	4718	1148.0	0.243323442136
chrX	110000000	110100000	31365	7692.0	0.245241511239
chrX	110100000	110200000	32039	7711.0	0.240675426824
chrX	110200000	110300000	0	0.0	NA
chrX	110300000	110400000	0	0.0	NA
chrX	110400000	110500000	4821	1208.0	0.250570421074
chrX	110500000	110600000	10009	2324.0	0.232191028075
chrX	110600000	110700000	12593	2953.0	0.234495354562
chrX	110700000	110800000	34870	8009.0	0.229681674792
chrX	110800000	110900000	17603	3826.0	0.217349315458
chrX	110900000	111000000	4009	861.0	0.214766774757
chrX	111000000	111100000	2398	551.0	0.229774812344
chrX	111100000	111200000	0	0.0	NA
chrX	111200000	111300000	0	0.0	NA
chrX	111300000	111400000	0	0.0	NA
chrX	111400000	111500000	0	0.0	NA
chrX	111500000	111600000	0	0.0	NA
chrX	111600000	111700000	0	0.0	NA
chrX	111700000	111800000	21662	5239.0	0.24185209122
chrX	111800000	111900000	19988	4723.0	0.236291775065
chrX	111900000	112000000	34361	8211.0	0.238962777568
chrX	112000000	112100000	12118	2680.0	0.221158607031
chrX	112100000	112200000	48851	10680.0	0.218623979038
chrX	112200000	112300000	28536	6686.0	0.23430053266
chrX	112300000	112400000	0	0.0	NA
chrX	112400000	112500000	0	0.0	NA
chrX	112500000	112600000	0	0.0	NA
chrX	112600000	112700000	0	0.0	NA
chrX	112700000	112800000	11020	2562.0	0.232486388385
chrX	112800000	112900000	14379	3427.0	0.238333681063
chrX	112900000	113000000	0	0.0	NA
chrX	113000000	113100000	0	0.0	NA
chrX	113100000	113200000	933	214.0	0.229367631297
chrX	113200000	113300000	22499	5141.0	0.228499044402
chrX	113300000	113400000	41405	9350.0	0.225818137906
chrX	113400000	113500000	34522	8342.0	0.241643010254
chrX	113500000	113600000	25330	5960.0	0.235294117647
chrX	113600000	113700000	38165	8941.0	0.234272238962
chrX	113700000	113800000	36947	8449.0	0.228678918451
chrX	113800000	113900000	6883	1455.0	0.211390382101
chrX	113900000	114000000	0	0.0	NA
chrX	114000000	114100000	0	0.0	NA
chrX	114100000	114200000	10746	2547.0	0.237018425461
chrX	114200000	114300000	26489	5898.0	0.222658462003
chrX	114300000	114400000	8014	1807.0	0.225480409284
chrX	114400000	114500000	6919	1492.0	0.215638097991
chrX	114500000	114600000	32990	7358.0	0.223037284025
chrX	114600000	114700000	56158	12630.0	0.224901171694
chrX	114700000	114800000	18225	4139.0	0.227105624143
chrX	114800000	114900000	0	0.0	NA
chrX	114900000	115000000	6398	1651.0	0.258049390435
chrX	115000000	115100000	4631	1273.0	0.274886633556
chrX	115100000	115200000	12531	2727.0	0.217620301652
chrX	115200000	115300000	16783	4031.0	0.240183519037
chrX	115300000	115400000	17955	4258.0	0.237148426622
chrX	115400000	115500000	40864	9937.0	0.24317247455
chrX	115500000	115600000	28077	6824.0	0.243045909463
chrX	115600000	115700000	10908	2720.0	0.24935826916
chrX	115700000	115800000	16653	4106.0	0.246562180988
chrX	115800000	115900000	13333	3021.0	0.226580664517
chrX	115900000	116000000	13675	3457.0	0.252797074954
chrX	116000000	116100000	21995	5531.0	0.251466242328
chrX	116100000	116200000	37592	9934.0	0.264258352841
chrX	116200000	116300000	34600	8650.0	0.25
chrX	116300000	116400000	17869	4183.0	0.234092562538
chrX	116400000	116500000	26005	5780.0	0.222264949048
chrX	116500000	116600000	36829	8659.0	0.235113633278
chrX	116600000	116700000	45760	11201.0	0.244777097902
chrX	116700000	116800000	34902	9214.0	0.263996332588
chrX	116800000	116900000	40779	10315.0	0.252948821697
chrX	116900000	117000000	42385	10766.0	0.254004954583
chrX	117000000	117100000	6775	1778.0	0.262435424354
chrX	117100000	117200000	0	0.0	NA
chrX	117200000	117300000	22385	5276.0	0.235693544784
chrX	117300000	117400000	56846	12510.0	0.220068254583
chrX	117400000	117500000	21670	4777.0	0.220443008768
chrX	117500000	117600000	3278	769.0	0.234594264796
chrX	117600000	117700000	3842	947.0	0.246486205102
chrX	117700000	117800000	0	0.0	NA
chrX	117800000	117900000	11388	2748.0	0.241306638567
chrX	117900000	118000000	6654	1688.0	0.253681995792
chrX	118000000	118100000	11497	2643.0	0.229886057232
chrX	118100000	118200000	16590	4259.0	0.256720916215
chrX	118200000	118300000	4842	1169.0	0.241429161504
chrX	118300000	118400000	40635	9812.0	0.241466715885
chrX	118400000	118500000	19090	4555.0	0.238606600314
chrX	118500000	118600000	0	0.0	NA
chrX	118600000	118700000	21445	5515.0	0.257169503381
chrX	118700000	118800000	0	0.0	NA
chrX	118800000	118900000	9897	2222.0	0.224512478529
chrX	118900000	119000000	8315	1840.0	0.221286831028
chrX	119000000	119100000	2309	675.0	0.292334343872
chrX	119100000	119200000	14980	4172.0	0.278504672897
chrX	119200000	119300000	0	0.0	NA
chrX	119300000	119400000	5099	1313.0	0.257501470877
chrX	119400000	119500000	12773	2807.0	0.219760432162
chrX	119500000	119600000	7768	1805.0	0.232363542739
chrX	119600000	119700000	9213	2184.0	0.237056333442
chrX	119700000	119800000	15301	3220.0	0.210443761846
chrX	119800000	119900000	36119	7865.0	0.217752429469
chrX	119900000	120000000	42201	8795.0	0.208407383711
chrX	120000000	120100000	26	5.0	0.192307692308
chrX	120100000	120200000	23130	5139.0	0.222178988327
chrX	120200000	120300000	36967	8639.0	0.233694917088
chrX	120300000	120400000	33589	8595.0	0.255887344071
chrX	120400000	120500000	38243	9814.0	0.256622126925
chrX	120500000	120600000	29830	8468.0	0.283875293329
chrX	120600000	120700000	34403	9952.0	0.289277097928
chrX	120700000	120800000	43117	11930.0	0.276689008976
chrX	120800000	120900000	22909	6285.0	0.274346326771
chrX	120900000	121000000	18417	4936.0	0.268013248629
chrX	121000000	121100000	21780	5460.0	0.250688705234
chrX	121100000	121200000	30220	7326.0	0.242422236929
chrX	121200000	121300000	17519	4369.0	0.249386380501
chrX	121300000	121400000	28625	6877.0	0.240244541485
chrX	121400000	121500000	16247	4004.0	0.24644549763
chrX	121500000	121600000	23413	5587.0	0.238628112587
chrX	121600000	121700000	22977	5156.0	0.224398311355
chrX	121700000	121800000	32529	7176.0	0.220603154109
chrX	121800000	121900000	24408	5624.0	0.230416256965
chrX	121900000	122000000	36419	8306.0	0.228067766825
chrX	122000000	122100000	40350	9062.0	0.22458488228
chrX	122100000	122200000	52481	11472.0	0.218593395705
chrX	122200000	122300000	39427	8166.0	0.207116950313
chrX	122300000	122400000	10820	2278.0	0.210536044362
chrX	122400000	122500000	0	0.0	NA
chrX	122500000	122600000	0	0.0	NA
chrX	122600000	122700000	19444	4206.0	0.216313515738
chrX	122700000	122800000	7690	1674.0	0.217685305592
chrX	122800000	122900000	9092	2067.0	0.227342718874
chrX	122900000	123000000	10199	2272.0	0.222766937935
chrX	123000000	123100000	10326	2031.0	0.196687972109
chrX	123100000	123200000	0	0.0	NA
chrX	123200000	123300000	4085	929.0	0.227417380661
chrX	123300000	123400000	41814	8839.0	0.211388530157
chrX	123400000	123500000	26112	5611.0	0.214882046569
chrX	123500000	123600000	0	0.0	NA
chrX	123600000	123700000	0	0.0	NA
chrX	123700000	123800000	0	0.0	NA
chrX	123800000	123900000	0	0.0	NA
chrX	123900000	124000000	0	0.0	NA
chrX	124000000	124100000	0	0.0	NA
chrX	124100000	124200000	65134	13801.0	0.211886265238
chrX	124200000	124300000	72471	14891.0	0.205475293566
chrX	124300000	124400000	60470	11896.0	0.196725649082
chrX	124400000	124500000	25371	5805.0	0.228804540617
chrX	124500000	124600000	43104	10097.0	0.234247401633
chrX	124600000	124700000	32523	7791.0	0.239553546721
chrX	124700000	124800000	10739	2520.0	0.234658720551
chrX	124800000	124900000	22707	5253.0	0.231338353812
chrX	124900000	125000000	30411	7460.0	0.245305974812
chrX	125000000	125100000	11249	2885.0	0.256467241533
chrX	125100000	125200000	25780	6378.0	0.247401086113
chrX	125200000	125300000	15773	3797.0	0.240727826032
chrX	125300000	125400000	36622	8712.0	0.237889793021
chrX	125400000	125500000	34949	8649.0	0.247474891985
chrX	125500000	125600000	21965	5295.0	0.241065331209
chrX	125600000	125700000	15435	3730.0	0.241658568189
chrX	125700000	125800000	31865	7820.0	0.245410324808
chrX	125800000	125900000	38061	9261.0	0.24331993379
chrX	125900000	126000000	25011	5876.0	0.234936627884
chrX	126000000	126100000	17647	4234.0	0.239927466425
chrX	126100000	126200000	23273	5979.0	0.256907145619
chrX	126200000	126300000	19638	5052.0	0.257256339749
chrX	126300000	126400000	20026	5127.0	0.256017177669
chrX	126400000	126500000	24938	6513.0	0.261167695886
chrX	126500000	126600000	29018	7518.0	0.25908057068
chrX	126600000	126700000	20802	5485.0	0.263676569561
chrX	126700000	126800000	13558	3501.0	0.258223926833
chrX	126800000	126900000	17561	4481.0	0.255167701156
chrX	126900000	127000000	15734	4245.0	0.26979788992
chrX	127000000	127100000	18706	5139.0	0.274724687266
chrX	127100000	127200000	9848	2677.0	0.271831844029
chrX	127200000	127300000	370	122.0	0.32972972973
chrX	127300000	127400000	10216	3044.0	0.297963978074
chrX	127400000	127500000	14024	3370.0	0.240302338848
chrX	127500000	127600000	0	0.0	NA
chrX	127600000	127700000	0	0.0	NA
chrX	127700000	127800000	36339	8106.0	0.223066127301
chrX	127800000	127900000	45470	10093.0	0.22197053002
chrX	127900000	128000000	47798	10722.0	0.224319009164
chrX	128000000	128100000	63859	14221.0	0.222693747162
chrX	128100000	128200000	49409	10922.0	0.221052844623
chrX	128200000	128300000	64002	12766.0	0.199462516796
chrX	128300000	128400000	49024	10229.0	0.2086529047
chrX	128400000	128500000	31012	6766.0	0.218173610215
chrX	128500000	128600000	23441	4937.0	0.21061388166
chrX	128600000	128700000	4337	953.0	0.219737145492
chrX	128700000	128800000	30401	7523.0	0.247458965166
chrX	128800000	128900000	39083	9255.0	0.236803725405
chrX	128900000	129000000	1141	223.0	0.195442594216
chrX	129000000	129100000	1168	270.0	0.231164383562
chrX	129100000	129200000	4368	983.0	0.225045787546
chrX	129200000	129300000	5577	1336.0	0.239555316478
chrX	129300000	129400000	3351	808.0	0.241122053118
chrX	129400000	129500000	12223	2728.0	0.223185797267
chrX	129500000	129600000	28574	5997.0	0.20987611115
chrX	129600000	129700000	25350	5496.0	0.216804733728
chrX	129700000	129800000	21781	4997.0	0.229420136816
chrX	129800000	129900000	0	0.0	NA
chrX	129900000	130000000	0	0.0	NA
chrX	130000000	130100000	10366	2293.0	0.221203935944
chrX	130100000	130200000	6300	1350.0	0.214285714286
chrX	130200000	130300000	5401	1323.0	0.24495463803
chrX	130300000	130400000	68396	14949.0	0.218565413182
chrX	130400000	130500000	1820	344.0	0.189010989011
chrX	130500000	130600000	0	0.0	NA
chrX	130600000	130700000	0	0.0	NA
chrX	130700000	130800000	36874	8408.0	0.228019742908
chrX	130800000	130900000	5170	1325.0	0.256286266925
chrX	130900000	131000000	10205	2701.0	0.264674179324
chrX	131000000	131100000	14207	3439.0	0.24206377138
chrX	131100000	131200000	27020	5874.0	0.217394522576
chrX	131200000	131300000	1300	270.0	0.207692307692
chrX	131300000	131400000	19213	4679.0	0.243533024515
chrX	131400000	131500000	0	0.0	NA
chrX	131500000	131600000	0	0.0	NA
chrX	131600000	131700000	39258	9452.0	0.240766213256
chrX	131700000	131800000	29649	6986.0	0.235623461162
chrX	131800000	131900000	0	0.0	NA
chrX	131900000	132000000	0	0.0	NA
chrX	132000000	132100000	0	0.0	NA
chrX	132100000	132200000	32270	7676.0	0.237867988844
chrX	132200000	132300000	13635	3241.0	0.237697103044
chrX	132300000	132400000	46745	10752.0	0.230013905231
chrX	132400000	132500000	9490	2245.0	0.236564805058
chrX	132500000	132600000	17182	3936.0	0.229076940985
chrX	132600000	132700000	32307	7635.0	0.236326492711
chrX	132700000	132800000	0	0.0	NA
chrX	132800000	132900000	0	0.0	NA
chrX	132900000	133000000	0	0.0	NA
chrX	133000000	133100000	0	0.0	NA
chrX	133100000	133200000	31151	6519.0	0.209270970434
chrX	133200000	133300000	30593	6997.0	0.228712450561
chrX	133300000	133400000	23616	5017.0	0.212440718157
chrX	133400000	133500000	13946	3252.0	0.233185142693
chrX	133500000	133600000	5344	1242.0	0.232410179641
chrX	133600000	133700000	4737	1216.0	0.256702554359
chrX	133700000	133800000	0	0.0	NA
chrX	133800000	133900000	0	0.0	NA
chrX	133900000	134000000	3438	676.0	0.196625945317
chrX	134000000	134100000	17353	3948.0	0.227511093183
chrX	134100000	134200000	12471	3436.0	0.275519204555
chrX	134200000	134300000	762	250.0	0.328083989501
chrX	134300000	134400000	4149	1519.0	0.366112316221
chrX	134400000	134500000	0	0.0	NA
chrX	134500000	134600000	9180	2720.0	0.296296296296
chrX	134600000	134700000	18397	4540.0	0.246779366201
chrX	134700000	134800000	6801	2139.0	0.314512571681
chrX	134800000	134900000	1794	518.0	0.288740245262
chrX	134900000	135000000	2811	936.0	0.332977588047
chrX	135000000	135100000	5825	1723.0	0.295793991416
chrX	135100000	135200000	25200	6088.0	0.241587301587
chrX	135200000	135300000	6468	1530.0	0.236549165121
chrX	135300000	135400000	17218	4223.0	0.245266581484
chrX	135400000	135500000	0	0.0	NA
chrX	135500000	135600000	29689	7166.0	0.241368857152
chrX	135600000	135700000	17611	4377.0	0.248537845665
chrX	135700000	135800000	12809	2787.0	0.217581388087
chrX	135800000	135900000	3719	843.0	0.226673837053
chrX	135900000	136000000	3110	774.0	0.248874598071
chrX	136000000	136100000	6625	1525.0	0.230188679245
chrX	136100000	136200000	57826	12795.0	0.221267250026
chrX	136200000	136300000	46758	10391.0	0.222229351127
chrX	136300000	136400000	57902	13645.0	0.23565679942
chrX	136400000	136500000	55929	13170.0	0.235477122781
chrX	136500000	136600000	54246	12848.0	0.236846956458
chrX	136600000	136700000	18720	4573.0	0.244284188034
chrX	136700000	136800000	0	0.0	NA
chrX	136800000	136900000	0	0.0	NA
chrX	136900000	137000000	0	0.0	NA
chrX	137000000	137100000	21194	4614.0	0.217703123526
chrX	137100000	137200000	23138	5758.0	0.2488546979
chrX	137200000	137300000	36987	8487.0	0.229458999108
chrX	137300000	137400000	55315	12869.0	0.23264937178
chrX	137400000	137500000	38298	9098.0	0.237558097029
chrX	137500000	137600000	39045	9457.0	0.242207709054
chrX	137600000	137700000	34498	8166.0	0.236709374456
chrX	137700000	137800000	0	0.0	NA
chrX	137800000	137900000	0	0.0	NA
chrX	137900000	138000000	0	0.0	NA
chrX	138000000	138100000	0	0.0	NA
chrX	138100000	138200000	0	0.0	NA
chrX	138200000	138300000	5465	1353.0	0.247575480329
chrX	138300000	138400000	45179	10359.0	0.229287943514
chrX	138400000	138500000	20254	4695.0	0.231806063
chrX	138500000	138600000	45913	10339.0	0.225186766275
chrX	138600000	138700000	5232	1130.0	0.215978593272
chrX	138700000	138800000	1538	312.0	0.202860858257
chrX	138800000	138900000	680	166.0	0.244117647059
chrX	138900000	139000000	0	0.0	NA
chrX	139000000	139100000	11493	2418.0	0.210388932394
chrX	139100000	139200000	38388	7832.0	0.204022090237
chrX	139200000	139300000	48574	10441.0	0.21495038498
chrX	139300000	139400000	23658	5001.0	0.211387268577
chrX	139400000	139500000	32943	7198.0	0.218498618826
chrX	139500000	139600000	45064	10654.0	0.236419314752
chrX	139600000	139700000	52457	11496.0	0.219150923614
chrX	139700000	139800000	23183	5099.0	0.21994564983
chrX	139800000	139900000	6605	1537.0	0.232702498107
chrX	139900000	140000000	39874	9189.0	0.230450920399
chrX	140000000	140100000	1017	238.0	0.234021632252
chrX	140100000	140200000	0	0.0	NA
chrX	140200000	140300000	25932	6156.0	0.237390097177
chrX	140300000	140400000	7913	1790.0	0.226210034121
chrX	140400000	140500000	0	0.0	NA
chrX	140500000	140600000	0	0.0	NA
chrX	140600000	140700000	0	0.0	NA
chrX	140700000	140800000	13558	3270.0	0.241186015637
chrX	140800000	140900000	44316	10730.0	0.2421247405
chrX	140900000	141000000	4644	1234.0	0.26571920758
chrX	141000000	141100000	35751	9079.0	0.253950938435
chrX	141100000	141200000	39579	9805.0	0.247732383335
chrX	141200000	141300000	13774	4165.0	0.302381298098
chrX	141300000	141400000	35796	9049.0	0.252793608224
chrX	141400000	141500000	25324	6278.0	0.247907123677
chrX	141500000	141600000	46405	11876.0	0.255920698201
chrX	141600000	141700000	44393	11065.0	0.249251008042
chrX	141700000	141800000	44783	11162.0	0.249246365808
chrX	141800000	141900000	24625	6601.0	0.268060913706
chrX	141900000	142000000	36748	9572.0	0.26047676064
chrX	142000000	142100000	42031	11279.0	0.268349551521
chrX	142100000	142200000	22091	5969.0	0.270200534154
chrX	142200000	142300000	33491	8932.0	0.266698516019
chrX	142300000	142400000	36687	9477.0	0.258320385968
chrX	142400000	142500000	0	0.0	NA
chrX	142500000	142600000	0	0.0	NA
chrX	142600000	142700000	21185	5218.0	0.246306348832
chrX	142700000	142800000	32380	7606.0	0.234898085238
chrX	142800000	142900000	12996	3194.0	0.245767928593
chrX	142900000	143000000	17160	4297.0	0.250407925408
chrX	143000000	143100000	28119	7106.0	0.252711689605
chrX	143100000	143200000	31405	8081.0	0.257315714058
chrX	143200000	143300000	583	157.0	0.269296740995
chrX	143300000	143400000	30767	8255.0	0.268306952254
chrX	143400000	143500000	20962	5575.0	0.265957446809
chrX	143500000	143600000	20291	5397.0	0.265979991129
chrX	143600000	143700000	34176	8951.0	0.261908941948
chrX	143700000	143800000	40924	10243.0	0.250293226469
chrX	143800000	143900000	20414	5304.0	0.259821690996
chrX	143900000	144000000	19631	4807.0	0.244867811115
chrX	144000000	144100000	19282	4632.0	0.240224043149
chrX	144100000	144200000	34206	8383.0	0.245073963632
chrX	144200000	144300000	44128	10732.0	0.243201595359
chrX	144300000	144400000	13507	3188.0	0.236025764418
chrX	144400000	144500000	27083	6555.0	0.242033748108
chrX	144500000	144600000	32886	7886.0	0.239798090373
chrX	144600000	144700000	33275	8059.0	0.242193839219
chrX	144700000	144800000	38498	9575.0	0.24871421892
chrX	144800000	144900000	32743	8161.0	0.249244113246
chrX	144900000	145000000	34387	8474.0	0.246430337046
chrX	145000000	145100000	5474	1549.0	0.282974059189
chrX	145100000	145200000	31161	7997.0	0.256634896184
chrX	145200000	145300000	49946	13444.0	0.269170704361
chrX	145300000	145400000	28663	7819.0	0.272790705788
chrX	145400000	145500000	43070	11087.0	0.257418156489
chrX	145500000	145600000	23806	6244.0	0.262286818449
chrX	145600000	145700000	30534	7725.0	0.252996659462
chrX	145700000	145800000	33180	8479.0	0.255545509343
chrX	145800000	145900000	24874	6087.0	0.244713355311
chrX	145900000	146000000	34317	8331.0	0.242765976047
chrX	146000000	146100000	18145	4501.0	0.248057316065
chrX	146100000	146200000	31689	7814.0	0.246583988135
chrX	146200000	146300000	4869	1245.0	0.255699322243
chrX	146300000	146400000	8496	2067.0	0.243290960452
chrX	146400000	146500000	43143	10528.0	0.244025682034
chrX	146500000	146600000	36972	8739.0	0.236368062317
chrX	146600000	146700000	51853	12738.0	0.245655989046
chrX	146700000	146800000	43249	10491.0	0.242572082592
chrX	146800000	146900000	63288	14662.0	0.231671090886
chrX	146900000	147000000	20842	4814.0	0.23097591402
chrX	147000000	147100000	8293	2051.0	0.247317014349
chrX	147100000	147200000	38317	8443.0	0.220346060495
chrX	147200000	147300000	49484	10344.0	0.20903726457
chrX	147300000	147400000	49332	11463.0	0.232364388227
chrX	147400000	147500000	37436	8826.0	0.235762367774
chrX	147500000	147600000	47164	11274.0	0.239038249512
chrX	147600000	147700000	0	0.0	NA
chrX	147700000	147800000	0	0.0	NA
chrX	147800000	147900000	0	0.0	NA
chrX	147900000	148000000	0	0.0	NA
chrX	148000000	148100000	10281	2622.0	0.255033557047
chrX	148100000	148200000	30316	7289.0	0.240434094208
chrX	148200000	148300000	32229	7050.0	0.218747091129
chrX	148300000	148400000	48966	11427.0	0.233366009068
chrX	148400000	148500000	34797	8724.0	0.250711268213
chrX	148500000	148600000	18356	4669.0	0.254358247984
chrX	148600000	148700000	0	0.0	NA
chrX	148700000	148800000	3578	1425.0	0.398267188373
chrX	148800000	148900000	6861	2465.0	0.359277073313
chrX	148900000	149000000	0	0.0	NA
chrX	149000000	149100000	0	0.0	NA
chrX	149100000	149200000	0	0.0	NA
chrX	149200000	149300000	0	0.0	NA
chrX	149300000	149400000	0	0.0	NA
chrX	149400000	149500000	54031	14195.0	0.262719549888
chrX	149500000	149600000	18415	4889.0	0.265490089601
chrX	149600000	149700000	3654	1026.0	0.28078817734
chrX	149700000	149800000	17543	4922.0	0.28056774782
chrX	149800000	149900000	3077	922.0	0.299642508937
chrX	149900000	150000000	0	0.0	NA
chrX	150000000	150100000	3469	945.0	0.272412799078
chrX	150100000	150200000	22596	5961.0	0.263807753585
chrX	150200000	150300000	25440	6036.0	0.237264150943
chrX	150300000	150400000	10193	2607.0	0.255763759443
chrX	150400000	150500000	50474	11267.0	0.223223838016
chrX	150500000	150600000	46081	11167.0	0.242334150735
chrX	150600000	150700000	27482	6114.0	0.222472891347
chrX	150700000	150800000	4839	1215.0	0.251084934904
chrX	150800000	150900000	4671	1273.0	0.272532648255
chrX	150900000	151000000	57265	14310.0	0.24989085829
chrX	151000000	151100000	27623	6814.0	0.246678492561
chrX	151100000	151200000	22230	5436.0	0.244534412955
chrX	151200000	151300000	7431	1877.0	0.25259049926
chrX	151300000	151400000	0	0.0	NA
chrX	151400000	151500000	0	0.0	NA
chrX	151500000	151600000	0	0.0	NA
chrX	151600000	151700000	12029	2879.0	0.239338265858
chrX	151700000	151800000	48677	11187.0	0.22982106539
chrX	151800000	151900000	5185	1304.0	0.251494696239
chrX	151900000	152000000	12462	3068.0	0.246188412775
chrX	152000000	152100000	23096	6149.0	0.266236577762
chrX	152100000	152200000	2887	835.0	0.289227571874
chrX	152200000	152300000	5362	1528.0	0.284968295412
chrX	152300000	152400000	7160	1885.0	0.263268156425
chrX	152400000	152500000	1218	408.0	0.334975369458
chrX	152500000	152600000	7137	2145.0	0.300546448087
chrX	152600000	152700000	10815	3392.0	0.313638465095
chrX	152700000	152800000	19	6.0	0.315789473684
chrX	152800000	152900000	10906	3404.0	0.312121767834
chrX	152900000	153000000	1781	640.0	0.359348680517
chrX	153000000	153100000	0	0.0	NA
chrX	153100000	153200000	1004	273.0	0.271912350598
chrX	153200000	153300000	3645	1189.0	0.326200274348
chrX	153300000	153400000	8435	2172.0	0.257498518079
chrX	153400000	153500000	2224	663.0	0.298111510791
chrX	153500000	153600000	0	0.0	NA
chrX	153600000	153700000	0	0.0	NA
chrX	153700000	153800000	0	0.0	NA
chrX	153800000	153900000	7591	2188.0	0.288236069029
chrX	153900000	154000000	0	0.0	NA
chrX	154000000	154100000	832	251.0	0.301682692308
chrX	154100000	154200000	0	0.0	NA
chrX	154200000	154300000	0	0.0	NA
chrX	154300000	154400000	4039	958.0	0.237187422629
chrX	154400000	154500000	4332	1067.0	0.246306555863
chrX	154500000	154600000	0	0.0	NA
chrX	154600000	154700000	0	0.0	NA
chrX	154700000	154800000	0	0.0	NA
chrX	154800000	154900000	0	0.0	NA
chrX	154900000	155000000	0	0.0	NA
chrX	155000000	155100000	12020	2587.0	0.215224625624
chrX	155100000	155200000	4792	1085.0	0.22641903172
chrX	155200000	155270560	0	0.0	NA
