chrX	0	100000	0	0.0	NA
chrX	100000	200000	0	0.0	NA
chrX	200000	300000	0	0.0	NA
chrX	300000	400000	0	0.0	NA
chrX	400000	500000	741	244.0	0.329284750337
chrX	500000	600000	8488	2627.0	0.309495758718
chrX	600000	700000	5701	1940.0	0.340291176986
chrX	700000	800000	11759	3692.0	0.313972276554
chrX	800000	900000	9925	3206.0	0.323022670025
chrX	900000	1000000	8906	2907.0	0.326409162362
chrX	1000000	1100000	939	309.0	0.329073482428
chrX	1100000	1200000	0	0.0	NA
chrX	1200000	1300000	5009	1722.0	0.343781193851
chrX	1300000	1400000	0	0.0	NA
chrX	1400000	1500000	0	0.0	NA
chrX	1500000	1600000	0	0.0	NA
chrX	1600000	1700000	0	0.0	NA
chrX	1700000	1800000	0	0.0	NA
chrX	1800000	1900000	0	0.0	NA
chrX	1900000	2000000	4591	1535.0	0.334349814855
chrX	2000000	2100000	4884	1712.0	0.350532350532
chrX	2100000	2200000	0	0.0	NA
chrX	2200000	2300000	0	0.0	NA
chrX	2300000	2400000	0	0.0	NA
chrX	2400000	2500000	12952	4203.0	0.32450586782
chrX	2500000	2600000	2538	983.0	0.38731284476
chrX	2600000	2700000	0	0.0	NA
chrX	2700000	2800000	0	0.0	NA
chrX	2800000	2900000	0	0.0	NA
chrX	2900000	3000000	0	0.0	NA
chrX	3000000	3100000	7271	2338.0	0.32155136845
chrX	3100000	3200000	25311	8506.0	0.336059420805
chrX	3200000	3300000	2673	975.0	0.364758698092
chrX	3300000	3400000	26308	9029.0	0.343203588262
chrX	3400000	3500000	5291	1767.0	0.333963333963
chrX	3500000	3600000	0	0.0	NA
chrX	3600000	3700000	2360	692.0	0.293220338983
chrX	3700000	3800000	2254	819.0	0.363354037267
chrX	3800000	3900000	2180	728.0	0.333944954128
chrX	3900000	4000000	28774	9044.0	0.314311531243
chrX	4000000	4100000	29095	9205.0	0.31637738443
chrX	4100000	4200000	27682	9014.0	0.325626761072
chrX	4200000	4300000	36936	11958.0	0.323749187784
chrX	4300000	4400000	31973	10133.0	0.316923654333
chrX	4400000	4500000	32669	10258.0	0.313997979736
chrX	4500000	4600000	6640	2184.0	0.328915662651
chrX	4600000	4700000	17639	5596.0	0.317251544872
chrX	4700000	4800000	29885	9595.0	0.321064078969
chrX	4800000	4900000	27894	9025.0	0.323546282355
chrX	4900000	5000000	34546	11034.0	0.319400219997
chrX	5000000	5100000	22114	7061.0	0.319299990956
chrX	5100000	5200000	30931	9986.0	0.322847628593
chrX	5200000	5300000	33813	10847.0	0.320793777541
chrX	5300000	5400000	17002	5343.0	0.314257146218
chrX	5400000	5500000	34311	10638.0	0.310046340824
chrX	5500000	5600000	16362	4940.0	0.301919080797
chrX	5600000	5700000	12062	3604.0	0.298789587133
chrX	5700000	5800000	35499	10670.0	0.300571847094
chrX	5800000	5900000	0	0.0	NA
chrX	5900000	6000000	0	0.0	NA
chrX	6000000	6100000	0	0.0	NA
chrX	6100000	6200000	16052	4881.0	0.304074258659
chrX	6200000	6300000	35848	10619.0	0.296222941308
chrX	6300000	6400000	30009	8928.0	0.297510746776
chrX	6400000	6500000	20654	6013.0	0.291130047448
chrX	6500000	6600000	21528	6618.0	0.307413600892
chrX	6600000	6700000	21550	6624.0	0.307378190255
chrX	6700000	6800000	44022	12980.0	0.294852573713
chrX	6800000	6900000	36082	10263.0	0.28443545258
chrX	6900000	7000000	14920	4251.0	0.284919571046
chrX	7000000	7100000	0	0.0	NA
chrX	7100000	7200000	0	0.0	NA
chrX	7200000	7300000	3337	1056.0	0.316451902907
chrX	7300000	7400000	45618	13474.0	0.295365864352
chrX	7400000	7500000	29460	8738.0	0.29660556687
chrX	7500000	7600000	41904	12638.0	0.301594119893
chrX	7600000	7700000	23130	6708.0	0.290012970169
chrX	7700000	7800000	47414	14071.0	0.296768886827
chrX	7800000	7900000	9477	2657.0	0.280362984067
chrX	7900000	8000000	14336	3962.0	0.2763671875
chrX	8000000	8100000	29070	8230.0	0.283109735122
chrX	8100000	8200000	17083	4593.0	0.268863782708
chrX	8200000	8300000	46440	12992.0	0.279758828596
chrX	8300000	8400000	51880	15275.0	0.294429452583
chrX	8400000	8500000	17735	5088.0	0.286890329856
chrX	8500000	8600000	0	0.0	NA
chrX	8600000	8700000	0	0.0	NA
chrX	8700000	8800000	15627	4204.0	0.26902156524
chrX	8800000	8900000	35546	8985.0	0.252771057222
chrX	8900000	9000000	17788	5120.0	0.287834495165
chrX	9000000	9100000	30671	7892.0	0.257311466858
chrX	9100000	9200000	44339	11503.0	0.259433004804
chrX	9200000	9300000	20079	5109.0	0.254444942477
chrX	9300000	9400000	26905	7877.0	0.292770860435
chrX	9400000	9500000	2511	708.0	0.281959378734
chrX	9500000	9600000	0	0.0	NA
chrX	9600000	9700000	0	0.0	NA
chrX	9700000	9800000	0	0.0	NA
chrX	9800000	9900000	0	0.0	NA
chrX	9900000	10000000	1114	276.0	0.247755834829
chrX	10000000	10100000	0	0.0	NA
chrX	10100000	10200000	0	0.0	NA
chrX	10200000	10300000	0	0.0	NA
chrX	10300000	10400000	27268	6548.0	0.240134956726
chrX	10400000	10500000	0	0.0	NA
chrX	10500000	10600000	0	0.0	NA
chrX	10600000	10700000	0	0.0	NA
chrX	10700000	10800000	0	0.0	NA
chrX	10800000	10900000	0	0.0	NA
chrX	10900000	11000000	0	0.0	NA
chrX	11000000	11100000	0	0.0	NA
chrX	11100000	11200000	0	0.0	NA
chrX	11200000	11300000	0	0.0	NA
chrX	11300000	11400000	0	0.0	NA
chrX	11400000	11500000	0	0.0	NA
chrX	11500000	11600000	0	0.0	NA
chrX	11600000	11700000	0	0.0	NA
chrX	11700000	11800000	0	0.0	NA
chrX	11800000	11900000	49303	10680.0	0.216619678316
chrX	11900000	12000000	54796	12172.0	0.222133002409
chrX	12000000	12100000	35402	7533.0	0.212784588441
chrX	12100000	12200000	21140	4663.0	0.220577105014
chrX	12200000	12300000	0	0.0	NA
chrX	12300000	12400000	0	0.0	NA
chrX	12400000	12500000	0	0.0	NA
chrX	12500000	12600000	0	0.0	NA
chrX	12600000	12700000	0	0.0	NA
chrX	12700000	12800000	13184	3600.0	0.273058252427
chrX	12800000	12900000	448	113.0	0.252232142857
chrX	12900000	13000000	0	0.0	NA
chrX	13000000	13100000	16233	4451.0	0.274194541982
chrX	13100000	13200000	36093	9086.0	0.251738564265
chrX	13200000	13300000	31032	7814.0	0.251804588812
chrX	13300000	13400000	0	0.0	NA
chrX	13400000	13500000	32854	7749.0	0.235861691118
chrX	13500000	13600000	29741	7433.0	0.249924346861
chrX	13600000	13700000	0	0.0	NA
chrX	13700000	13800000	0	0.0	NA
chrX	13800000	13900000	0	0.0	NA
chrX	13900000	14000000	0	0.0	NA
chrX	14000000	14100000	4700	1065.0	0.226595744681
chrX	14100000	14200000	40294	8594.0	0.213282374547
chrX	14200000	14300000	14678	3175.0	0.216310123995
chrX	14300000	14400000	59100	13337.0	0.225668358714
chrX	14400000	14500000	56866	12087.0	0.212552315971
chrX	14500000	14600000	21198	4679.0	0.220728370601
chrX	14600000	14700000	0	0.0	NA
chrX	14700000	14800000	0	0.0	NA
chrX	14800000	14900000	16952	3784.0	0.223218499292
chrX	14900000	15000000	14227	3230.0	0.227033106066
chrX	15000000	15100000	49963	11102.0	0.222204431279
chrX	15100000	15200000	56446	12745.0	0.225791021507
chrX	15200000	15300000	23768	5425.0	0.228248064625
chrX	15300000	15400000	0	0.0	NA
chrX	15400000	15500000	0	0.0	NA
chrX	15500000	15600000	0	0.0	NA
chrX	15600000	15700000	0	0.0	NA
chrX	15700000	15800000	0	0.0	NA
chrX	15800000	15900000	2847	653.0	0.229364243063
chrX	15900000	16000000	32694	6746.0	0.206337554291
chrX	16000000	16100000	59465	12503.0	0.210258135037
chrX	16100000	16200000	10220	2189.0	0.214187866928
chrX	16200000	16300000	29234	6222.0	0.212834370938
chrX	16300000	16400000	3691	866.0	0.234624762937
chrX	16400000	16500000	44780	9674.0	0.216033943725
chrX	16500000	16600000	20131	4249.0	0.211067507824
chrX	16600000	16700000	0	0.0	NA
chrX	16700000	16800000	0	0.0	NA
chrX	16800000	16900000	0	0.0	NA
chrX	16900000	17000000	0	0.0	NA
chrX	17000000	17100000	0	0.0	NA
chrX	17100000	17200000	5475	1318.0	0.240730593607
chrX	17200000	17300000	51614	10911.0	0.211396132832
chrX	17300000	17400000	22631	5021.0	0.221863815121
chrX	17400000	17500000	0	0.0	NA
chrX	17500000	17600000	0	0.0	NA
chrX	17600000	17700000	0	0.0	NA
chrX	17700000	17800000	2042	668.0	0.327130264447
chrX	17800000	17900000	490	109.0	0.222448979592
chrX	17900000	18000000	45744	10268.0	0.224466596712
chrX	18000000	18100000	0	0.0	NA
chrX	18100000	18200000	9340	2125.0	0.227516059957
chrX	18200000	18300000	0	0.0	NA
chrX	18300000	18400000	0	0.0	NA
chrX	18400000	18500000	0	0.0	NA
chrX	18500000	18600000	0	0.0	NA
chrX	18600000	18700000	0	0.0	NA
chrX	18700000	18800000	0	0.0	NA
chrX	18800000	18900000	0	0.0	NA
chrX	18900000	19000000	0	0.0	NA
chrX	19000000	19100000	0	0.0	NA
chrX	19100000	19200000	20054	4589.0	0.228832153186
chrX	19200000	19300000	45412	10471.0	0.23057782084
chrX	19300000	19400000	17276	3543.0	0.205082194953
chrX	19400000	19500000	0	0.0	NA
chrX	19500000	19600000	0	0.0	NA
chrX	19600000	19700000	0	0.0	NA
chrX	19700000	19800000	0	0.0	NA
chrX	19800000	19900000	0	0.0	NA
chrX	19900000	20000000	0	0.0	NA
chrX	20000000	20100000	0	0.0	NA
chrX	20100000	20200000	0	0.0	NA
chrX	20200000	20300000	0	0.0	NA
chrX	20300000	20400000	26122	5892.0	0.225557001761
chrX	20400000	20500000	23510	5238.0	0.222798809017
chrX	20500000	20600000	42441	9111.0	0.214674489291
chrX	20600000	20700000	54524	11427.0	0.209577433791
chrX	20700000	20800000	29915	6397.0	0.213839211098
chrX	20800000	20900000	0	0.0	NA
chrX	20900000	21000000	0	0.0	NA
chrX	21000000	21100000	0	0.0	NA
chrX	21100000	21200000	5858	1274.0	0.217480368727
chrX	21200000	21300000	2903	601.0	0.207027213228
chrX	21300000	21400000	14075	3119.0	0.221598579041
chrX	21400000	21500000	0	0.0	NA
chrX	21500000	21600000	0	0.0	NA
chrX	21600000	21700000	2162	424.0	0.196114708603
chrX	21700000	21800000	6783	1535.0	0.226301046734
chrX	21800000	21900000	26497	5773.0	0.217873721553
chrX	21900000	22000000	4138	812.0	0.196230062832
chrX	22000000	22100000	0	0.0	NA
chrX	22100000	22200000	0	0.0	NA
chrX	22200000	22300000	0	0.0	NA
chrX	22300000	22400000	0	0.0	NA
chrX	22400000	22500000	0	0.0	NA
chrX	22500000	22600000	0	0.0	NA
chrX	22600000	22700000	0	0.0	NA
chrX	22700000	22800000	0	0.0	NA
chrX	22800000	22900000	0	0.0	NA
chrX	22900000	23000000	0	0.0	NA
chrX	23000000	23100000	0	0.0	NA
chrX	23100000	23200000	0	0.0	NA
chrX	23200000	23300000	0	0.0	NA
chrX	23300000	23400000	305	72.0	0.23606557377
chrX	23400000	23500000	8643	1940.0	0.22445909985
chrX	23500000	23600000	20790	4981.0	0.239586339586
chrX	23600000	23700000	34857	10888.0	0.31236193591
chrX	23700000	23800000	0	0.0	NA
chrX	23800000	23900000	2001	391.0	0.195402298851
chrX	23900000	24000000	1054	220.0	0.208728652751
chrX	24000000	24100000	0	0.0	NA
chrX	24100000	24200000	230	56.0	0.24347826087
chrX	24200000	24300000	11680	2714.0	0.232363013699
chrX	24300000	24400000	0	0.0	NA
chrX	24400000	24500000	29707	6713.0	0.225973676238
chrX	24500000	24600000	0	0.0	NA
chrX	24600000	24700000	0	0.0	NA
chrX	24700000	24800000	0	0.0	NA
chrX	24800000	24900000	0	0.0	NA
chrX	24900000	25000000	0	0.0	NA
chrX	25000000	25100000	4448	1335.0	0.300134892086
chrX	25100000	25200000	48285	9317.0	0.192958475717
chrX	25200000	25300000	38369	7743.0	0.201803539316
chrX	25300000	25400000	38023	8808.0	0.231649264919
chrX	25400000	25500000	55287	11761.0	0.212726319026
chrX	25500000	25600000	62200	14460.0	0.232475884244
chrX	25600000	25700000	48703	11355.0	0.233147855368
chrX	25700000	25800000	54053	12929.0	0.239191164228
chrX	25800000	25900000	35914	8370.0	0.233056746673
chrX	25900000	26000000	24239	5543.0	0.228681051198
chrX	26000000	26100000	41459	9836.0	0.237246436238
chrX	26100000	26200000	20726	4937.0	0.238203223005
chrX	26200000	26300000	13812	3610.0	0.26136692731
chrX	26300000	26400000	33528	8426.0	0.251312335958
chrX	26400000	26500000	51443	12706.0	0.246991816185
chrX	26500000	26600000	18613	4712.0	0.253156396067
chrX	26600000	26700000	37055	9165.0	0.247335042504
chrX	26700000	26800000	30281	7031.0	0.232191803441
chrX	26800000	26900000	29624	6921.0	0.233628139346
chrX	26900000	27000000	45004	10094.0	0.224291174118
chrX	27000000	27100000	17314	3906.0	0.225597782142
chrX	27100000	27200000	0	0.0	NA
chrX	27200000	27300000	0	0.0	NA
chrX	27300000	27400000	0	0.0	NA
chrX	27400000	27500000	11062	2695.0	0.243626830591
chrX	27500000	27600000	24225	5281.0	0.217997936017
chrX	27600000	27700000	0	0.0	NA
chrX	27700000	27800000	11319	2654.0	0.234473009983
chrX	27800000	27900000	30494	7138.0	0.234078835181
chrX	27900000	28000000	44222	9741.0	0.220274976256
chrX	28000000	28100000	28397	7334.0	0.258266718315
chrX	28100000	28200000	40335	9108.0	0.225808850874
chrX	28200000	28300000	50345	11680.0	0.231999205482
chrX	28300000	28400000	33461	7705.0	0.230268073279
chrX	28400000	28500000	38588	8694.0	0.225303203068
chrX	28500000	28600000	25352	5518.0	0.217655411802
chrX	28600000	28700000	0	0.0	NA
chrX	28700000	28800000	0	0.0	NA
chrX	28800000	28900000	0	0.0	NA
chrX	28900000	29000000	0	0.0	NA
chrX	29000000	29100000	0	0.0	NA
chrX	29100000	29200000	0	0.0	NA
chrX	29200000	29300000	0	0.0	NA
chrX	29300000	29400000	0	0.0	NA
chrX	29400000	29500000	0	0.0	NA
chrX	29500000	29600000	0	0.0	NA
chrX	29600000	29700000	0	0.0	NA
chrX	29700000	29800000	0	0.0	NA
chrX	29800000	29900000	0	0.0	NA
chrX	29900000	30000000	0	0.0	NA
chrX	30000000	30100000	43073	10209.0	0.237016228264
chrX	30100000	30200000	42879	9917.0	0.231278714522
chrX	30200000	30300000	12872	2851.0	0.221488502175
chrX	30300000	30400000	17413	3993.0	0.229311433986
chrX	30400000	30500000	61024	14394.0	0.235874410068
chrX	30500000	30600000	29603	6944.0	0.234570820525
chrX	30600000	30700000	11268	2666.0	0.236599219027
chrX	30700000	30800000	3935	1086.0	0.275984752224
chrX	30800000	30900000	2008	522.0	0.259960159363
chrX	30900000	31000000	0	0.0	NA
chrX	31000000	31100000	11815	2500.0	0.211595429539
chrX	31100000	31200000	3901	945.0	0.242245578057
chrX	31200000	31300000	0	0.0	NA
chrX	31300000	31400000	0	0.0	NA
chrX	31400000	31500000	0	0.0	NA
chrX	31500000	31600000	0	0.0	NA
chrX	31600000	31700000	0	0.0	NA
chrX	31700000	31800000	0	0.0	NA
chrX	31800000	31900000	0	0.0	NA
chrX	31900000	32000000	0	0.0	NA
chrX	32000000	32100000	0	0.0	NA
chrX	32100000	32200000	0	0.0	NA
chrX	32200000	32300000	0	0.0	NA
chrX	32300000	32400000	0	0.0	NA
chrX	32400000	32500000	0	0.0	NA
chrX	32500000	32600000	0	0.0	NA
chrX	32600000	32700000	0	0.0	NA
chrX	32700000	32800000	0	0.0	NA
chrX	32800000	32900000	0	0.0	NA
chrX	32900000	33000000	0	0.0	NA
chrX	33000000	33100000	0	0.0	NA
chrX	33100000	33200000	0	0.0	NA
chrX	33200000	33300000	0	0.0	NA
chrX	33300000	33400000	7443	1901.0	0.255407765686
chrX	33400000	33500000	29840	7852.0	0.263136729223
chrX	33500000	33600000	23003	6320.0	0.27474677216
chrX	33600000	33700000	47520	12790.0	0.26914983165
chrX	33700000	33800000	12688	3334.0	0.262767969735
chrX	33800000	33900000	0	0.0	NA
chrX	33900000	34000000	8957	2217.0	0.247515909345
chrX	34000000	34100000	33158	8219.0	0.247873816274
chrX	34100000	34200000	12697	3115.0	0.245333543357
chrX	34200000	34300000	0	0.0	NA
chrX	34300000	34400000	0	0.0	NA
chrX	34400000	34500000	13134	3323.0	0.25300746155
chrX	34500000	34600000	47978	11228.0	0.234023927633
chrX	34600000	34700000	11408	2520.0	0.220897615708
chrX	34700000	34800000	51158	11853.0	0.231693967708
chrX	34800000	34900000	38554	9097.0	0.235954764746
chrX	34900000	35000000	33396	8036.0	0.240627620074
chrX	35000000	35100000	23642	6141.0	0.259749598173
chrX	35100000	35200000	47787	12151.0	0.254274174985
chrX	35200000	35300000	36189	9259.0	0.255851225511
chrX	35300000	35400000	34298	8824.0	0.257274476646
chrX	35400000	35500000	32594	8265.0	0.253574277474
chrX	35500000	35600000	29159	7214.0	0.247402174286
chrX	35600000	35700000	10536	2351.0	0.223139711465
chrX	35700000	35800000	26433	6613.0	0.250179699618
chrX	35800000	35900000	19011	4944.0	0.260059965283
chrX	35900000	36000000	8832	2100.0	0.23777173913
chrX	36000000	36100000	0	0.0	NA
chrX	36100000	36200000	0	0.0	NA
chrX	36200000	36300000	0	0.0	NA
chrX	36300000	36400000	0	0.0	NA
chrX	36400000	36500000	6511	1652.0	0.253724466288
chrX	36500000	36600000	26209	6788.0	0.258995001717
chrX	36600000	36700000	16542	4357.0	0.263390158385
chrX	36700000	36800000	46815	18646.0	0.398291146
chrX	36800000	36900000	32606	8709.0	0.267098080108
chrX	36900000	37000000	27753	6800.0	0.245018556552
chrX	37000000	37100000	3969	1033.0	0.260267069791
chrX	37100000	37200000	8927	2150.0	0.24084238826
chrX	37200000	37300000	0	0.0	NA
chrX	37300000	37400000	0	0.0	NA
chrX	37400000	37500000	0	0.0	NA
chrX	37500000	37600000	0	0.0	NA
chrX	37600000	37700000	0	0.0	NA
chrX	37700000	37800000	0	0.0	NA
chrX	37800000	37900000	0	0.0	NA
chrX	37900000	38000000	0	0.0	NA
chrX	38000000	38100000	0	0.0	NA
chrX	38100000	38200000	0	0.0	NA
chrX	38200000	38300000	0	0.0	NA
chrX	38300000	38400000	0	0.0	NA
chrX	38400000	38500000	0	0.0	NA
chrX	38500000	38600000	14597	3435.0	0.235322326505
chrX	38600000	38700000	12186	2824.0	0.231741342524
chrX	38700000	38800000	71091	16982.0	0.238876932382
chrX	38800000	38900000	67513	15753.0	0.233332839601
chrX	38900000	39000000	36954	8966.0	0.242625967419
chrX	39000000	39100000	43228	10536.0	0.243730915148
chrX	39100000	39200000	0	0.0	NA
chrX	39200000	39300000	0	0.0	NA
chrX	39300000	39400000	66720	16442.0	0.246432853717
chrX	39400000	39500000	57838	14285.0	0.246982952384
chrX	39500000	39600000	39664	8929.0	0.225115974183
chrX	39600000	39700000	26734	6556.0	0.24523079225
chrX	39700000	39800000	48692	12090.0	0.24829540787
chrX	39800000	39900000	31510	7967.0	0.252840368137
chrX	39900000	40000000	0	0.0	NA
chrX	40000000	40100000	11697	2819.0	0.241001966316
chrX	40100000	40200000	14428	3476.0	0.240920432492
chrX	40200000	40300000	29561	7294.0	0.246744020838
chrX	40300000	40400000	22439	5290.0	0.23575025625
chrX	40400000	40500000	1109	273.0	0.246167718665
chrX	40500000	40600000	0	0.0	NA
chrX	40600000	40700000	14249	3007.0	0.211032353148
chrX	40700000	40800000	19927	4245.0	0.21302755056
chrX	40800000	40900000	26992	6207.0	0.229957024303
chrX	40900000	41000000	6026	1305.0	0.216561566545
chrX	41000000	41100000	0	0.0	NA
chrX	41100000	41200000	0	0.0	NA
chrX	41200000	41300000	10890	2555.0	0.234618916437
chrX	41300000	41400000	0	0.0	NA
chrX	41400000	41500000	0	0.0	NA
chrX	41500000	41600000	0	0.0	NA
chrX	41600000	41700000	0	0.0	NA
chrX	41700000	41800000	0	0.0	NA
chrX	41800000	41900000	42673	9208.0	0.215780470086
chrX	41900000	42000000	25732	5723.0	0.222407896782
chrX	42000000	42100000	18519	4123.0	0.222636211459
chrX	42100000	42200000	0	0.0	NA
chrX	42200000	42300000	0	0.0	NA
chrX	42300000	42400000	0	0.0	NA
chrX	42400000	42500000	0	0.0	NA
chrX	42500000	42600000	13200	3030.0	0.229545454545
chrX	42600000	42700000	23202	5176.0	0.223084216878
chrX	42700000	42800000	27271	6319.0	0.231711341718
chrX	42800000	42900000	33242	7464.0	0.224535226521
chrX	42900000	43000000	57416	12912.0	0.224885049464
chrX	43000000	43100000	11457	2768.0	0.241599022432
chrX	43100000	43200000	17448	4142.0	0.237391104998
chrX	43200000	43300000	30096	7251.0	0.240929027113
chrX	43300000	43400000	39182	9564.0	0.244091674749
chrX	43400000	43500000	28412	6962.0	0.24503730818
chrX	43500000	43600000	0	0.0	NA
chrX	43600000	43700000	0	0.0	NA
chrX	43700000	43800000	10583	2445.0	0.231030898611
chrX	43800000	43900000	29142	6684.0	0.22935968705
chrX	43900000	44000000	49316	10779.0	0.218570038122
chrX	44000000	44100000	0	0.0	NA
chrX	44100000	44200000	0	0.0	NA
chrX	44200000	44300000	11752	2624.0	0.223281143635
chrX	44300000	44400000	28151	6408.0	0.227629569109
chrX	44400000	44500000	10270	2208.0	0.214995131451
chrX	44500000	44600000	36650	7990.0	0.218008185539
chrX	44600000	44700000	9771	1960.0	0.200593593286
chrX	44700000	44800000	0	0.0	NA
chrX	44800000	44900000	0	0.0	NA
chrX	44900000	45000000	0	0.0	NA
chrX	45000000	45100000	0	0.0	NA
chrX	45100000	45200000	0	0.0	NA
chrX	45200000	45300000	21729	4989.0	0.229600994063
chrX	45300000	45400000	15371	3510.0	0.228352091601
chrX	45400000	45500000	0	0.0	NA
chrX	45500000	45600000	19895	4461.0	0.224227192762
chrX	45600000	45700000	23339	5570.0	0.238656326321
chrX	45700000	45800000	2962	656.0	0.221471978393
chrX	45800000	45900000	42204	8954.0	0.212159984836
chrX	45900000	46000000	22277	5159.0	0.231584145082
chrX	46000000	46100000	40097	8634.0	0.215327830012
chrX	46100000	46200000	30274	6550.0	0.216357270265
chrX	46200000	46300000	22213	4784.0	0.215369378292
chrX	46300000	46400000	0	0.0	NA
chrX	46400000	46500000	0	0.0	NA
chrX	46500000	46600000	0	0.0	NA
chrX	46600000	46700000	11517	2712.0	0.23547798906
chrX	46700000	46800000	0	0.0	NA
chrX	46800000	46900000	0	0.0	NA
chrX	46900000	47000000	0	0.0	NA
chrX	47000000	47100000	0	0.0	NA
chrX	47100000	47200000	2310	611.0	0.264502164502
chrX	47200000	47300000	0	0.0	NA
chrX	47300000	47400000	7772	1912.0	0.246011322697
chrX	47400000	47500000	189	40.0	0.21164021164
chrX	47500000	47600000	2502	584.0	0.233413269384
chrX	47600000	47700000	4276	939.0	0.219597754911
chrX	47700000	47800000	0	0.0	NA
chrX	47800000	47900000	208	63.0	0.302884615385
chrX	47900000	48000000	0	0.0	NA
chrX	48000000	48100000	0	0.0	NA
chrX	48100000	48200000	0	0.0	NA
chrX	48200000	48300000	196	45.0	0.229591836735
chrX	48300000	48400000	0	0.0	NA
chrX	48400000	48500000	1530	394.0	0.257516339869
chrX	48500000	48600000	762	179.0	0.234908136483
chrX	48600000	48700000	0	0.0	NA
chrX	48700000	48800000	0	0.0	NA
chrX	48800000	48900000	0	0.0	NA
chrX	48900000	49000000	0	0.0	NA
chrX	49000000	49100000	0	0.0	NA
chrX	49100000	49200000	0	0.0	NA
chrX	49200000	49300000	0	0.0	NA
chrX	49300000	49400000	827	180.0	0.217654171705
chrX	49400000	49500000	4789	1061.0	0.221549384005
chrX	49500000	49600000	27454	7087.0	0.258140890216
chrX	49600000	49700000	55	8.0	0.145454545455
chrX	49700000	49800000	0	0.0	NA
chrX	49800000	49900000	369	161.0	0.436314363144
chrX	49900000	50000000	0	0.0	NA
chrX	50000000	50100000	0	0.0	NA
chrX	50100000	50200000	0	0.0	NA
chrX	50200000	50300000	33653	7129.0	0.211838469082
chrX	50300000	50400000	3884	768.0	0.197734294542
chrX	50400000	50500000	0	0.0	NA
chrX	50500000	50600000	7691	1815.0	0.23599011832
chrX	50600000	50700000	20075	4400.0	0.219178082192
chrX	50700000	50800000	5650	1363.0	0.241238938053
chrX	50800000	50900000	0	0.0	NA
chrX	50900000	51000000	10492	2555.0	0.243518871521
chrX	51000000	51100000	5992	1624.0	0.271028037383
chrX	51100000	51200000	0	0.0	NA
chrX	51200000	51300000	0	0.0	NA
chrX	51300000	51400000	93	28.0	0.301075268817
chrX	51400000	51500000	0	0.0	NA
chrX	51500000	51600000	3547	973.0	0.274316323654
chrX	51600000	51700000	2415	591.0	0.244720496894
chrX	51700000	51800000	462	102.0	0.220779220779
chrX	51800000	51900000	5028	1295.0	0.257557677009
chrX	51900000	52000000	3795	957.0	0.252173913043
chrX	52000000	52100000	7675	2172.0	0.282996742671
chrX	52100000	52200000	0	0.0	NA
chrX	52200000	52300000	0	0.0	NA
chrX	52300000	52400000	0	0.0	NA
chrX	52400000	52500000	0	0.0	NA
chrX	52500000	52600000	3749	1116.0	0.297679381168
chrX	52600000	52700000	5756	1906.0	0.331132731063
chrX	52700000	52800000	0	0.0	NA
chrX	52800000	52900000	0	0.0	NA
chrX	52900000	53000000	0	0.0	NA
chrX	53000000	53100000	0	0.0	NA
chrX	53100000	53200000	0	0.0	NA
chrX	53200000	53300000	366	79.0	0.215846994536
chrX	53300000	53400000	27	5.0	0.185185185185
chrX	53400000	53500000	0	0.0	NA
chrX	53500000	53600000	0	0.0	NA
chrX	53600000	53700000	0	0.0	NA
chrX	53700000	53800000	16954	3838.0	0.226377256105
chrX	53800000	53900000	10005	2306.0	0.230484757621
chrX	53900000	54000000	1054	242.0	0.229601518027
chrX	54000000	54100000	0	0.0	NA
chrX	54100000	54200000	0	0.0	NA
chrX	54200000	54300000	0	0.0	NA
chrX	54300000	54400000	0	0.0	NA
chrX	54400000	54500000	10915	2381.0	0.218140174072
chrX	54500000	54600000	0	0.0	NA
chrX	54600000	54700000	4249	960.0	0.225935514239
chrX	54700000	54800000	126	24.0	0.190476190476
chrX	54800000	54900000	2381	746.0	0.313313733725
chrX	54900000	55000000	527	142.0	0.26944971537
chrX	55000000	55100000	0	0.0	NA
chrX	55100000	55200000	411	145.0	0.352798053528
chrX	55200000	55300000	0	0.0	NA
chrX	55300000	55400000	802	203.0	0.253117206983
chrX	55400000	55500000	0	0.0	NA
chrX	55500000	55600000	10417	3035.0	0.291350676778
chrX	55600000	55700000	0	0.0	NA
chrX	55700000	55800000	0	0.0	NA
chrX	55800000	55900000	0	0.0	NA
chrX	55900000	56000000	0	0.0	NA
chrX	56000000	56100000	0	0.0	NA
chrX	56100000	56200000	0	0.0	NA
chrX	56200000	56300000	0	0.0	NA
chrX	56300000	56400000	0	0.0	NA
chrX	56400000	56500000	0	0.0	NA
chrX	56500000	56600000	0	0.0	NA
chrX	56600000	56700000	0	0.0	NA
chrX	56700000	56800000	0	0.0	NA
chrX	56800000	56900000	0	0.0	NA
chrX	56900000	57000000	0	0.0	NA
chrX	57000000	57100000	6010	1641.0	0.273044925125
chrX	57100000	57200000	2146	587.0	0.273532152842
chrX	57200000	57300000	0	0.0	NA
chrX	57300000	57400000	0	0.0	NA
chrX	57400000	57500000	0	0.0	NA
chrX	57500000	57600000	0	0.0	NA
chrX	57600000	57700000	0	0.0	NA
chrX	57700000	57800000	0	0.0	NA
chrX	57800000	57900000	1715	435.0	0.253644314869
chrX	57900000	58000000	0	0.0	NA
chrX	58000000	58100000	0	0.0	NA
chrX	58100000	58200000	0	0.0	NA
chrX	58200000	58300000	0	0.0	NA
chrX	58300000	58400000	0	0.0	NA
chrX	58400000	58500000	0	0.0	NA
chrX	58500000	58600000	0	0.0	NA
chrX	58600000	58700000	0	0.0	NA
chrX	58700000	58800000	0	0.0	NA
chrX	58800000	58900000	0	0.0	NA
chrX	58900000	59000000	0	0.0	NA
chrX	59000000	59100000	0	0.0	NA
chrX	59100000	59200000	0	0.0	NA
chrX	59200000	59300000	0	0.0	NA
chrX	59300000	59400000	0	0.0	NA
chrX	59400000	59500000	0	0.0	NA
chrX	59500000	59600000	0	0.0	NA
chrX	59600000	59700000	0	0.0	NA
chrX	59700000	59800000	0	0.0	NA
chrX	59800000	59900000	0	0.0	NA
chrX	59900000	60000000	0	0.0	NA
chrX	60000000	60100000	0	0.0	NA
chrX	60100000	60200000	0	0.0	NA
chrX	60200000	60300000	0	0.0	NA
chrX	60300000	60400000	0	0.0	NA
chrX	60400000	60500000	0	0.0	NA
chrX	60500000	60600000	0	0.0	NA
chrX	60600000	60700000	0	0.0	NA
chrX	60700000	60800000	0	0.0	NA
chrX	60800000	60900000	0	0.0	NA
chrX	60900000	61000000	0	0.0	NA
chrX	61000000	61100000	0	0.0	NA
chrX	61100000	61200000	0	0.0	NA
chrX	61200000	61300000	0	0.0	NA
chrX	61300000	61400000	0	0.0	NA
chrX	61400000	61500000	0	0.0	NA
chrX	61500000	61600000	0	0.0	NA
chrX	61600000	61700000	0	0.0	NA
chrX	61700000	61800000	0	0.0	NA
chrX	61800000	61900000	0	0.0	NA
chrX	61900000	62000000	0	0.0	NA
chrX	62000000	62100000	10270	2722.0	0.265043816943
chrX	62100000	62200000	0	0.0	NA
chrX	62200000	62300000	0	0.0	NA
chrX	62300000	62400000	0	0.0	NA
chrX	62400000	62500000	0	0.0	NA
chrX	62500000	62600000	0	0.0	NA
chrX	62600000	62700000	0	0.0	NA
chrX	62700000	62800000	0	0.0	NA
chrX	62800000	62900000	0	0.0	NA
chrX	62900000	63000000	0	0.0	NA
chrX	63000000	63100000	8996	2221.0	0.246887505558
chrX	63100000	63200000	8583	2275.0	0.265058837236
chrX	63200000	63300000	0	0.0	NA
chrX	63300000	63400000	1946	503.0	0.258478931141
chrX	63400000	63500000	0	0.0	NA
chrX	63500000	63600000	0	0.0	NA
chrX	63600000	63700000	2995	801.0	0.267445742905
chrX	63700000	63800000	0	0.0	NA
chrX	63800000	63900000	0	0.0	NA
chrX	63900000	64000000	0	0.0	NA
chrX	64000000	64100000	836	226.0	0.27033492823
chrX	64100000	64200000	0	0.0	NA
chrX	64200000	64300000	0	0.0	NA
chrX	64300000	64400000	2630	665.0	0.252851711027
chrX	64400000	64500000	1123	274.0	0.243989314337
chrX	64500000	64600000	6189	1562.0	0.252383260624
chrX	64600000	64700000	547	136.0	0.248628884826
chrX	64700000	64800000	0	0.0	NA
chrX	64800000	64900000	0	0.0	NA
chrX	64900000	65000000	0	0.0	NA
chrX	65000000	65100000	0	0.0	NA
chrX	65100000	65200000	902	231.0	0.256097560976
chrX	65200000	65300000	5021	1200.0	0.238996215893
chrX	65300000	65400000	0	0.0	NA
chrX	65400000	65500000	0	0.0	NA
chrX	65500000	65600000	0	0.0	NA
chrX	65600000	65700000	3074	829.0	0.269681197137
chrX	65700000	65800000	0	0.0	NA
chrX	65800000	65900000	0	0.0	NA
chrX	65900000	66000000	13175	3749.0	0.284554079696
chrX	66000000	66100000	14705	3901.0	0.265283917035
chrX	66100000	66200000	25480	6603.0	0.259144427002
chrX	66200000	66300000	13763	3740.0	0.271743079271
chrX	66300000	66400000	16579	4457.0	0.268834067193
chrX	66400000	66500000	3678	942.0	0.256117455139
chrX	66500000	66600000	20485	5484.0	0.267708079082
chrX	66600000	66700000	1190	328.0	0.275630252101
chrX	66700000	66800000	6346	1575.0	0.248187834857
chrX	66800000	66900000	0	0.0	NA
chrX	66900000	67000000	11174	2812.0	0.251655629139
chrX	67000000	67100000	5065	1252.0	0.247186574531
chrX	67100000	67200000	0	0.0	NA
chrX	67200000	67300000	0	0.0	NA
chrX	67300000	67400000	0	0.0	NA
chrX	67400000	67500000	0	0.0	NA
chrX	67500000	67600000	0	0.0	NA
chrX	67600000	67700000	0	0.0	NA
chrX	67700000	67800000	0	0.0	NA
chrX	67800000	67900000	0	0.0	NA
chrX	67900000	68000000	16152	4154.0	0.257181773155
chrX	68000000	68100000	16805	4066.0	0.24195180006
chrX	68100000	68200000	62739	14844.0	0.236599244489
chrX	68200000	68300000	69575	17324.0	0.248997484729
chrX	68300000	68400000	50322	12142.0	0.241286117404
chrX	68400000	68500000	31561	7571.0	0.239884667786
chrX	68500000	68600000	56796	13376.0	0.235509542926
chrX	68600000	68700000	41638	9247.0	0.222080791585
chrX	68700000	68800000	0	0.0	NA
chrX	68800000	68900000	296	64.0	0.216216216216
chrX	68900000	69000000	0	0.0	NA
chrX	69000000	69100000	0	0.0	NA
chrX	69100000	69200000	0	0.0	NA
chrX	69200000	69300000	0	0.0	NA
chrX	69300000	69400000	12599	2749.0	0.218191919994
chrX	69400000	69500000	0	0.0	NA
chrX	69500000	69600000	0	0.0	NA
chrX	69600000	69700000	0	0.0	NA
chrX	69700000	69800000	0	0.0	NA
chrX	69800000	69900000	0	0.0	NA
chrX	69900000	70000000	0	0.0	NA
chrX	70000000	70100000	0	0.0	NA
chrX	70100000	70200000	5610	1238.0	0.220677361854
chrX	70200000	70300000	2875	592.0	0.205913043478
chrX	70300000	70400000	0	0.0	NA
chrX	70400000	70500000	0	0.0	NA
chrX	70500000	70600000	0	0.0	NA
chrX	70600000	70700000	0	0.0	NA
chrX	70700000	70800000	0	0.0	NA
chrX	70800000	70900000	0	0.0	NA
chrX	70900000	71000000	0	0.0	NA
chrX	71000000	71100000	8894	2839.0	0.319203957724
chrX	71100000	71200000	451	98.0	0.217294900222
chrX	71200000	71300000	0	0.0	NA
chrX	71300000	71400000	0	0.0	NA
chrX	71400000	71500000	0	0.0	NA
chrX	71500000	71600000	0	0.0	NA
chrX	71600000	71700000	0	0.0	NA
chrX	71700000	71800000	0	0.0	NA
chrX	71800000	71900000	0	0.0	NA
chrX	71900000	72000000	0	0.0	NA
chrX	72000000	72100000	0	0.0	NA
chrX	72100000	72200000	0	0.0	NA
chrX	72200000	72300000	0	0.0	NA
chrX	72300000	72400000	0	0.0	NA
chrX	72400000	72500000	0	0.0	NA
chrX	72500000	72600000	239	63.0	0.26359832636
chrX	72600000	72700000	0	0.0	NA
chrX	72700000	72800000	0	0.0	NA
chrX	72800000	72900000	0	0.0	NA
chrX	72900000	73000000	2713	607.0	0.223737559897
chrX	73000000	73100000	0	0.0	NA
chrX	73100000	73200000	7483	1794.0	0.239743418415
chrX	73200000	73300000	0	0.0	NA
chrX	73300000	73400000	0	0.0	NA
chrX	73400000	73500000	0	0.0	NA
chrX	73500000	73600000	9176	2234.0	0.243461203139
chrX	73600000	73700000	0	0.0	NA
chrX	73700000	73800000	583	137.0	0.234991423671
chrX	73800000	73900000	60	17.0	0.283333333333
chrX	73900000	74000000	3202	799.0	0.249531542786
chrX	74000000	74100000	0	0.0	NA
chrX	74100000	74200000	9148	2093.0	0.228793178837
chrX	74200000	74300000	2326	557.0	0.239466895959
chrX	74300000	74400000	0	0.0	NA
chrX	74400000	74500000	1715	390.0	0.227405247813
chrX	74500000	74600000	0	0.0	NA
chrX	74600000	74700000	0	0.0	NA
chrX	74700000	74800000	0	0.0	NA
chrX	74800000	74900000	323	113.0	0.349845201238
chrX	74900000	75000000	0	0.0	NA
chrX	75000000	75100000	2731	835.0	0.30574880996
chrX	75100000	75200000	857	245.0	0.285880980163
chrX	75200000	75300000	790	222.0	0.281012658228
chrX	75300000	75400000	1149	303.0	0.263707571802
chrX	75400000	75500000	0	0.0	NA
chrX	75500000	75600000	0	0.0	NA
chrX	75600000	75700000	0	0.0	NA
chrX	75700000	75800000	0	0.0	NA
chrX	75800000	75900000	0	0.0	NA
chrX	75900000	76000000	0	0.0	NA
chrX	76000000	76100000	0	0.0	NA
chrX	76100000	76200000	0	0.0	NA
chrX	76200000	76300000	0	0.0	NA
chrX	76300000	76400000	8444	2171.0	0.257105637139
chrX	76400000	76500000	2081	484.0	0.232580490149
chrX	76500000	76600000	7363	1728.0	0.234686948255
chrX	76600000	76700000	19003	4076.0	0.214492448561
chrX	76700000	76800000	917	218.0	0.237731733915
chrX	76800000	76900000	0	0.0	NA
chrX	76900000	77000000	0	0.0	NA
chrX	77000000	77100000	0	0.0	NA
chrX	77100000	77200000	0	0.0	NA
chrX	77200000	77300000	0	0.0	NA
chrX	77300000	77400000	0	0.0	NA
chrX	77400000	77500000	0	0.0	NA
chrX	77500000	77600000	0	0.0	NA
chrX	77600000	77700000	1335	350.0	0.262172284644
chrX	77700000	77800000	0	0.0	NA
chrX	77800000	77900000	9213	2428.0	0.263540649083
chrX	77900000	78000000	16993	4207.0	0.247572529865
chrX	78000000	78100000	18647	4905.0	0.263044993833
chrX	78100000	78200000	3935	1110.0	0.28208386277
chrX	78200000	78300000	3065	747.0	0.243719412724
chrX	78300000	78400000	16166	4439.0	0.274588642831
chrX	78400000	78500000	2658	748.0	0.281414597442
chrX	78500000	78600000	15681	4077.0	0.259996173713
chrX	78600000	78700000	5102	1408.0	0.275970207762
chrX	78700000	78800000	0	0.0	NA
chrX	78800000	78900000	0	0.0	NA
chrX	78900000	79000000	0	0.0	NA
chrX	79000000	79100000	0	0.0	NA
chrX	79100000	79200000	0	0.0	NA
chrX	79200000	79300000	0	0.0	NA
chrX	79300000	79400000	0	0.0	NA
chrX	79400000	79500000	0	0.0	NA
chrX	79500000	79600000	0	0.0	NA
chrX	79600000	79700000	0	0.0	NA
chrX	79700000	79800000	0	0.0	NA
chrX	79800000	79900000	0	0.0	NA
chrX	79900000	80000000	0	0.0	NA
chrX	80000000	80100000	0	0.0	NA
chrX	80100000	80200000	0	0.0	NA
chrX	80200000	80300000	0	0.0	NA
chrX	80300000	80400000	1930	534.0	0.276683937824
chrX	80400000	80500000	0	0.0	NA
chrX	80500000	80600000	2382	644.0	0.270361041142
chrX	80600000	80700000	13568	3459.0	0.254938089623
chrX	80700000	80800000	1929	561.0	0.290824261275
chrX	80800000	80900000	0	0.0	NA
chrX	80900000	81000000	0	0.0	NA
chrX	81000000	81100000	6684	1869.0	0.279622980251
chrX	81100000	81200000	0	0.0	NA
chrX	81200000	81300000	0	0.0	NA
chrX	81300000	81400000	94	29.0	0.308510638298
chrX	81400000	81500000	6910	1982.0	0.286830680174
chrX	81500000	81600000	1948	533.0	0.273613963039
chrX	81600000	81700000	3049	767.0	0.251557887832
chrX	81700000	81800000	11137	3015.0	0.270719224208
chrX	81800000	81900000	1332	361.0	0.271021021021
chrX	81900000	82000000	21347	5128.0	0.240221108352
chrX	82000000	82100000	17690	4493.0	0.253985302431
chrX	82100000	82200000	3971	1157.0	0.291362377235
chrX	82200000	82300000	10155	2869.0	0.282520925652
chrX	82300000	82400000	8535	2485.0	0.29115407147
chrX	82400000	82500000	2501	676.0	0.270291883247
chrX	82500000	82600000	13366	3317.0	0.248166990872
chrX	82600000	82700000	11111	3015.0	0.271352713527
chrX	82700000	82800000	12010	3096.0	0.257785179017
chrX	82800000	82900000	6633	1826.0	0.275290215589
chrX	82900000	83000000	0	0.0	NA
chrX	83000000	83100000	2431	740.0	0.304401480872
chrX	83100000	83200000	0	0.0	NA
chrX	83200000	83300000	3147	823.0	0.261518906895
chrX	83300000	83400000	0	0.0	NA
chrX	83400000	83500000	0	0.0	NA
chrX	83500000	83600000	0	0.0	NA
chrX	83600000	83700000	0	0.0	NA
chrX	83700000	83800000	0	0.0	NA
chrX	83800000	83900000	7896	2056.0	0.260385005066
chrX	83900000	84000000	9538	2338.0	0.245124764101
chrX	84000000	84100000	7340	1650.0	0.224795640327
chrX	84100000	84200000	0	0.0	NA
chrX	84200000	84300000	0	0.0	NA
chrX	84300000	84400000	0	0.0	NA
chrX	84400000	84500000	0	0.0	NA
chrX	84500000	84600000	0	0.0	NA
chrX	84600000	84700000	0	0.0	NA
chrX	84700000	84800000	19264	4729.0	0.245483803987
chrX	84800000	84900000	13098	3306.0	0.25240494732
chrX	84900000	85000000	4457	1126.0	0.252636302446
chrX	85000000	85100000	0	0.0	NA
chrX	85100000	85200000	0	0.0	NA
chrX	85200000	85300000	0	0.0	NA
chrX	85300000	85400000	7963	1761.0	0.221147808615
chrX	85400000	85500000	0	0.0	NA
chrX	85500000	85600000	0	0.0	NA
chrX	85600000	85700000	0	0.0	NA
chrX	85700000	85800000	0	0.0	NA
chrX	85800000	85900000	0	0.0	NA
chrX	85900000	86000000	0	0.0	NA
chrX	86000000	86100000	0	0.0	NA
chrX	86100000	86200000	3741	963.0	0.257417802727
chrX	86200000	86300000	0	0.0	NA
chrX	86300000	86400000	2049	589.0	0.287457296242
chrX	86400000	86500000	0	0.0	NA
chrX	86500000	86600000	0	0.0	NA
chrX	86600000	86700000	7011	1915.0	0.273142205106
chrX	86700000	86800000	0	0.0	NA
chrX	86800000	86900000	0	0.0	NA
chrX	86900000	87000000	0	0.0	NA
chrX	87000000	87100000	0	0.0	NA
chrX	87100000	87200000	0	0.0	NA
chrX	87200000	87300000	0	0.0	NA
chrX	87300000	87400000	0	0.0	NA
chrX	87400000	87500000	0	0.0	NA
chrX	87500000	87600000	0	0.0	NA
chrX	87600000	87700000	6746	1902.0	0.281944856211
chrX	87700000	87800000	0	0.0	NA
chrX	87800000	87900000	0	0.0	NA
chrX	87900000	88000000	0	0.0	NA
chrX	88000000	88100000	0	0.0	NA
chrX	88100000	88200000	0	0.0	NA
chrX	88200000	88300000	0	0.0	NA
chrX	88300000	88400000	0	0.0	NA
chrX	88400000	88500000	0	0.0	NA
chrX	88500000	88600000	0	0.0	NA
chrX	88600000	88700000	0	0.0	NA
chrX	88700000	88800000	0	0.0	NA
chrX	88800000	88900000	0	0.0	NA
chrX	88900000	89000000	0	0.0	NA
chrX	89000000	89100000	0	0.0	NA
chrX	89100000	89200000	0	0.0	NA
chrX	89200000	89300000	0	0.0	NA
chrX	89300000	89400000	0	0.0	NA
chrX	89400000	89500000	479	127.0	0.265135699374
chrX	89500000	89600000	0	0.0	NA
chrX	89600000	89700000	0	0.0	NA
chrX	89700000	89800000	0	0.0	NA
chrX	89800000	89900000	0	0.0	NA
chrX	89900000	90000000	23	6.0	0.260869565217
chrX	90000000	90100000	0	0.0	NA
chrX	90100000	90200000	0	0.0	NA
chrX	90200000	90300000	0	0.0	NA
chrX	90300000	90400000	0	0.0	NA
chrX	90400000	90500000	0	0.0	NA
chrX	90500000	90600000	2461	708.0	0.287687931735
chrX	90600000	90700000	0	0.0	NA
chrX	90700000	90800000	649	201.0	0.309707241911
chrX	90800000	90900000	12	2.0	0.166666666667
chrX	90900000	91000000	280	57.0	0.203571428571
chrX	91000000	91100000	87	22.0	0.252873563218
chrX	91100000	91200000	0	0.0	NA
chrX	91200000	91300000	0	0.0	NA
chrX	91300000	91400000	0	0.0	NA
chrX	91400000	91500000	0	0.0	NA
chrX	91500000	91600000	0	0.0	NA
chrX	91600000	91700000	0	0.0	NA
chrX	91700000	91800000	0	0.0	NA
chrX	91800000	91900000	0	0.0	NA
chrX	91900000	92000000	79	22.0	0.278481012658
chrX	92000000	92100000	0	0.0	NA
chrX	92100000	92200000	0	0.0	NA
chrX	92200000	92300000	0	0.0	NA
chrX	92300000	92400000	0	0.0	NA
chrX	92400000	92500000	0	0.0	NA
chrX	92500000	92600000	0	0.0	NA
chrX	92600000	92700000	0	0.0	NA
chrX	92700000	92800000	0	0.0	NA
chrX	92800000	92900000	1984	512.0	0.258064516129
chrX	92900000	93000000	0	0.0	NA
chrX	93000000	93100000	0	0.0	NA
chrX	93100000	93200000	0	0.0	NA
chrX	93200000	93300000	0	0.0	NA
chrX	93300000	93400000	0	0.0	NA
chrX	93400000	93500000	0	0.0	NA
chrX	93500000	93600000	0	0.0	NA
chrX	93600000	93700000	0	0.0	NA
chrX	93700000	93800000	0	0.0	NA
chrX	93800000	93900000	0	0.0	NA
chrX	93900000	94000000	0	0.0	NA
chrX	94000000	94100000	0	0.0	NA
chrX	94100000	94200000	0	0.0	NA
chrX	94200000	94300000	0	0.0	NA
chrX	94300000	94400000	0	0.0	NA
chrX	94400000	94500000	0	0.0	NA
chrX	94500000	94600000	0	0.0	NA
chrX	94600000	94700000	0	0.0	NA
chrX	94700000	94800000	0	0.0	NA
chrX	94800000	94900000	0	0.0	NA
chrX	94900000	95000000	19368	4404.0	0.227385377943
chrX	95000000	95100000	24940	5797.0	0.232437850842
chrX	95100000	95200000	10618	2422.0	0.228103220946
chrX	95200000	95300000	14356	3307.0	0.230356645305
chrX	95300000	95400000	5463	1327.0	0.24290682775
chrX	95400000	95500000	0	0.0	NA
chrX	95500000	95600000	12211	2963.0	0.242650069609
chrX	95600000	95700000	21807	4592.0	0.210574586142
chrX	95700000	95800000	12947	2772.0	0.214103653356
chrX	95800000	95900000	23323	4837.0	0.20739184496
chrX	95900000	96000000	6644	1621.0	0.243979530403
chrX	96000000	96100000	0	0.0	NA
chrX	96100000	96200000	0	0.0	NA
chrX	96200000	96300000	0	0.0	NA
chrX	96300000	96400000	0	0.0	NA
chrX	96400000	96500000	0	0.0	NA
chrX	96500000	96600000	0	0.0	NA
chrX	96600000	96700000	0	0.0	NA
chrX	96700000	96800000	0	0.0	NA
chrX	96800000	96900000	0	0.0	NA
chrX	96900000	97000000	42960	9481.0	0.220693668529
chrX	97000000	97100000	43631	9728.0	0.222960738924
chrX	97100000	97200000	42547	9059.0	0.212917479493
chrX	97200000	97300000	21261	4864.0	0.228775692583
chrX	97300000	97400000	26858	6286.0	0.234045721945
chrX	97400000	97500000	40320	8813.0	0.218576388889
chrX	97500000	97600000	26930	5967.0	0.221574452284
chrX	97600000	97700000	24620	5594.0	0.227213647441
chrX	97700000	97800000	34201	8117.0	0.237332241747
chrX	97800000	97900000	2345	581.0	0.24776119403
chrX	97900000	98000000	0	0.0	NA
chrX	98000000	98100000	0	0.0	NA
chrX	98100000	98200000	22158	5402.0	0.243794566297
chrX	98200000	98300000	42615	9968.0	0.233908248269
chrX	98300000	98400000	33489	8014.0	0.239302457523
chrX	98400000	98500000	23644	5735.0	0.242556251057
chrX	98500000	98600000	28566	6802.0	0.238115241896
chrX	98600000	98700000	5077	1524.0	0.300177270041
chrX	98700000	98800000	0	0.0	NA
chrX	98800000	98900000	0	0.0	NA
chrX	98900000	99000000	0	0.0	NA
chrX	99000000	99100000	0	0.0	NA
chrX	99100000	99200000	0	0.0	NA
chrX	99200000	99300000	44309	10487.0	0.236678778578
chrX	99300000	99400000	27759	6425.0	0.23145646457
chrX	99400000	99500000	43260	9367.0	0.216527970411
chrX	99500000	99600000	8431	1800.0	0.213497805717
chrX	99600000	99700000	11139	2125.0	0.190771164377
chrX	99700000	99800000	38254	8344.0	0.218120980812
chrX	99800000	99900000	4506	990.0	0.219707057257
chrX	99900000	100000000	0	0.0	NA
chrX	100000000	100100000	2242	538.0	0.239964317574
chrX	100100000	100200000	0	0.0	NA
chrX	100200000	100300000	0	0.0	NA
chrX	100300000	100400000	0	0.0	NA
chrX	100400000	100500000	0	0.0	NA
chrX	100500000	100600000	0	0.0	NA
chrX	100600000	100700000	0	0.0	NA
chrX	100700000	100800000	0	0.0	NA
chrX	100800000	100900000	485	103.0	0.212371134021
chrX	100900000	101000000	13840	3090.0	0.223265895954
chrX	101000000	101100000	25422	5819.0	0.22889623161
chrX	101100000	101200000	0	0.0	NA
chrX	101200000	101300000	619	147.0	0.237479806139
chrX	101300000	101400000	274	78.0	0.284671532847
chrX	101400000	101500000	3058	695.0	0.227272727273
chrX	101500000	101600000	0	0.0	NA
chrX	101600000	101700000	0	0.0	NA
chrX	101700000	101800000	0	0.0	NA
chrX	101800000	101900000	0	0.0	NA
chrX	101900000	102000000	0	0.0	NA
chrX	102000000	102100000	0	0.0	NA
chrX	102100000	102200000	0	0.0	NA
chrX	102200000	102300000	0	0.0	NA
chrX	102300000	102400000	0	0.0	NA
chrX	102400000	102500000	716	169.0	0.236033519553
chrX	102500000	102600000	0	0.0	NA
chrX	102600000	102700000	0	0.0	NA
chrX	102700000	102800000	6789	2070.0	0.304904993372
chrX	102800000	102900000	0	0.0	NA
chrX	102900000	103000000	0	0.0	NA
chrX	103000000	103100000	4446	1084.0	0.243814664867
chrX	103100000	103200000	0	0.0	NA
chrX	103200000	103300000	0	0.0	NA
chrX	103300000	103400000	0	0.0	NA
chrX	103400000	103500000	5722	1319.0	0.230513806361
chrX	103500000	103600000	39744	8519.0	0.214346819646
chrX	103600000	103700000	46745	10831.0	0.231703925554
chrX	103700000	103800000	43655	10117.0	0.231748940557
chrX	103800000	103900000	0	0.0	NA
chrX	103900000	104000000	0	0.0	NA
chrX	104000000	104100000	0	0.0	NA
chrX	104100000	104200000	0	0.0	NA
chrX	104200000	104300000	0	0.0	NA
chrX	104300000	104400000	0	0.0	NA
chrX	104400000	104500000	0	0.0	NA
chrX	104500000	104600000	0	0.0	NA
chrX	104600000	104700000	0	0.0	NA
chrX	104700000	104800000	0	0.0	NA
chrX	104800000	104900000	0	0.0	NA
chrX	104900000	105000000	0	0.0	NA
chrX	105000000	105100000	6386	1490.0	0.23332289383
chrX	105100000	105200000	0	0.0	NA
chrX	105200000	105300000	9223	2337.0	0.253388268459
chrX	105300000	105400000	11054	3002.0	0.271575900127
chrX	105400000	105500000	3625	930.0	0.256551724138
chrX	105500000	105600000	16833	4282.0	0.254381274877
chrX	105600000	105700000	23416	6333.0	0.270456098394
chrX	105700000	105800000	13419	3637.0	0.271033609062
chrX	105800000	105900000	4671	1052.0	0.225219439092
chrX	105900000	106000000	0	0.0	NA
chrX	106000000	106100000	0	0.0	NA
chrX	106100000	106200000	0	0.0	NA
chrX	106200000	106300000	7795	1774.0	0.227581783194
chrX	106300000	106400000	0	0.0	NA
chrX	106400000	106500000	0	0.0	NA
chrX	106500000	106600000	45895	10125.0	0.220612267131
chrX	106600000	106700000	31429	6975.0	0.22192879188
chrX	106700000	106800000	26851	6302.0	0.234702618152
chrX	106800000	106900000	0	0.0	NA
chrX	106900000	107000000	14619	3726.0	0.254873794377
chrX	107000000	107100000	0	0.0	NA
chrX	107100000	107200000	0	0.0	NA
chrX	107200000	107300000	3502	855.0	0.24414620217
chrX	107300000	107400000	0	0.0	NA
chrX	107400000	107500000	0	0.0	NA
chrX	107500000	107600000	0	0.0	NA
chrX	107600000	107700000	0	0.0	NA
chrX	107700000	107800000	0	0.0	NA
chrX	107800000	107900000	0	0.0	NA
chrX	107900000	108000000	0	0.0	NA
chrX	108000000	108100000	5312	1214.0	0.228539156627
chrX	108100000	108200000	18247	4512.0	0.247273524415
chrX	108200000	108300000	11347	2541.0	0.223935842073
chrX	108300000	108400000	17515	3866.0	0.220725092778
chrX	108400000	108500000	14959	3659.0	0.244601911893
chrX	108500000	108600000	32571	7452.0	0.228792484112
chrX	108600000	108700000	0	0.0	NA
chrX	108700000	108800000	0	0.0	NA
chrX	108800000	108900000	12142	3007.0	0.24765277549
chrX	108900000	109000000	0	0.0	NA
chrX	109000000	109100000	48291	11828.0	0.244931767824
chrX	109100000	109200000	46349	11594.0	0.25014563421
chrX	109200000	109300000	10220	2452.0	0.239921722114
chrX	109300000	109400000	0	0.0	NA
chrX	109400000	109500000	0	0.0	NA
chrX	109500000	109600000	0	0.0	NA
chrX	109600000	109700000	0	0.0	NA
chrX	109700000	109800000	8857	2115.0	0.2387941741
chrX	109800000	109900000	19870	4553.0	0.22913940614
chrX	109900000	110000000	0	0.0	NA
chrX	110000000	110100000	19294	4899.0	0.253913133617
chrX	110100000	110200000	28745	6995.0	0.243346668986
chrX	110200000	110300000	0	0.0	NA
chrX	110300000	110400000	0	0.0	NA
chrX	110400000	110500000	0	0.0	NA
chrX	110500000	110600000	0	0.0	NA
chrX	110600000	110700000	7518	1796.0	0.238893322692
chrX	110700000	110800000	23639	5485.0	0.232031811836
chrX	110800000	110900000	4755	1063.0	0.223554153523
chrX	110900000	111000000	0	0.0	NA
chrX	111000000	111100000	0	0.0	NA
chrX	111100000	111200000	0	0.0	NA
chrX	111200000	111300000	0	0.0	NA
chrX	111300000	111400000	0	0.0	NA
chrX	111400000	111500000	0	0.0	NA
chrX	111500000	111600000	0	0.0	NA
chrX	111600000	111700000	0	0.0	NA
chrX	111700000	111800000	18740	4539.0	0.242209178228
chrX	111800000	111900000	11685	2837.0	0.242789901583
chrX	111900000	112000000	25032	5983.0	0.239014062001
chrX	112000000	112100000	0	0.0	NA
chrX	112100000	112200000	27474	6026.0	0.219334643663
chrX	112200000	112300000	12547	2926.0	0.233203156133
chrX	112300000	112400000	0	0.0	NA
chrX	112400000	112500000	0	0.0	NA
chrX	112500000	112600000	0	0.0	NA
chrX	112600000	112700000	0	0.0	NA
chrX	112700000	112800000	7142	1653.0	0.231447773733
chrX	112800000	112900000	6447	1509.0	0.234062354584
chrX	112900000	113000000	0	0.0	NA
chrX	113000000	113100000	0	0.0	NA
chrX	113100000	113200000	0	0.0	NA
chrX	113200000	113300000	2043	468.0	0.229074889868
chrX	113300000	113400000	41405	9350.0	0.225818137906
chrX	113400000	113500000	34522	8342.0	0.241643010254
chrX	113500000	113600000	25330	5960.0	0.235294117647
chrX	113600000	113700000	38165	8941.0	0.234272238962
chrX	113700000	113800000	36635	8374.0	0.228579227515
chrX	113800000	113900000	0	0.0	NA
chrX	113900000	114000000	0	0.0	NA
chrX	114000000	114100000	0	0.0	NA
chrX	114100000	114200000	6326	1460.0	0.230793550427
chrX	114200000	114300000	13381	2998.0	0.224049024737
chrX	114300000	114400000	6611	1468.0	0.222054152171
chrX	114400000	114500000	5951	1286.0	0.216098134767
chrX	114500000	114600000	26478	5782.0	0.21836996752
chrX	114600000	114700000	56158	12630.0	0.224901171694
chrX	114700000	114800000	14661	3332.0	0.227269626901
chrX	114800000	114900000	0	0.0	NA
chrX	114900000	115000000	286	70.0	0.244755244755
chrX	115000000	115100000	0	0.0	NA
chrX	115100000	115200000	6312	1471.0	0.233048162231
chrX	115200000	115300000	12110	2907.0	0.24004954583
chrX	115300000	115400000	17955	4258.0	0.237148426622
chrX	115400000	115500000	40864	9937.0	0.24317247455
chrX	115500000	115600000	9377	2272.0	0.242294977072
chrX	115600000	115700000	10908	2720.0	0.24935826916
chrX	115700000	115800000	16653	4106.0	0.246562180988
chrX	115800000	115900000	7813	1876.0	0.240112632792
chrX	115900000	116000000	2134	553.0	0.259137769447
chrX	116000000	116100000	20545	5227.0	0.254417133122
chrX	116100000	116200000	37592	9934.0	0.264258352841
chrX	116200000	116300000	34600	8650.0	0.25
chrX	116300000	116400000	17869	4183.0	0.234092562538
chrX	116400000	116500000	26005	5780.0	0.222264949048
chrX	116500000	116600000	36829	8659.0	0.235113633278
chrX	116600000	116700000	45760	11201.0	0.244777097902
chrX	116700000	116800000	34902	9214.0	0.263996332588
chrX	116800000	116900000	40779	10315.0	0.252948821697
chrX	116900000	117000000	42385	10766.0	0.254004954583
chrX	117000000	117100000	3282	803.0	0.244667885436
chrX	117100000	117200000	0	0.0	NA
chrX	117200000	117300000	14233	3367.0	0.236562917164
chrX	117300000	117400000	56846	12510.0	0.220068254583
chrX	117400000	117500000	15219	3330.0	0.218805440568
chrX	117500000	117600000	0	0.0	NA
chrX	117600000	117700000	1597	401.0	0.251095804634
chrX	117700000	117800000	0	0.0	NA
chrX	117800000	117900000	741	153.0	0.206477732794
chrX	117900000	118000000	0	0.0	NA
chrX	118000000	118100000	3955	902.0	0.22806573957
chrX	118100000	118200000	5524	1432.0	0.259232440261
chrX	118200000	118300000	0	0.0	NA
chrX	118300000	118400000	21966	5525.0	0.251525084221
chrX	118400000	118500000	4016	1078.0	0.268426294821
chrX	118500000	118600000	0	0.0	NA
chrX	118600000	118700000	11658	3038.0	0.260593583805
chrX	118700000	118800000	0	0.0	NA
chrX	118800000	118900000	4172	1007.0	0.241371045062
chrX	118900000	119000000	782	203.0	0.259590792839
chrX	119000000	119100000	0	0.0	NA
chrX	119100000	119200000	8786	2426.0	0.276121101753
chrX	119200000	119300000	0	0.0	NA
chrX	119300000	119400000	2759	695.0	0.251902863356
chrX	119400000	119500000	4049	880.0	0.217337614226
chrX	119500000	119600000	0	0.0	NA
chrX	119600000	119700000	2871	612.0	0.213166144201
chrX	119700000	119800000	6533	1354.0	0.207255472218
chrX	119800000	119900000	36119	7865.0	0.217752429469
chrX	119900000	120000000	39103	8146.0	0.208321612153
chrX	120000000	120100000	0	0.0	NA
chrX	120100000	120200000	10544	2316.0	0.219650986343
chrX	120200000	120300000	35132	8161.0	0.232295343277
chrX	120300000	120400000	33589	8595.0	0.255887344071
chrX	120400000	120500000	18993	4829.0	0.254251566367
chrX	120500000	120600000	23573	6654.0	0.282272090952
chrX	120600000	120700000	34403	9952.0	0.289277097928
chrX	120700000	120800000	43117	11930.0	0.276689008976
chrX	120800000	120900000	22909	6285.0	0.274346326771
chrX	120900000	121000000	17715	4759.0	0.268642393452
chrX	121000000	121100000	15945	3898.0	0.244465349639
chrX	121100000	121200000	30220	7326.0	0.242422236929
chrX	121200000	121300000	17519	4369.0	0.249386380501
chrX	121300000	121400000	23454	5645.0	0.240683891873
chrX	121400000	121500000	16247	4004.0	0.24644549763
chrX	121500000	121600000	16937	4223.0	0.24933577375
chrX	121600000	121700000	15633	3441.0	0.220111303013
chrX	121700000	121800000	32529	7176.0	0.220603154109
chrX	121800000	121900000	24408	5624.0	0.230416256965
chrX	121900000	122000000	21840	4994.0	0.228663003663
chrX	122000000	122100000	40350	9062.0	0.22458488228
chrX	122100000	122200000	52481	11472.0	0.218593395705
chrX	122200000	122300000	39427	8166.0	0.207116950313
chrX	122300000	122400000	0	0.0	NA
chrX	122400000	122500000	0	0.0	NA
chrX	122500000	122600000	0	0.0	NA
chrX	122600000	122700000	7433	1601.0	0.215390824701
chrX	122700000	122800000	0	0.0	NA
chrX	122800000	122900000	0	0.0	NA
chrX	122900000	123000000	8274	1832.0	0.221416485376
chrX	123000000	123100000	623	152.0	0.243980738363
chrX	123100000	123200000	0	0.0	NA
chrX	123200000	123300000	0	0.0	NA
chrX	123300000	123400000	28431	5831.0	0.205093032254
chrX	123400000	123500000	24685	5299.0	0.21466477618
chrX	123500000	123600000	0	0.0	NA
chrX	123600000	123700000	0	0.0	NA
chrX	123700000	123800000	0	0.0	NA
chrX	123800000	123900000	0	0.0	NA
chrX	123900000	124000000	0	0.0	NA
chrX	124000000	124100000	0	0.0	NA
chrX	124100000	124200000	55926	11822.0	0.211386474985
chrX	124200000	124300000	72471	14891.0	0.205475293566
chrX	124300000	124400000	60470	11896.0	0.196725649082
chrX	124400000	124500000	5036	1172.0	0.232724384432
chrX	124500000	124600000	43104	10097.0	0.234247401633
chrX	124600000	124700000	32523	7791.0	0.239553546721
chrX	124700000	124800000	10422	2431.0	0.233256572635
chrX	124800000	124900000	17421	4031.0	0.231387406004
chrX	124900000	125000000	30411	7460.0	0.245305974812
chrX	125000000	125100000	11249	2885.0	0.256467241533
chrX	125100000	125200000	14263	3294.0	0.230947206058
chrX	125200000	125300000	9017	2108.0	0.233780636575
chrX	125300000	125400000	28285	6789.0	0.240021212657
chrX	125400000	125500000	34949	8649.0	0.247474891985
chrX	125500000	125600000	21965	5295.0	0.241065331209
chrX	125600000	125700000	9671	2349.0	0.242891117775
chrX	125700000	125800000	31865	7820.0	0.245410324808
chrX	125800000	125900000	24262	5944.0	0.244992168824
chrX	125900000	126000000	16717	3911.0	0.233953460549
chrX	126000000	126100000	17647	4234.0	0.239927466425
chrX	126100000	126200000	23273	5979.0	0.256907145619
chrX	126200000	126300000	19638	5052.0	0.257256339749
chrX	126300000	126400000	20026	5127.0	0.256017177669
chrX	126400000	126500000	24938	6513.0	0.261167695886
chrX	126500000	126600000	25283	6578.0	0.260174821026
chrX	126600000	126700000	20802	5485.0	0.263676569561
chrX	126700000	126800000	13558	3501.0	0.258223926833
chrX	126800000	126900000	13857	3571.0	0.257703687667
chrX	126900000	127000000	15734	4245.0	0.26979788992
chrX	127000000	127100000	18706	5139.0	0.274724687266
chrX	127100000	127200000	9848	2677.0	0.271831844029
chrX	127200000	127300000	370	122.0	0.32972972973
chrX	127300000	127400000	10216	3044.0	0.297963978074
chrX	127400000	127500000	6719	1634.0	0.243190951034
chrX	127500000	127600000	0	0.0	NA
chrX	127600000	127700000	0	0.0	NA
chrX	127700000	127800000	28226	6399.0	0.226705874017
chrX	127800000	127900000	45470	10093.0	0.22197053002
chrX	127900000	128000000	47798	10722.0	0.224319009164
chrX	128000000	128100000	63859	14221.0	0.222693747162
chrX	128100000	128200000	49409	10922.0	0.221052844623
chrX	128200000	128300000	64002	12766.0	0.199462516796
chrX	128300000	128400000	49024	10229.0	0.2086529047
chrX	128400000	128500000	31012	6766.0	0.218173610215
chrX	128500000	128600000	19427	4042.0	0.208060946106
chrX	128600000	128700000	0	0.0	NA
chrX	128700000	128800000	8424	2087.0	0.247744539411
chrX	128800000	128900000	23981	5904.0	0.246194904299
chrX	128900000	129000000	0	0.0	NA
chrX	129000000	129100000	0	0.0	NA
chrX	129100000	129200000	0	0.0	NA
chrX	129200000	129300000	0	0.0	NA
chrX	129300000	129400000	0	0.0	NA
chrX	129400000	129500000	779	173.0	0.222079589217
chrX	129500000	129600000	7184	1379.0	0.191954342984
chrX	129600000	129700000	15405	3315.0	0.215189873418
chrX	129700000	129800000	14037	3183.0	0.226757854242
chrX	129800000	129900000	0	0.0	NA
chrX	129900000	130000000	0	0.0	NA
chrX	130000000	130100000	3093	675.0	0.218234723569
chrX	130100000	130200000	0	0.0	NA
chrX	130200000	130300000	0	0.0	NA
chrX	130300000	130400000	59846	13201.0	0.220582829262
chrX	130400000	130500000	0	0.0	NA
chrX	130500000	130600000	0	0.0	NA
chrX	130600000	130700000	0	0.0	NA
chrX	130700000	130800000	29013	6648.0	0.229138661979
chrX	130800000	130900000	0	0.0	NA
chrX	130900000	131000000	7193	1920.0	0.266926178229
chrX	131000000	131100000	13422	3245.0	0.241767247802
chrX	131100000	131200000	4507	1000.0	0.221877080098
chrX	131200000	131300000	0	0.0	NA
chrX	131300000	131400000	12504	3046.0	0.243602047345
chrX	131400000	131500000	0	0.0	NA
chrX	131500000	131600000	0	0.0	NA
chrX	131600000	131700000	22796	5532.0	0.24267415336
chrX	131700000	131800000	4544	1140.0	0.25088028169
chrX	131800000	131900000	0	0.0	NA
chrX	131900000	132000000	0	0.0	NA
chrX	132000000	132100000	0	0.0	NA
chrX	132100000	132200000	17645	4206.0	0.238367809578
chrX	132200000	132300000	7711	1719.0	0.222928284269
chrX	132300000	132400000	19285	4478.0	0.232201192637
chrX	132400000	132500000	4131	966.0	0.233841684822
chrX	132500000	132600000	10326	2378.0	0.230292465621
chrX	132600000	132700000	23043	5442.0	0.236167165734
chrX	132700000	132800000	0	0.0	NA
chrX	132800000	132900000	0	0.0	NA
chrX	132900000	133000000	0	0.0	NA
chrX	133000000	133100000	0	0.0	NA
chrX	133100000	133200000	22944	4859.0	0.211776499303
chrX	133200000	133300000	10385	2435.0	0.234472797304
chrX	133300000	133400000	14	3.0	0.214285714286
chrX	133400000	133500000	10402	2453.0	0.235820034609
chrX	133500000	133600000	0	0.0	NA
chrX	133600000	133700000	0	0.0	NA
chrX	133700000	133800000	0	0.0	NA
chrX	133800000	133900000	0	0.0	NA
chrX	133900000	134000000	0	0.0	NA
chrX	134000000	134100000	0	0.0	NA
chrX	134100000	134200000	0	0.0	NA
chrX	134200000	134300000	0	0.0	NA
chrX	134300000	134400000	0	0.0	NA
chrX	134400000	134500000	0	0.0	NA
chrX	134500000	134600000	2012	681.0	0.338469184891
chrX	134600000	134700000	12959	3135.0	0.241916814569
chrX	134700000	134800000	5765	1877.0	0.325585429315
chrX	134800000	134900000	1794	518.0	0.288740245262
chrX	134900000	135000000	0	0.0	NA
chrX	135000000	135100000	0	0.0	NA
chrX	135100000	135200000	12871	3043.0	0.236422966358
chrX	135200000	135300000	0	0.0	NA
chrX	135300000	135400000	3858	1056.0	0.273716951788
chrX	135400000	135500000	0	0.0	NA
chrX	135500000	135600000	11684	2529.0	0.216449845943
chrX	135600000	135700000	7993	2088.0	0.261228575003
chrX	135700000	135800000	1295	277.0	0.2138996139
chrX	135800000	135900000	0	0.0	NA
chrX	135900000	136000000	0	0.0	NA
chrX	136000000	136100000	0	0.0	NA
chrX	136100000	136200000	40330	8981.0	0.22268782544
chrX	136200000	136300000	46758	10391.0	0.222229351127
chrX	136300000	136400000	57902	13645.0	0.23565679942
chrX	136400000	136500000	55929	13170.0	0.235477122781
chrX	136500000	136600000	54246	12848.0	0.236846956458
chrX	136600000	136700000	11664	2668.0	0.228737997257
chrX	136700000	136800000	0	0.0	NA
chrX	136800000	136900000	0	0.0	NA
chrX	136900000	137000000	0	0.0	NA
chrX	137000000	137100000	11338	2434.0	0.214676309755
chrX	137100000	137200000	23138	5758.0	0.2488546979
chrX	137200000	137300000	36987	8487.0	0.229458999108
chrX	137300000	137400000	55315	12869.0	0.23264937178
chrX	137400000	137500000	26595	6298.0	0.23681143072
chrX	137500000	137600000	39045	9457.0	0.242207709054
chrX	137600000	137700000	29370	6855.0	0.233401430031
chrX	137700000	137800000	0	0.0	NA
chrX	137800000	137900000	0	0.0	NA
chrX	137900000	138000000	0	0.0	NA
chrX	138000000	138100000	0	0.0	NA
chrX	138100000	138200000	0	0.0	NA
chrX	138200000	138300000	0	0.0	NA
chrX	138300000	138400000	38521	8987.0	0.233301316165
chrX	138400000	138500000	20254	4695.0	0.231806063
chrX	138500000	138600000	30807	6977.0	0.226474502548
chrX	138600000	138700000	0	0.0	NA
chrX	138700000	138800000	0	0.0	NA
chrX	138800000	138900000	0	0.0	NA
chrX	138900000	139000000	0	0.0	NA
chrX	139000000	139100000	279	52.0	0.186379928315
chrX	139100000	139200000	17936	3788.0	0.211195361285
chrX	139200000	139300000	40161	8567.0	0.213316401484
chrX	139300000	139400000	23292	4938.0	0.212004121587
chrX	139400000	139500000	24880	5490.0	0.220659163987
chrX	139500000	139600000	4532	1183.0	0.261032656664
chrX	139600000	139700000	46606	10126.0	0.217268162897
chrX	139700000	139800000	16171	3589.0	0.221940510791
chrX	139800000	139900000	816	190.0	0.232843137255
chrX	139900000	140000000	31980	7445.0	0.232801751094
chrX	140000000	140100000	0	0.0	NA
chrX	140100000	140200000	0	0.0	NA
chrX	140200000	140300000	6190	1458.0	0.235541195477
chrX	140300000	140400000	6148	1406.0	0.228692257645
chrX	140400000	140500000	0	0.0	NA
chrX	140500000	140600000	0	0.0	NA
chrX	140600000	140700000	0	0.0	NA
chrX	140700000	140800000	5362	1305.0	0.243379336069
chrX	140800000	140900000	40519	9773.0	0.241195488536
chrX	140900000	141000000	2072	586.0	0.282818532819
chrX	141000000	141100000	30072	7561.0	0.25142990157
chrX	141100000	141200000	39579	9805.0	0.247732383335
chrX	141200000	141300000	12269	3640.0	0.296682696226
chrX	141300000	141400000	34860	8740.0	0.250717154332
chrX	141400000	141500000	21660	5391.0	0.248891966759
chrX	141500000	141600000	44057	11253.0	0.255419116145
chrX	141600000	141700000	31940	8119.0	0.254195366312
chrX	141700000	141800000	36284	9051.0	0.249448792856
chrX	141800000	141900000	24625	6601.0	0.268060913706
chrX	141900000	142000000	24612	6383.0	0.259345034942
chrX	142000000	142100000	37438	10049.0	0.268417116299
chrX	142100000	142200000	5658	1550.0	0.273948391658
chrX	142200000	142300000	22135	5942.0	0.268443641292
chrX	142300000	142400000	24896	6631.0	0.266348007712
chrX	142400000	142500000	0	0.0	NA
chrX	142500000	142600000	0	0.0	NA
chrX	142600000	142700000	18079	4384.0	0.242491288235
chrX	142700000	142800000	13366	3121.0	0.233502917851
chrX	142800000	142900000	0	0.0	NA
chrX	142900000	143000000	8937	2182.0	0.244153519078
chrX	143000000	143100000	28119	7106.0	0.252711689605
chrX	143100000	143200000	31405	8081.0	0.257315714058
chrX	143200000	143300000	583	157.0	0.269296740995
chrX	143300000	143400000	30767	8255.0	0.268306952254
chrX	143400000	143500000	20962	5575.0	0.265957446809
chrX	143500000	143600000	20291	5397.0	0.265979991129
chrX	143600000	143700000	34176	8951.0	0.261908941948
chrX	143700000	143800000	40924	10243.0	0.250293226469
chrX	143800000	143900000	20414	5304.0	0.259821690996
chrX	143900000	144000000	19631	4807.0	0.244867811115
chrX	144000000	144100000	19282	4632.0	0.240224043149
chrX	144100000	144200000	26326	6421.0	0.243903365494
chrX	144200000	144300000	41448	10047.0	0.242400115808
chrX	144300000	144400000	5084	1264.0	0.248623131393
chrX	144400000	144500000	27083	6555.0	0.242033748108
chrX	144500000	144600000	32886	7886.0	0.239798090373
chrX	144600000	144700000	33275	8059.0	0.242193839219
chrX	144700000	144800000	38498	9575.0	0.24871421892
chrX	144800000	144900000	23530	5896.0	0.250573735657
chrX	144900000	145000000	24486	6149.0	0.251123090746
chrX	145000000	145100000	3873	1054.0	0.272140459592
chrX	145100000	145200000	25997	6402.0	0.246259183752
chrX	145200000	145300000	49946	13444.0	0.269170704361
chrX	145300000	145400000	28663	7819.0	0.272790705788
chrX	145400000	145500000	38392	9830.0	0.25604292561
chrX	145500000	145600000	17458	4579.0	0.262286630771
chrX	145600000	145700000	30534	7725.0	0.252996659462
chrX	145700000	145800000	33180	8479.0	0.255545509343
chrX	145800000	145900000	24462	5995.0	0.245073992315
chrX	145900000	146000000	32921	8035.0	0.244069135202
chrX	146000000	146100000	18145	4501.0	0.248057316065
chrX	146100000	146200000	31689	7814.0	0.246583988135
chrX	146200000	146300000	2639	678.0	0.256915498295
chrX	146300000	146400000	2108	489.0	0.231973434535
chrX	146400000	146500000	43143	10528.0	0.244025682034
chrX	146500000	146600000	36972	8739.0	0.236368062317
chrX	146600000	146700000	51853	12738.0	0.245655989046
chrX	146700000	146800000	43249	10491.0	0.242572082592
chrX	146800000	146900000	54046	12418.0	0.229767235318
chrX	146900000	147000000	10212	2246.0	0.219937328633
chrX	147000000	147100000	0	0.0	NA
chrX	147100000	147200000	33467	7397.0	0.221023694983
chrX	147200000	147300000	49484	10344.0	0.20903726457
chrX	147300000	147400000	49332	11463.0	0.232364388227
chrX	147400000	147500000	37436	8826.0	0.235762367774
chrX	147500000	147600000	44664	10633.0	0.238066451728
chrX	147600000	147700000	0	0.0	NA
chrX	147700000	147800000	0	0.0	NA
chrX	147800000	147900000	0	0.0	NA
chrX	147900000	148000000	0	0.0	NA
chrX	148000000	148100000	0	0.0	NA
chrX	148100000	148200000	28763	6900.0	0.239891527309
chrX	148200000	148300000	32229	7050.0	0.218747091129
chrX	148300000	148400000	38642	9018.0	0.233373013819
chrX	148400000	148500000	26504	6621.0	0.24981134923
chrX	148500000	148600000	11060	2753.0	0.248915009042
chrX	148600000	148700000	0	0.0	NA
chrX	148700000	148800000	997	431.0	0.432296890672
chrX	148800000	148900000	1135	416.0	0.366519823789
chrX	148900000	149000000	0	0.0	NA
chrX	149000000	149100000	0	0.0	NA
chrX	149100000	149200000	0	0.0	NA
chrX	149200000	149300000	0	0.0	NA
chrX	149300000	149400000	0	0.0	NA
chrX	149400000	149500000	49254	12832.0	0.260527063792
chrX	149500000	149600000	6890	1853.0	0.268940493469
chrX	149600000	149700000	0	0.0	NA
chrX	149700000	149800000	7691	2357.0	0.306462098557
chrX	149800000	149900000	0	0.0	NA
chrX	149900000	150000000	0	0.0	NA
chrX	150000000	150100000	0	0.0	NA
chrX	150100000	150200000	0	0.0	NA
chrX	150200000	150300000	18290	4308.0	0.235538545653
chrX	150300000	150400000	3837	967.0	0.252019807141
chrX	150400000	150500000	50474	11267.0	0.223223838016
chrX	150500000	150600000	24047	5858.0	0.243606271053
chrX	150600000	150700000	10848	2501.0	0.230549410029
chrX	150700000	150800000	0	0.0	NA
chrX	150800000	150900000	0	0.0	NA
chrX	150900000	151000000	48126	11914.0	0.247558492291
chrX	151000000	151100000	18460	4614.0	0.249945828819
chrX	151100000	151200000	7534	1813.0	0.240642421025
chrX	151200000	151300000	4564	1156.0	0.25328659071
chrX	151300000	151400000	0	0.0	NA
chrX	151400000	151500000	0	0.0	NA
chrX	151500000	151600000	0	0.0	NA
chrX	151600000	151700000	12029	2879.0	0.239338265858
chrX	151700000	151800000	38262	8723.0	0.227980764205
chrX	151800000	151900000	0	0.0	NA
chrX	151900000	152000000	3659	869.0	0.237496583766
chrX	152000000	152100000	3851	1019.0	0.264606595689
chrX	152100000	152200000	2887	835.0	0.289227571874
chrX	152200000	152300000	895	319.0	0.356424581006
chrX	152300000	152400000	373	127.0	0.340482573727
chrX	152400000	152500000	0	0.0	NA
chrX	152500000	152600000	1302	474.0	0.364055299539
chrX	152600000	152700000	0	0.0	NA
chrX	152700000	152800000	0	0.0	NA
chrX	152800000	152900000	0	0.0	NA
chrX	152900000	153000000	0	0.0	NA
chrX	153000000	153100000	0	0.0	NA
chrX	153100000	153200000	0	0.0	NA
chrX	153200000	153300000	0	0.0	NA
chrX	153300000	153400000	2257	639.0	0.283119184759
chrX	153400000	153500000	0	0.0	NA
chrX	153500000	153600000	0	0.0	NA
chrX	153600000	153700000	0	0.0	NA
chrX	153700000	153800000	0	0.0	NA
chrX	153800000	153900000	0	0.0	NA
chrX	153900000	154000000	0	0.0	NA
chrX	154000000	154100000	0	0.0	NA
chrX	154100000	154200000	0	0.0	NA
chrX	154200000	154300000	0	0.0	NA
chrX	154300000	154400000	1786	386.0	0.216125419933
chrX	154400000	154500000	982	220.0	0.224032586558
chrX	154500000	154600000	0	0.0	NA
chrX	154600000	154700000	0	0.0	NA
chrX	154700000	154800000	0	0.0	NA
chrX	154800000	154900000	0	0.0	NA
chrX	154900000	155000000	0	0.0	NA
chrX	155000000	155100000	6647	1447.0	0.217692191966
chrX	155100000	155200000	359	125.0	0.348189415042
chrX	155200000	155270560	0	0.0	NA
