chrX	0	100000	0	0.0	NA
chrX	100000	200000	0	0.0	NA
chrX	200000	300000	0	0.0	NA
chrX	300000	400000	0	0.0	NA
chrX	400000	500000	741	244.0	0.329284750337
chrX	500000	600000	4188	1232.0	0.29417382999
chrX	600000	700000	2128	685.0	0.321898496241
chrX	700000	800000	5282	1648.0	0.312003029156
chrX	800000	900000	5487	1746.0	0.318206670312
chrX	900000	1000000	0	0.0	NA
chrX	1000000	1100000	714	250.0	0.350140056022
chrX	1100000	1200000	0	0.0	NA
chrX	1200000	1300000	5009	1722.0	0.343781193851
chrX	1300000	1400000	0	0.0	NA
chrX	1400000	1500000	0	0.0	NA
chrX	1500000	1600000	0	0.0	NA
chrX	1600000	1700000	0	0.0	NA
chrX	1700000	1800000	0	0.0	NA
chrX	1800000	1900000	0	0.0	NA
chrX	1900000	2000000	3596	1194.0	0.332035595106
chrX	2000000	2100000	4884	1712.0	0.350532350532
chrX	2100000	2200000	0	0.0	NA
chrX	2200000	2300000	0	0.0	NA
chrX	2300000	2400000	0	0.0	NA
chrX	2400000	2500000	1698	578.0	0.340400471143
chrX	2500000	2600000	0	0.0	NA
chrX	2600000	2700000	0	0.0	NA
chrX	2700000	2800000	0	0.0	NA
chrX	2800000	2900000	0	0.0	NA
chrX	2900000	3000000	0	0.0	NA
chrX	3000000	3100000	2968	977.0	0.329177897574
chrX	3100000	3200000	15973	5334.0	0.333938521255
chrX	3200000	3300000	0	0.0	NA
chrX	3300000	3400000	21878	7656.0	0.349940579578
chrX	3400000	3500000	0	0.0	NA
chrX	3500000	3600000	0	0.0	NA
chrX	3600000	3700000	0	0.0	NA
chrX	3700000	3800000	0	0.0	NA
chrX	3800000	3900000	0	0.0	NA
chrX	3900000	4000000	27666	8703.0	0.314573845153
chrX	4000000	4100000	29095	9205.0	0.31637738443
chrX	4100000	4200000	27682	9014.0	0.325626761072
chrX	4200000	4300000	36936	11958.0	0.323749187784
chrX	4300000	4400000	31973	10133.0	0.316923654333
chrX	4400000	4500000	24598	7597.0	0.308846247662
chrX	4500000	4600000	0	0.0	NA
chrX	4600000	4700000	5575	1644.0	0.294887892377
chrX	4700000	4800000	29885	9595.0	0.321064078969
chrX	4800000	4900000	27894	9025.0	0.323546282355
chrX	4900000	5000000	34546	11034.0	0.319400219997
chrX	5000000	5100000	22114	7061.0	0.319299990956
chrX	5100000	5200000	30931	9986.0	0.322847628593
chrX	5200000	5300000	25475	8117.0	0.318626104024
chrX	5300000	5400000	7100	2197.0	0.309436619718
chrX	5400000	5500000	34311	10638.0	0.310046340824
chrX	5500000	5600000	6386	1860.0	0.291262135922
chrX	5600000	5700000	2130	640.0	0.300469483568
chrX	5700000	5800000	16327	5104.0	0.312611012433
chrX	5800000	5900000	0	0.0	NA
chrX	5900000	6000000	0	0.0	NA
chrX	6000000	6100000	0	0.0	NA
chrX	6100000	6200000	1557	402.0	0.258188824663
chrX	6200000	6300000	23946	7222.0	0.301595255993
chrX	6300000	6400000	18840	5594.0	0.296921443737
chrX	6400000	6500000	0	0.0	NA
chrX	6500000	6600000	12513	3889.0	0.310796771358
chrX	6600000	6700000	5039	1746.0	0.346497320897
chrX	6700000	6800000	44022	12980.0	0.294852573713
chrX	6800000	6900000	36082	10263.0	0.28443545258
chrX	6900000	7000000	8401	2313.0	0.275324366147
chrX	7000000	7100000	0	0.0	NA
chrX	7100000	7200000	0	0.0	NA
chrX	7200000	7300000	0	0.0	NA
chrX	7300000	7400000	17884	5079.0	0.283996868709
chrX	7400000	7500000	21416	6134.0	0.286421367202
chrX	7500000	7600000	41904	12638.0	0.301594119893
chrX	7600000	7700000	23130	6708.0	0.290012970169
chrX	7700000	7800000	29883	8966.0	0.300036810227
chrX	7800000	7900000	0	0.0	NA
chrX	7900000	8000000	0	0.0	NA
chrX	8000000	8100000	3468	992.0	0.286043829296
chrX	8100000	8200000	5469	1497.0	0.273724629731
chrX	8200000	8300000	46440	12992.0	0.279758828596
chrX	8300000	8400000	41666	12310.0	0.295444727116
chrX	8400000	8500000	0	0.0	NA
chrX	8500000	8600000	0	0.0	NA
chrX	8600000	8700000	0	0.0	NA
chrX	8700000	8800000	0	0.0	NA
chrX	8800000	8900000	7718	1950.0	0.252656128531
chrX	8900000	9000000	17788	5120.0	0.287834495165
chrX	9000000	9100000	0	0.0	NA
chrX	9100000	9200000	10617	2795.0	0.263257040595
chrX	9200000	9300000	3479	873.0	0.250934176487
chrX	9300000	9400000	13361	3694.0	0.276476311653
chrX	9400000	9500000	0	0.0	NA
chrX	9500000	9600000	0	0.0	NA
chrX	9600000	9700000	0	0.0	NA
chrX	9700000	9800000	0	0.0	NA
chrX	9800000	9900000	0	0.0	NA
chrX	9900000	10000000	0	0.0	NA
chrX	10000000	10100000	0	0.0	NA
chrX	10100000	10200000	0	0.0	NA
chrX	10200000	10300000	0	0.0	NA
chrX	10300000	10400000	0	0.0	NA
chrX	10400000	10500000	0	0.0	NA
chrX	10500000	10600000	0	0.0	NA
chrX	10600000	10700000	0	0.0	NA
chrX	10700000	10800000	0	0.0	NA
chrX	10800000	10900000	0	0.0	NA
chrX	10900000	11000000	0	0.0	NA
chrX	11000000	11100000	0	0.0	NA
chrX	11100000	11200000	0	0.0	NA
chrX	11200000	11300000	0	0.0	NA
chrX	11300000	11400000	0	0.0	NA
chrX	11400000	11500000	0	0.0	NA
chrX	11500000	11600000	0	0.0	NA
chrX	11600000	11700000	0	0.0	NA
chrX	11700000	11800000	0	0.0	NA
chrX	11800000	11900000	28462	5938.0	0.208629049259
chrX	11900000	12000000	54796	12172.0	0.222133002409
chrX	12000000	12100000	12448	2529.0	0.203165167095
chrX	12100000	12200000	0	0.0	NA
chrX	12200000	12300000	0	0.0	NA
chrX	12300000	12400000	0	0.0	NA
chrX	12400000	12500000	0	0.0	NA
chrX	12500000	12600000	0	0.0	NA
chrX	12600000	12700000	0	0.0	NA
chrX	12700000	12800000	0	0.0	NA
chrX	12800000	12900000	0	0.0	NA
chrX	12900000	13000000	0	0.0	NA
chrX	13000000	13100000	0	0.0	NA
chrX	13100000	13200000	21742	5219.0	0.240042314414
chrX	13200000	13300000	17359	4486.0	0.258425024483
chrX	13300000	13400000	0	0.0	NA
chrX	13400000	13500000	18747	4461.0	0.237958073292
chrX	13500000	13600000	17358	4342.0	0.250144025809
chrX	13600000	13700000	0	0.0	NA
chrX	13700000	13800000	0	0.0	NA
chrX	13800000	13900000	0	0.0	NA
chrX	13900000	14000000	0	0.0	NA
chrX	14000000	14100000	0	0.0	NA
chrX	14100000	14200000	26068	5332.0	0.204541967163
chrX	14200000	14300000	1989	432.0	0.217194570136
chrX	14300000	14400000	51075	11354.0	0.222300538424
chrX	14400000	14500000	56181	11972.0	0.213096954486
chrX	14500000	14600000	0	0.0	NA
chrX	14600000	14700000	0	0.0	NA
chrX	14700000	14800000	0	0.0	NA
chrX	14800000	14900000	0	0.0	NA
chrX	14900000	15000000	3993	727.0	0.182068620085
chrX	15000000	15100000	49963	11102.0	0.222204431279
chrX	15100000	15200000	56446	12745.0	0.225791021507
chrX	15200000	15300000	7680	1713.0	0.223046875
chrX	15300000	15400000	0	0.0	NA
chrX	15400000	15500000	0	0.0	NA
chrX	15500000	15600000	0	0.0	NA
chrX	15600000	15700000	0	0.0	NA
chrX	15700000	15800000	0	0.0	NA
chrX	15800000	15900000	0	0.0	NA
chrX	15900000	16000000	4393	965.0	0.219667653084
chrX	16000000	16100000	51907	10850.0	0.209027684127
chrX	16100000	16200000	0	0.0	NA
chrX	16200000	16300000	5642	1289.0	0.228465083304
chrX	16300000	16400000	0	0.0	NA
chrX	16400000	16500000	30455	6616.0	0.217238548678
chrX	16500000	16600000	5515	1133.0	0.205439709882
chrX	16600000	16700000	0	0.0	NA
chrX	16700000	16800000	0	0.0	NA
chrX	16800000	16900000	0	0.0	NA
chrX	16900000	17000000	0	0.0	NA
chrX	17000000	17100000	0	0.0	NA
chrX	17100000	17200000	0	0.0	NA
chrX	17200000	17300000	38657	8168.0	0.211294202861
chrX	17300000	17400000	14041	3141.0	0.223702015526
chrX	17400000	17500000	0	0.0	NA
chrX	17500000	17600000	0	0.0	NA
chrX	17600000	17700000	0	0.0	NA
chrX	17700000	17800000	0	0.0	NA
chrX	17800000	17900000	0	0.0	NA
chrX	17900000	18000000	6530	1438.0	0.2202143951
chrX	18000000	18100000	0	0.0	NA
chrX	18100000	18200000	0	0.0	NA
chrX	18200000	18300000	0	0.0	NA
chrX	18300000	18400000	0	0.0	NA
chrX	18400000	18500000	0	0.0	NA
chrX	18500000	18600000	0	0.0	NA
chrX	18600000	18700000	0	0.0	NA
chrX	18700000	18800000	0	0.0	NA
chrX	18800000	18900000	0	0.0	NA
chrX	18900000	19000000	0	0.0	NA
chrX	19000000	19100000	0	0.0	NA
chrX	19100000	19200000	5998	1414.0	0.235745248416
chrX	19200000	19300000	45412	10471.0	0.23057782084
chrX	19300000	19400000	6745	1426.0	0.211415863603
chrX	19400000	19500000	0	0.0	NA
chrX	19500000	19600000	0	0.0	NA
chrX	19600000	19700000	0	0.0	NA
chrX	19700000	19800000	0	0.0	NA
chrX	19800000	19900000	0	0.0	NA
chrX	19900000	20000000	0	0.0	NA
chrX	20000000	20100000	0	0.0	NA
chrX	20100000	20200000	0	0.0	NA
chrX	20200000	20300000	0	0.0	NA
chrX	20300000	20400000	7890	1868.0	0.236755386565
chrX	20400000	20500000	4489	952.0	0.212073958565
chrX	20500000	20600000	18328	3873.0	0.211316019206
chrX	20600000	20700000	54524	11427.0	0.209577433791
chrX	20700000	20800000	9841	2090.0	0.212376790977
chrX	20800000	20900000	0	0.0	NA
chrX	20900000	21000000	0	0.0	NA
chrX	21000000	21100000	0	0.0	NA
chrX	21100000	21200000	0	0.0	NA
chrX	21200000	21300000	0	0.0	NA
chrX	21300000	21400000	2473	526.0	0.212697128993
chrX	21400000	21500000	0	0.0	NA
chrX	21500000	21600000	0	0.0	NA
chrX	21600000	21700000	0	0.0	NA
chrX	21700000	21800000	0	0.0	NA
chrX	21800000	21900000	0	0.0	NA
chrX	21900000	22000000	0	0.0	NA
chrX	22000000	22100000	0	0.0	NA
chrX	22100000	22200000	0	0.0	NA
chrX	22200000	22300000	0	0.0	NA
chrX	22300000	22400000	0	0.0	NA
chrX	22400000	22500000	0	0.0	NA
chrX	22500000	22600000	0	0.0	NA
chrX	22600000	22700000	0	0.0	NA
chrX	22700000	22800000	0	0.0	NA
chrX	22800000	22900000	0	0.0	NA
chrX	22900000	23000000	0	0.0	NA
chrX	23000000	23100000	0	0.0	NA
chrX	23100000	23200000	0	0.0	NA
chrX	23200000	23300000	0	0.0	NA
chrX	23300000	23400000	0	0.0	NA
chrX	23400000	23500000	0	0.0	NA
chrX	23500000	23600000	9763	2671.0	0.273583939363
chrX	23600000	23700000	18644	6183.0	0.331634842309
chrX	23700000	23800000	0	0.0	NA
chrX	23800000	23900000	0	0.0	NA
chrX	23900000	24000000	0	0.0	NA
chrX	24000000	24100000	0	0.0	NA
chrX	24100000	24200000	0	0.0	NA
chrX	24200000	24300000	0	0.0	NA
chrX	24300000	24400000	0	0.0	NA
chrX	24400000	24500000	0	0.0	NA
chrX	24500000	24600000	0	0.0	NA
chrX	24600000	24700000	0	0.0	NA
chrX	24700000	24800000	0	0.0	NA
chrX	24800000	24900000	0	0.0	NA
chrX	24900000	25000000	0	0.0	NA
chrX	25000000	25100000	0	0.0	NA
chrX	25100000	25200000	20423	3849.0	0.188463986682
chrX	25200000	25300000	19160	3820.0	0.199373695198
chrX	25300000	25400000	38023	8808.0	0.231649264919
chrX	25400000	25500000	55287	11761.0	0.212726319026
chrX	25500000	25600000	62200	14460.0	0.232475884244
chrX	25600000	25700000	48703	11355.0	0.233147855368
chrX	25700000	25800000	54053	12929.0	0.239191164228
chrX	25800000	25900000	19347	4509.0	0.233059389053
chrX	25900000	26000000	10812	2430.0	0.224750277469
chrX	26000000	26100000	41459	9836.0	0.237246436238
chrX	26100000	26200000	2848	621.0	0.218047752809
chrX	26200000	26300000	6466	1685.0	0.260593875657
chrX	26300000	26400000	33528	8426.0	0.251312335958
chrX	26400000	26500000	51443	12706.0	0.246991816185
chrX	26500000	26600000	7227	1777.0	0.245883492459
chrX	26600000	26700000	23121	5440.0	0.235283941006
chrX	26700000	26800000	20805	4860.0	0.233597692862
chrX	26800000	26900000	22493	5252.0	0.233494865069
chrX	26900000	27000000	45004	10094.0	0.224291174118
chrX	27000000	27100000	5359	1257.0	0.234558686322
chrX	27100000	27200000	0	0.0	NA
chrX	27200000	27300000	0	0.0	NA
chrX	27300000	27400000	0	0.0	NA
chrX	27400000	27500000	0	0.0	NA
chrX	27500000	27600000	6275	1367.0	0.217848605578
chrX	27600000	27700000	0	0.0	NA
chrX	27700000	27800000	0	0.0	NA
chrX	27800000	27900000	4301	923.0	0.214601255522
chrX	27900000	28000000	30001	6823.0	0.227425752475
chrX	28000000	28100000	17602	4389.0	0.249346665152
chrX	28100000	28200000	40335	9108.0	0.225808850874
chrX	28200000	28300000	50345	11680.0	0.231999205482
chrX	28300000	28400000	16172	3817.0	0.236025228791
chrX	28400000	28500000	12312	2705.0	0.219704353476
chrX	28500000	28600000	0	0.0	NA
chrX	28600000	28700000	0	0.0	NA
chrX	28700000	28800000	0	0.0	NA
chrX	28800000	28900000	0	0.0	NA
chrX	28900000	29000000	0	0.0	NA
chrX	29000000	29100000	0	0.0	NA
chrX	29100000	29200000	0	0.0	NA
chrX	29200000	29300000	0	0.0	NA
chrX	29300000	29400000	0	0.0	NA
chrX	29400000	29500000	0	0.0	NA
chrX	29500000	29600000	0	0.0	NA
chrX	29600000	29700000	0	0.0	NA
chrX	29700000	29800000	0	0.0	NA
chrX	29800000	29900000	0	0.0	NA
chrX	29900000	30000000	0	0.0	NA
chrX	30000000	30100000	35003	8305.0	0.237265377253
chrX	30100000	30200000	33046	7641.0	0.231223143497
chrX	30200000	30300000	0	0.0	NA
chrX	30300000	30400000	5434	1267.0	0.233161575267
chrX	30400000	30500000	61024	14394.0	0.235874410068
chrX	30500000	30600000	16745	3936.0	0.23505524037
chrX	30600000	30700000	0	0.0	NA
chrX	30700000	30800000	0	0.0	NA
chrX	30800000	30900000	0	0.0	NA
chrX	30900000	31000000	0	0.0	NA
chrX	31000000	31100000	0	0.0	NA
chrX	31100000	31200000	0	0.0	NA
chrX	31200000	31300000	0	0.0	NA
chrX	31300000	31400000	0	0.0	NA
chrX	31400000	31500000	0	0.0	NA
chrX	31500000	31600000	0	0.0	NA
chrX	31600000	31700000	0	0.0	NA
chrX	31700000	31800000	0	0.0	NA
chrX	31800000	31900000	0	0.0	NA
chrX	31900000	32000000	0	0.0	NA
chrX	32000000	32100000	0	0.0	NA
chrX	32100000	32200000	0	0.0	NA
chrX	32200000	32300000	0	0.0	NA
chrX	32300000	32400000	0	0.0	NA
chrX	32400000	32500000	0	0.0	NA
chrX	32500000	32600000	0	0.0	NA
chrX	32600000	32700000	0	0.0	NA
chrX	32700000	32800000	0	0.0	NA
chrX	32800000	32900000	0	0.0	NA
chrX	32900000	33000000	0	0.0	NA
chrX	33000000	33100000	0	0.0	NA
chrX	33100000	33200000	0	0.0	NA
chrX	33200000	33300000	0	0.0	NA
chrX	33300000	33400000	0	0.0	NA
chrX	33400000	33500000	23656	6330.0	0.267585390599
chrX	33500000	33600000	23003	6320.0	0.27474677216
chrX	33600000	33700000	43684	11776.0	0.269572383481
chrX	33700000	33800000	0	0.0	NA
chrX	33800000	33900000	0	0.0	NA
chrX	33900000	34000000	0	0.0	NA
chrX	34000000	34100000	27648	6814.0	0.246455439815
chrX	34100000	34200000	0	0.0	NA
chrX	34200000	34300000	0	0.0	NA
chrX	34300000	34400000	0	0.0	NA
chrX	34400000	34500000	3937	989.0	0.251206502413
chrX	34500000	34600000	44423	10410.0	0.234338068118
chrX	34600000	34700000	0	0.0	NA
chrX	34700000	34800000	46085	10692.0	0.23200607573
chrX	34800000	34900000	38554	9097.0	0.235954764746
chrX	34900000	35000000	7983	1889.0	0.236627834148
chrX	35000000	35100000	4059	1039.0	0.255974377926
chrX	35100000	35200000	31926	8131.0	0.254682703752
chrX	35200000	35300000	36189	9259.0	0.255851225511
chrX	35300000	35400000	34298	8824.0	0.257274476646
chrX	35400000	35500000	32594	8265.0	0.253574277474
chrX	35500000	35600000	17926	4374.0	0.244003123954
chrX	35600000	35700000	8939	1998.0	0.223514934556
chrX	35700000	35800000	17827	4475.0	0.251023728053
chrX	35800000	35900000	6771	1750.0	0.258455176488
chrX	35900000	36000000	0	0.0	NA
chrX	36000000	36100000	0	0.0	NA
chrX	36100000	36200000	0	0.0	NA
chrX	36200000	36300000	0	0.0	NA
chrX	36300000	36400000	0	0.0	NA
chrX	36400000	36500000	0	0.0	NA
chrX	36500000	36600000	10756	2904.0	0.269988843436
chrX	36600000	36700000	8423	2233.0	0.265107443904
chrX	36700000	36800000	46815	18646.0	0.398291146
chrX	36800000	36900000	32606	8709.0	0.267098080108
chrX	36900000	37000000	19548	4877.0	0.249488438715
chrX	37000000	37100000	0	0.0	NA
chrX	37100000	37200000	3040	697.0	0.229276315789
chrX	37200000	37300000	0	0.0	NA
chrX	37300000	37400000	0	0.0	NA
chrX	37400000	37500000	0	0.0	NA
chrX	37500000	37600000	0	0.0	NA
chrX	37600000	37700000	0	0.0	NA
chrX	37700000	37800000	0	0.0	NA
chrX	37800000	37900000	0	0.0	NA
chrX	37900000	38000000	0	0.0	NA
chrX	38000000	38100000	0	0.0	NA
chrX	38100000	38200000	0	0.0	NA
chrX	38200000	38300000	0	0.0	NA
chrX	38300000	38400000	0	0.0	NA
chrX	38400000	38500000	0	0.0	NA
chrX	38500000	38600000	0	0.0	NA
chrX	38600000	38700000	0	0.0	NA
chrX	38700000	38800000	58621	14164.0	0.241619897306
chrX	38800000	38900000	60046	14043.0	0.233870699131
chrX	38900000	39000000	6849	1630.0	0.237990947584
chrX	39000000	39100000	29232	7302.0	0.249794745484
chrX	39100000	39200000	0	0.0	NA
chrX	39200000	39300000	0	0.0	NA
chrX	39300000	39400000	43135	10355.0	0.240060275878
chrX	39400000	39500000	42308	10602.0	0.250590904793
chrX	39500000	39600000	17392	3903.0	0.224413523459
chrX	39600000	39700000	0	0.0	NA
chrX	39700000	39800000	29049	7370.0	0.253709249888
chrX	39800000	39900000	12644	3212.0	0.254033533692
chrX	39900000	40000000	0	0.0	NA
chrX	40000000	40100000	0	0.0	NA
chrX	40100000	40200000	0	0.0	NA
chrX	40200000	40300000	16044	3977.0	0.247880827724
chrX	40300000	40400000	1395	310.0	0.222222222222
chrX	40400000	40500000	0	0.0	NA
chrX	40500000	40600000	0	0.0	NA
chrX	40600000	40700000	0	0.0	NA
chrX	40700000	40800000	9768	2042.0	0.20904995905
chrX	40800000	40900000	26048	6020.0	0.231111793612
chrX	40900000	41000000	0	0.0	NA
chrX	41000000	41100000	0	0.0	NA
chrX	41100000	41200000	0	0.0	NA
chrX	41200000	41300000	0	0.0	NA
chrX	41300000	41400000	0	0.0	NA
chrX	41400000	41500000	0	0.0	NA
chrX	41500000	41600000	0	0.0	NA
chrX	41600000	41700000	0	0.0	NA
chrX	41700000	41800000	0	0.0	NA
chrX	41800000	41900000	6860	1491.0	0.217346938776
chrX	41900000	42000000	0	0.0	NA
chrX	42000000	42100000	0	0.0	NA
chrX	42100000	42200000	0	0.0	NA
chrX	42200000	42300000	0	0.0	NA
chrX	42300000	42400000	0	0.0	NA
chrX	42400000	42500000	0	0.0	NA
chrX	42500000	42600000	0	0.0	NA
chrX	42600000	42700000	0	0.0	NA
chrX	42700000	42800000	7924	1696.0	0.214033316507
chrX	42800000	42900000	33242	7464.0	0.224535226521
chrX	42900000	43000000	45179	10133.0	0.224285619425
chrX	43000000	43100000	0	0.0	NA
chrX	43100000	43200000	2303	556.0	0.241424229266
chrX	43200000	43300000	30096	7251.0	0.240929027113
chrX	43300000	43400000	39182	9564.0	0.244091674749
chrX	43400000	43500000	22970	5627.0	0.24497170222
chrX	43500000	43600000	0	0.0	NA
chrX	43600000	43700000	0	0.0	NA
chrX	43700000	43800000	0	0.0	NA
chrX	43800000	43900000	11259	2645.0	0.234923172573
chrX	43900000	44000000	31696	6988.0	0.220469459869
chrX	44000000	44100000	0	0.0	NA
chrX	44100000	44200000	0	0.0	NA
chrX	44200000	44300000	0	0.0	NA
chrX	44300000	44400000	12132	2812.0	0.231783712496
chrX	44400000	44500000	4314	899.0	0.208391284191
chrX	44500000	44600000	28214	6094.0	0.215992060679
chrX	44600000	44700000	0	0.0	NA
chrX	44700000	44800000	0	0.0	NA
chrX	44800000	44900000	0	0.0	NA
chrX	44900000	45000000	0	0.0	NA
chrX	45000000	45100000	0	0.0	NA
chrX	45100000	45200000	0	0.0	NA
chrX	45200000	45300000	17155	3882.0	0.226289711454
chrX	45300000	45400000	8646	1912.0	0.22114272496
chrX	45400000	45500000	0	0.0	NA
chrX	45500000	45600000	527	109.0	0.206831119545
chrX	45600000	45700000	0	0.0	NA
chrX	45700000	45800000	0	0.0	NA
chrX	45800000	45900000	33490	7154.0	0.213616004778
chrX	45900000	46000000	22277	5159.0	0.231584145082
chrX	46000000	46100000	40097	8634.0	0.215327830012
chrX	46100000	46200000	18200	3961.0	0.217637362637
chrX	46200000	46300000	5446	1232.0	0.226221079692
chrX	46300000	46400000	0	0.0	NA
chrX	46400000	46500000	0	0.0	NA
chrX	46500000	46600000	0	0.0	NA
chrX	46600000	46700000	0	0.0	NA
chrX	46700000	46800000	0	0.0	NA
chrX	46800000	46900000	0	0.0	NA
chrX	46900000	47000000	0	0.0	NA
chrX	47000000	47100000	0	0.0	NA
chrX	47100000	47200000	0	0.0	NA
chrX	47200000	47300000	0	0.0	NA
chrX	47300000	47400000	0	0.0	NA
chrX	47400000	47500000	0	0.0	NA
chrX	47500000	47600000	0	0.0	NA
chrX	47600000	47700000	0	0.0	NA
chrX	47700000	47800000	0	0.0	NA
chrX	47800000	47900000	0	0.0	NA
chrX	47900000	48000000	0	0.0	NA
chrX	48000000	48100000	0	0.0	NA
chrX	48100000	48200000	0	0.0	NA
chrX	48200000	48300000	0	0.0	NA
chrX	48300000	48400000	0	0.0	NA
chrX	48400000	48500000	0	0.0	NA
chrX	48500000	48600000	0	0.0	NA
chrX	48600000	48700000	0	0.0	NA
chrX	48700000	48800000	0	0.0	NA
chrX	48800000	48900000	0	0.0	NA
chrX	48900000	49000000	0	0.0	NA
chrX	49000000	49100000	0	0.0	NA
chrX	49100000	49200000	0	0.0	NA
chrX	49200000	49300000	0	0.0	NA
chrX	49300000	49400000	0	0.0	NA
chrX	49400000	49500000	0	0.0	NA
chrX	49500000	49600000	14001	3017.0	0.215484608242
chrX	49600000	49700000	0	0.0	NA
chrX	49700000	49800000	0	0.0	NA
chrX	49800000	49900000	0	0.0	NA
chrX	49900000	50000000	0	0.0	NA
chrX	50000000	50100000	0	0.0	NA
chrX	50100000	50200000	0	0.0	NA
chrX	50200000	50300000	14464	3090.0	0.213633849558
chrX	50300000	50400000	0	0.0	NA
chrX	50400000	50500000	0	0.0	NA
chrX	50500000	50600000	0	0.0	NA
chrX	50600000	50700000	0	0.0	NA
chrX	50700000	50800000	5650	1363.0	0.241238938053
chrX	50800000	50900000	0	0.0	NA
chrX	50900000	51000000	8168	1982.0	0.242654260529
chrX	51000000	51100000	759	218.0	0.28722002635
chrX	51100000	51200000	0	0.0	NA
chrX	51200000	51300000	0	0.0	NA
chrX	51300000	51400000	0	0.0	NA
chrX	51400000	51500000	0	0.0	NA
chrX	51500000	51600000	0	0.0	NA
chrX	51600000	51700000	0	0.0	NA
chrX	51700000	51800000	183	34.0	0.185792349727
chrX	51800000	51900000	401	99.0	0.246882793017
chrX	51900000	52000000	462	124.0	0.268398268398
chrX	52000000	52100000	7525	2132.0	0.283322259136
chrX	52100000	52200000	0	0.0	NA
chrX	52200000	52300000	0	0.0	NA
chrX	52300000	52400000	0	0.0	NA
chrX	52400000	52500000	0	0.0	NA
chrX	52500000	52600000	342	83.0	0.24269005848
chrX	52600000	52700000	0	0.0	NA
chrX	52700000	52800000	0	0.0	NA
chrX	52800000	52900000	0	0.0	NA
chrX	52900000	53000000	0	0.0	NA
chrX	53000000	53100000	0	0.0	NA
chrX	53100000	53200000	0	0.0	NA
chrX	53200000	53300000	0	0.0	NA
chrX	53300000	53400000	0	0.0	NA
chrX	53400000	53500000	0	0.0	NA
chrX	53500000	53600000	0	0.0	NA
chrX	53600000	53700000	0	0.0	NA
chrX	53700000	53800000	7832	1874.0	0.239274770174
chrX	53800000	53900000	8270	1872.0	0.226360338573
chrX	53900000	54000000	0	0.0	NA
chrX	54000000	54100000	0	0.0	NA
chrX	54100000	54200000	0	0.0	NA
chrX	54200000	54300000	0	0.0	NA
chrX	54300000	54400000	0	0.0	NA
chrX	54400000	54500000	0	0.0	NA
chrX	54500000	54600000	0	0.0	NA
chrX	54600000	54700000	4249	960.0	0.225935514239
chrX	54700000	54800000	126	24.0	0.190476190476
chrX	54800000	54900000	0	0.0	NA
chrX	54900000	55000000	0	0.0	NA
chrX	55000000	55100000	0	0.0	NA
chrX	55100000	55200000	0	0.0	NA
chrX	55200000	55300000	0	0.0	NA
chrX	55300000	55400000	802	203.0	0.253117206983
chrX	55400000	55500000	0	0.0	NA
chrX	55500000	55600000	0	0.0	NA
chrX	55600000	55700000	0	0.0	NA
chrX	55700000	55800000	0	0.0	NA
chrX	55800000	55900000	0	0.0	NA
chrX	55900000	56000000	0	0.0	NA
chrX	56000000	56100000	0	0.0	NA
chrX	56100000	56200000	0	0.0	NA
chrX	56200000	56300000	0	0.0	NA
chrX	56300000	56400000	0	0.0	NA
chrX	56400000	56500000	0	0.0	NA
chrX	56500000	56600000	0	0.0	NA
chrX	56600000	56700000	0	0.0	NA
chrX	56700000	56800000	0	0.0	NA
chrX	56800000	56900000	0	0.0	NA
chrX	56900000	57000000	0	0.0	NA
chrX	57000000	57100000	4392	1059.0	0.241120218579
chrX	57100000	57200000	0	0.0	NA
chrX	57200000	57300000	0	0.0	NA
chrX	57300000	57400000	0	0.0	NA
chrX	57400000	57500000	0	0.0	NA
chrX	57500000	57600000	0	0.0	NA
chrX	57600000	57700000	0	0.0	NA
chrX	57700000	57800000	0	0.0	NA
chrX	57800000	57900000	1715	435.0	0.253644314869
chrX	57900000	58000000	0	0.0	NA
chrX	58000000	58100000	0	0.0	NA
chrX	58100000	58200000	0	0.0	NA
chrX	58200000	58300000	0	0.0	NA
chrX	58300000	58400000	0	0.0	NA
chrX	58400000	58500000	0	0.0	NA
chrX	58500000	58600000	0	0.0	NA
chrX	58600000	58700000	0	0.0	NA
chrX	58700000	58800000	0	0.0	NA
chrX	58800000	58900000	0	0.0	NA
chrX	58900000	59000000	0	0.0	NA
chrX	59000000	59100000	0	0.0	NA
chrX	59100000	59200000	0	0.0	NA
chrX	59200000	59300000	0	0.0	NA
chrX	59300000	59400000	0	0.0	NA
chrX	59400000	59500000	0	0.0	NA
chrX	59500000	59600000	0	0.0	NA
chrX	59600000	59700000	0	0.0	NA
chrX	59700000	59800000	0	0.0	NA
chrX	59800000	59900000	0	0.0	NA
chrX	59900000	60000000	0	0.0	NA
chrX	60000000	60100000	0	0.0	NA
chrX	60100000	60200000	0	0.0	NA
chrX	60200000	60300000	0	0.0	NA
chrX	60300000	60400000	0	0.0	NA
chrX	60400000	60500000	0	0.0	NA
chrX	60500000	60600000	0	0.0	NA
chrX	60600000	60700000	0	0.0	NA
chrX	60700000	60800000	0	0.0	NA
chrX	60800000	60900000	0	0.0	NA
chrX	60900000	61000000	0	0.0	NA
chrX	61000000	61100000	0	0.0	NA
chrX	61100000	61200000	0	0.0	NA
chrX	61200000	61300000	0	0.0	NA
chrX	61300000	61400000	0	0.0	NA
chrX	61400000	61500000	0	0.0	NA
chrX	61500000	61600000	0	0.0	NA
chrX	61600000	61700000	0	0.0	NA
chrX	61700000	61800000	0	0.0	NA
chrX	61800000	61900000	0	0.0	NA
chrX	61900000	62000000	0	0.0	NA
chrX	62000000	62100000	10270	2722.0	0.265043816943
chrX	62100000	62200000	0	0.0	NA
chrX	62200000	62300000	0	0.0	NA
chrX	62300000	62400000	0	0.0	NA
chrX	62400000	62500000	0	0.0	NA
chrX	62500000	62600000	0	0.0	NA
chrX	62600000	62700000	0	0.0	NA
chrX	62700000	62800000	0	0.0	NA
chrX	62800000	62900000	0	0.0	NA
chrX	62900000	63000000	0	0.0	NA
chrX	63000000	63100000	481	132.0	0.274428274428
chrX	63100000	63200000	8583	2275.0	0.265058837236
chrX	63200000	63300000	0	0.0	NA
chrX	63300000	63400000	1946	503.0	0.258478931141
chrX	63400000	63500000	0	0.0	NA
chrX	63500000	63600000	0	0.0	NA
chrX	63600000	63700000	0	0.0	NA
chrX	63700000	63800000	0	0.0	NA
chrX	63800000	63900000	0	0.0	NA
chrX	63900000	64000000	0	0.0	NA
chrX	64000000	64100000	836	226.0	0.27033492823
chrX	64100000	64200000	0	0.0	NA
chrX	64200000	64300000	0	0.0	NA
chrX	64300000	64400000	2586	653.0	0.252513534416
chrX	64400000	64500000	0	0.0	NA
chrX	64500000	64600000	6189	1562.0	0.252383260624
chrX	64600000	64700000	547	136.0	0.248628884826
chrX	64700000	64800000	0	0.0	NA
chrX	64800000	64900000	0	0.0	NA
chrX	64900000	65000000	0	0.0	NA
chrX	65000000	65100000	0	0.0	NA
chrX	65100000	65200000	0	0.0	NA
chrX	65200000	65300000	0	0.0	NA
chrX	65300000	65400000	0	0.0	NA
chrX	65400000	65500000	0	0.0	NA
chrX	65500000	65600000	0	0.0	NA
chrX	65600000	65700000	3074	829.0	0.269681197137
chrX	65700000	65800000	0	0.0	NA
chrX	65800000	65900000	0	0.0	NA
chrX	65900000	66000000	7219	2110.0	0.292284249896
chrX	66000000	66100000	14705	3901.0	0.265283917035
chrX	66100000	66200000	25480	6603.0	0.259144427002
chrX	66200000	66300000	13763	3740.0	0.271743079271
chrX	66300000	66400000	16579	4457.0	0.268834067193
chrX	66400000	66500000	3678	942.0	0.256117455139
chrX	66500000	66600000	20485	5484.0	0.267708079082
chrX	66600000	66700000	1190	328.0	0.275630252101
chrX	66700000	66800000	0	0.0	NA
chrX	66800000	66900000	0	0.0	NA
chrX	66900000	67000000	0	0.0	NA
chrX	67000000	67100000	4615	1132.0	0.245287107259
chrX	67100000	67200000	0	0.0	NA
chrX	67200000	67300000	0	0.0	NA
chrX	67300000	67400000	0	0.0	NA
chrX	67400000	67500000	0	0.0	NA
chrX	67500000	67600000	0	0.0	NA
chrX	67600000	67700000	0	0.0	NA
chrX	67700000	67800000	0	0.0	NA
chrX	67800000	67900000	0	0.0	NA
chrX	67900000	68000000	20	7.0	0.35
chrX	68000000	68100000	0	0.0	NA
chrX	68100000	68200000	48293	11353.0	0.235085830245
chrX	68200000	68300000	69575	17324.0	0.248997484729
chrX	68300000	68400000	26532	6338.0	0.238881350822
chrX	68400000	68500000	12997	3127.0	0.240593983227
chrX	68500000	68600000	56796	13376.0	0.235509542926
chrX	68600000	68700000	35005	7748.0	0.221339808599
chrX	68700000	68800000	0	0.0	NA
chrX	68800000	68900000	0	0.0	NA
chrX	68900000	69000000	0	0.0	NA
chrX	69000000	69100000	0	0.0	NA
chrX	69100000	69200000	0	0.0	NA
chrX	69200000	69300000	0	0.0	NA
chrX	69300000	69400000	0	0.0	NA
chrX	69400000	69500000	0	0.0	NA
chrX	69500000	69600000	0	0.0	NA
chrX	69600000	69700000	0	0.0	NA
chrX	69700000	69800000	0	0.0	NA
chrX	69800000	69900000	0	0.0	NA
chrX	69900000	70000000	0	0.0	NA
chrX	70000000	70100000	0	0.0	NA
chrX	70100000	70200000	0	0.0	NA
chrX	70200000	70300000	0	0.0	NA
chrX	70300000	70400000	0	0.0	NA
chrX	70400000	70500000	0	0.0	NA
chrX	70500000	70600000	0	0.0	NA
chrX	70600000	70700000	0	0.0	NA
chrX	70700000	70800000	0	0.0	NA
chrX	70800000	70900000	0	0.0	NA
chrX	70900000	71000000	0	0.0	NA
chrX	71000000	71100000	1275	342.0	0.268235294118
chrX	71100000	71200000	0	0.0	NA
chrX	71200000	71300000	0	0.0	NA
chrX	71300000	71400000	0	0.0	NA
chrX	71400000	71500000	0	0.0	NA
chrX	71500000	71600000	0	0.0	NA
chrX	71600000	71700000	0	0.0	NA
chrX	71700000	71800000	0	0.0	NA
chrX	71800000	71900000	0	0.0	NA
chrX	71900000	72000000	0	0.0	NA
chrX	72000000	72100000	0	0.0	NA
chrX	72100000	72200000	0	0.0	NA
chrX	72200000	72300000	0	0.0	NA
chrX	72300000	72400000	0	0.0	NA
chrX	72400000	72500000	0	0.0	NA
chrX	72500000	72600000	239	63.0	0.26359832636
chrX	72600000	72700000	0	0.0	NA
chrX	72700000	72800000	0	0.0	NA
chrX	72800000	72900000	0	0.0	NA
chrX	72900000	73000000	0	0.0	NA
chrX	73000000	73100000	0	0.0	NA
chrX	73100000	73200000	0	0.0	NA
chrX	73200000	73300000	0	0.0	NA
chrX	73300000	73400000	0	0.0	NA
chrX	73400000	73500000	0	0.0	NA
chrX	73500000	73600000	0	0.0	NA
chrX	73600000	73700000	0	0.0	NA
chrX	73700000	73800000	0	0.0	NA
chrX	73800000	73900000	0	0.0	NA
chrX	73900000	74000000	0	0.0	NA
chrX	74000000	74100000	0	0.0	NA
chrX	74100000	74200000	0	0.0	NA
chrX	74200000	74300000	438	110.0	0.251141552511
chrX	74300000	74400000	0	0.0	NA
chrX	74400000	74500000	0	0.0	NA
chrX	74500000	74600000	0	0.0	NA
chrX	74600000	74700000	0	0.0	NA
chrX	74700000	74800000	0	0.0	NA
chrX	74800000	74900000	323	113.0	0.349845201238
chrX	74900000	75000000	0	0.0	NA
chrX	75000000	75100000	0	0.0	NA
chrX	75100000	75200000	0	0.0	NA
chrX	75200000	75300000	790	222.0	0.281012658228
chrX	75300000	75400000	0	0.0	NA
chrX	75400000	75500000	0	0.0	NA
chrX	75500000	75600000	0	0.0	NA
chrX	75600000	75700000	0	0.0	NA
chrX	75700000	75800000	0	0.0	NA
chrX	75800000	75900000	0	0.0	NA
chrX	75900000	76000000	0	0.0	NA
chrX	76000000	76100000	0	0.0	NA
chrX	76100000	76200000	0	0.0	NA
chrX	76200000	76300000	0	0.0	NA
chrX	76300000	76400000	5528	1519.0	0.2747829233
chrX	76400000	76500000	2081	484.0	0.232580490149
chrX	76500000	76600000	7363	1728.0	0.234686948255
chrX	76600000	76700000	19003	4076.0	0.214492448561
chrX	76700000	76800000	0	0.0	NA
chrX	76800000	76900000	0	0.0	NA
chrX	76900000	77000000	0	0.0	NA
chrX	77000000	77100000	0	0.0	NA
chrX	77100000	77200000	0	0.0	NA
chrX	77200000	77300000	0	0.0	NA
chrX	77300000	77400000	0	0.0	NA
chrX	77400000	77500000	0	0.0	NA
chrX	77500000	77600000	0	0.0	NA
chrX	77600000	77700000	0	0.0	NA
chrX	77700000	77800000	0	0.0	NA
chrX	77800000	77900000	4194	1136.0	0.270863137816
chrX	77900000	78000000	0	0.0	NA
chrX	78000000	78100000	14412	3757.0	0.260685539828
chrX	78100000	78200000	1404	385.0	0.274216524217
chrX	78200000	78300000	3065	747.0	0.243719412724
chrX	78300000	78400000	5979	1643.0	0.27479511624
chrX	78400000	78500000	2658	748.0	0.281414597442
chrX	78500000	78600000	15681	4077.0	0.259996173713
chrX	78600000	78700000	0	0.0	NA
chrX	78700000	78800000	0	0.0	NA
chrX	78800000	78900000	0	0.0	NA
chrX	78900000	79000000	0	0.0	NA
chrX	79000000	79100000	0	0.0	NA
chrX	79100000	79200000	0	0.0	NA
chrX	79200000	79300000	0	0.0	NA
chrX	79300000	79400000	0	0.0	NA
chrX	79400000	79500000	0	0.0	NA
chrX	79500000	79600000	0	0.0	NA
chrX	79600000	79700000	0	0.0	NA
chrX	79700000	79800000	0	0.0	NA
chrX	79800000	79900000	0	0.0	NA
chrX	79900000	80000000	0	0.0	NA
chrX	80000000	80100000	0	0.0	NA
chrX	80100000	80200000	0	0.0	NA
chrX	80200000	80300000	0	0.0	NA
chrX	80300000	80400000	0	0.0	NA
chrX	80400000	80500000	0	0.0	NA
chrX	80500000	80600000	0	0.0	NA
chrX	80600000	80700000	12388	3130.0	0.25266386826
chrX	80700000	80800000	1929	561.0	0.290824261275
chrX	80800000	80900000	0	0.0	NA
chrX	80900000	81000000	0	0.0	NA
chrX	81000000	81100000	6684	1869.0	0.279622980251
chrX	81100000	81200000	0	0.0	NA
chrX	81200000	81300000	0	0.0	NA
chrX	81300000	81400000	94	29.0	0.308510638298
chrX	81400000	81500000	6910	1982.0	0.286830680174
chrX	81500000	81600000	1948	533.0	0.273613963039
chrX	81600000	81700000	3049	767.0	0.251557887832
chrX	81700000	81800000	6232	1818.0	0.291720154044
chrX	81800000	81900000	0	0.0	NA
chrX	81900000	82000000	21347	5128.0	0.240221108352
chrX	82000000	82100000	17690	4493.0	0.253985302431
chrX	82100000	82200000	3971	1157.0	0.291362377235
chrX	82200000	82300000	10155	2869.0	0.282520925652
chrX	82300000	82400000	8535	2485.0	0.29115407147
chrX	82400000	82500000	2501	676.0	0.270291883247
chrX	82500000	82600000	13366	3317.0	0.248166990872
chrX	82600000	82700000	11111	3015.0	0.271352713527
chrX	82700000	82800000	827	202.0	0.244256348247
chrX	82800000	82900000	6628	1826.0	0.275497887749
chrX	82900000	83000000	0	0.0	NA
chrX	83000000	83100000	201	73.0	0.363184079602
chrX	83100000	83200000	0	0.0	NA
chrX	83200000	83300000	783	220.0	0.280970625798
chrX	83300000	83400000	0	0.0	NA
chrX	83400000	83500000	0	0.0	NA
chrX	83500000	83600000	0	0.0	NA
chrX	83600000	83700000	0	0.0	NA
chrX	83700000	83800000	0	0.0	NA
chrX	83800000	83900000	7896	2056.0	0.260385005066
chrX	83900000	84000000	9538	2338.0	0.245124764101
chrX	84000000	84100000	7340	1650.0	0.224795640327
chrX	84100000	84200000	0	0.0	NA
chrX	84200000	84300000	0	0.0	NA
chrX	84300000	84400000	0	0.0	NA
chrX	84400000	84500000	0	0.0	NA
chrX	84500000	84600000	0	0.0	NA
chrX	84600000	84700000	0	0.0	NA
chrX	84700000	84800000	19264	4729.0	0.245483803987
chrX	84800000	84900000	13098	3306.0	0.25240494732
chrX	84900000	85000000	4457	1126.0	0.252636302446
chrX	85000000	85100000	0	0.0	NA
chrX	85100000	85200000	0	0.0	NA
chrX	85200000	85300000	0	0.0	NA
chrX	85300000	85400000	747	138.0	0.184738955823
chrX	85400000	85500000	0	0.0	NA
chrX	85500000	85600000	0	0.0	NA
chrX	85600000	85700000	0	0.0	NA
chrX	85700000	85800000	0	0.0	NA
chrX	85800000	85900000	0	0.0	NA
chrX	85900000	86000000	0	0.0	NA
chrX	86000000	86100000	0	0.0	NA
chrX	86100000	86200000	3741	963.0	0.257417802727
chrX	86200000	86300000	0	0.0	NA
chrX	86300000	86400000	2049	589.0	0.287457296242
chrX	86400000	86500000	0	0.0	NA
chrX	86500000	86600000	0	0.0	NA
chrX	86600000	86700000	7011	1915.0	0.273142205106
chrX	86700000	86800000	0	0.0	NA
chrX	86800000	86900000	0	0.0	NA
chrX	86900000	87000000	0	0.0	NA
chrX	87000000	87100000	0	0.0	NA
chrX	87100000	87200000	0	0.0	NA
chrX	87200000	87300000	0	0.0	NA
chrX	87300000	87400000	0	0.0	NA
chrX	87400000	87500000	0	0.0	NA
chrX	87500000	87600000	0	0.0	NA
chrX	87600000	87700000	6746	1902.0	0.281944856211
chrX	87700000	87800000	0	0.0	NA
chrX	87800000	87900000	0	0.0	NA
chrX	87900000	88000000	0	0.0	NA
chrX	88000000	88100000	0	0.0	NA
chrX	88100000	88200000	0	0.0	NA
chrX	88200000	88300000	0	0.0	NA
chrX	88300000	88400000	0	0.0	NA
chrX	88400000	88500000	0	0.0	NA
chrX	88500000	88600000	0	0.0	NA
chrX	88600000	88700000	0	0.0	NA
chrX	88700000	88800000	0	0.0	NA
chrX	88800000	88900000	0	0.0	NA
chrX	88900000	89000000	0	0.0	NA
chrX	89000000	89100000	0	0.0	NA
chrX	89100000	89200000	0	0.0	NA
chrX	89200000	89300000	0	0.0	NA
chrX	89300000	89400000	0	0.0	NA
chrX	89400000	89500000	479	127.0	0.265135699374
chrX	89500000	89600000	0	0.0	NA
chrX	89600000	89700000	0	0.0	NA
chrX	89700000	89800000	0	0.0	NA
chrX	89800000	89900000	0	0.0	NA
chrX	89900000	90000000	23	6.0	0.260869565217
chrX	90000000	90100000	0	0.0	NA
chrX	90100000	90200000	0	0.0	NA
chrX	90200000	90300000	0	0.0	NA
chrX	90300000	90400000	0	0.0	NA
chrX	90400000	90500000	0	0.0	NA
chrX	90500000	90600000	1470	415.0	0.28231292517
chrX	90600000	90700000	0	0.0	NA
chrX	90700000	90800000	0	0.0	NA
chrX	90800000	90900000	12	2.0	0.166666666667
chrX	90900000	91000000	280	57.0	0.203571428571
chrX	91000000	91100000	0	0.0	NA
chrX	91100000	91200000	0	0.0	NA
chrX	91200000	91300000	0	0.0	NA
chrX	91300000	91400000	0	0.0	NA
chrX	91400000	91500000	0	0.0	NA
chrX	91500000	91600000	0	0.0	NA
chrX	91600000	91700000	0	0.0	NA
chrX	91700000	91800000	0	0.0	NA
chrX	91800000	91900000	0	0.0	NA
chrX	91900000	92000000	79	22.0	0.278481012658
chrX	92000000	92100000	0	0.0	NA
chrX	92100000	92200000	0	0.0	NA
chrX	92200000	92300000	0	0.0	NA
chrX	92300000	92400000	0	0.0	NA
chrX	92400000	92500000	0	0.0	NA
chrX	92500000	92600000	0	0.0	NA
chrX	92600000	92700000	0	0.0	NA
chrX	92700000	92800000	0	0.0	NA
chrX	92800000	92900000	0	0.0	NA
chrX	92900000	93000000	0	0.0	NA
chrX	93000000	93100000	0	0.0	NA
chrX	93100000	93200000	0	0.0	NA
chrX	93200000	93300000	0	0.0	NA
chrX	93300000	93400000	0	0.0	NA
chrX	93400000	93500000	0	0.0	NA
chrX	93500000	93600000	0	0.0	NA
chrX	93600000	93700000	0	0.0	NA
chrX	93700000	93800000	0	0.0	NA
chrX	93800000	93900000	0	0.0	NA
chrX	93900000	94000000	0	0.0	NA
chrX	94000000	94100000	0	0.0	NA
chrX	94100000	94200000	0	0.0	NA
chrX	94200000	94300000	0	0.0	NA
chrX	94300000	94400000	0	0.0	NA
chrX	94400000	94500000	0	0.0	NA
chrX	94500000	94600000	0	0.0	NA
chrX	94600000	94700000	0	0.0	NA
chrX	94700000	94800000	0	0.0	NA
chrX	94800000	94900000	0	0.0	NA
chrX	94900000	95000000	19368	4404.0	0.227385377943
chrX	95000000	95100000	24940	5797.0	0.232437850842
chrX	95100000	95200000	10618	2422.0	0.228103220946
chrX	95200000	95300000	7092	1692.0	0.238578680203
chrX	95300000	95400000	0	0.0	NA
chrX	95400000	95500000	0	0.0	NA
chrX	95500000	95600000	9767	2369.0	0.242551448756
chrX	95600000	95700000	0	0.0	NA
chrX	95700000	95800000	4896	1087.0	0.222017973856
chrX	95800000	95900000	17985	3782.0	0.210286349736
chrX	95900000	96000000	0	0.0	NA
chrX	96000000	96100000	0	0.0	NA
chrX	96100000	96200000	0	0.0	NA
chrX	96200000	96300000	0	0.0	NA
chrX	96300000	96400000	0	0.0	NA
chrX	96400000	96500000	0	0.0	NA
chrX	96500000	96600000	0	0.0	NA
chrX	96600000	96700000	0	0.0	NA
chrX	96700000	96800000	0	0.0	NA
chrX	96800000	96900000	0	0.0	NA
chrX	96900000	97000000	23129	5196.0	0.224653032989
chrX	97000000	97100000	43631	9728.0	0.222960738924
chrX	97100000	97200000	42547	9059.0	0.212917479493
chrX	97200000	97300000	21261	4864.0	0.228775692583
chrX	97300000	97400000	26858	6286.0	0.234045721945
chrX	97400000	97500000	40320	8813.0	0.218576388889
chrX	97500000	97600000	19170	4193.0	0.218727177882
chrX	97600000	97700000	17176	3744.0	0.217978574755
chrX	97700000	97800000	31521	7301.0	0.231623362203
chrX	97800000	97900000	0	0.0	NA
chrX	97900000	98000000	0	0.0	NA
chrX	98000000	98100000	0	0.0	NA
chrX	98100000	98200000	7860	2005.0	0.255089058524
chrX	98200000	98300000	42615	9968.0	0.233908248269
chrX	98300000	98400000	33489	8014.0	0.239302457523
chrX	98400000	98500000	23644	5735.0	0.242556251057
chrX	98500000	98600000	28566	6802.0	0.238115241896
chrX	98600000	98700000	0	0.0	NA
chrX	98700000	98800000	0	0.0	NA
chrX	98800000	98900000	0	0.0	NA
chrX	98900000	99000000	0	0.0	NA
chrX	99000000	99100000	0	0.0	NA
chrX	99100000	99200000	0	0.0	NA
chrX	99200000	99300000	29833	7086.0	0.237522206952
chrX	99300000	99400000	1646	391.0	0.237545565006
chrX	99400000	99500000	42099	9135.0	0.216988527043
chrX	99500000	99600000	0	0.0	NA
chrX	99600000	99700000	0	0.0	NA
chrX	99700000	99800000	34045	7365.0	0.216331326186
chrX	99800000	99900000	0	0.0	NA
chrX	99900000	100000000	0	0.0	NA
chrX	100000000	100100000	0	0.0	NA
chrX	100100000	100200000	0	0.0	NA
chrX	100200000	100300000	0	0.0	NA
chrX	100300000	100400000	0	0.0	NA
chrX	100400000	100500000	0	0.0	NA
chrX	100500000	100600000	0	0.0	NA
chrX	100600000	100700000	0	0.0	NA
chrX	100700000	100800000	0	0.0	NA
chrX	100800000	100900000	0	0.0	NA
chrX	100900000	101000000	2841	672.0	0.236536430834
chrX	101000000	101100000	17732	3989.0	0.224960523348
chrX	101100000	101200000	0	0.0	NA
chrX	101200000	101300000	619	147.0	0.237479806139
chrX	101300000	101400000	0	0.0	NA
chrX	101400000	101500000	0	0.0	NA
chrX	101500000	101600000	0	0.0	NA
chrX	101600000	101700000	0	0.0	NA
chrX	101700000	101800000	0	0.0	NA
chrX	101800000	101900000	0	0.0	NA
chrX	101900000	102000000	0	0.0	NA
chrX	102000000	102100000	0	0.0	NA
chrX	102100000	102200000	0	0.0	NA
chrX	102200000	102300000	0	0.0	NA
chrX	102300000	102400000	0	0.0	NA
chrX	102400000	102500000	0	0.0	NA
chrX	102500000	102600000	0	0.0	NA
chrX	102600000	102700000	0	0.0	NA
chrX	102700000	102800000	0	0.0	NA
chrX	102800000	102900000	0	0.0	NA
chrX	102900000	103000000	0	0.0	NA
chrX	103000000	103100000	0	0.0	NA
chrX	103100000	103200000	0	0.0	NA
chrX	103200000	103300000	0	0.0	NA
chrX	103300000	103400000	0	0.0	NA
chrX	103400000	103500000	0	0.0	NA
chrX	103500000	103600000	25666	5546.0	0.216083534637
chrX	103600000	103700000	46745	10831.0	0.231703925554
chrX	103700000	103800000	36561	8460.0	0.231394108476
chrX	103800000	103900000	0	0.0	NA
chrX	103900000	104000000	0	0.0	NA
chrX	104000000	104100000	0	0.0	NA
chrX	104100000	104200000	0	0.0	NA
chrX	104200000	104300000	0	0.0	NA
chrX	104300000	104400000	0	0.0	NA
chrX	104400000	104500000	0	0.0	NA
chrX	104500000	104600000	0	0.0	NA
chrX	104600000	104700000	0	0.0	NA
chrX	104700000	104800000	0	0.0	NA
chrX	104800000	104900000	0	0.0	NA
chrX	104900000	105000000	0	0.0	NA
chrX	105000000	105100000	0	0.0	NA
chrX	105100000	105200000	0	0.0	NA
chrX	105200000	105300000	0	0.0	NA
chrX	105300000	105400000	4996	1349.0	0.27001601281
chrX	105400000	105500000	0	0.0	NA
chrX	105500000	105600000	16833	4282.0	0.254381274877
chrX	105600000	105700000	5356	1420.0	0.265123226288
chrX	105700000	105800000	6699	1873.0	0.279593969249
chrX	105800000	105900000	0	0.0	NA
chrX	105900000	106000000	0	0.0	NA
chrX	106000000	106100000	0	0.0	NA
chrX	106100000	106200000	0	0.0	NA
chrX	106200000	106300000	0	0.0	NA
chrX	106300000	106400000	0	0.0	NA
chrX	106400000	106500000	0	0.0	NA
chrX	106500000	106600000	37520	8155.0	0.217350746269
chrX	106600000	106700000	8407	1921.0	0.228500059474
chrX	106700000	106800000	0	0.0	NA
chrX	106800000	106900000	0	0.0	NA
chrX	106900000	107000000	0	0.0	NA
chrX	107000000	107100000	0	0.0	NA
chrX	107100000	107200000	0	0.0	NA
chrX	107200000	107300000	0	0.0	NA
chrX	107300000	107400000	0	0.0	NA
chrX	107400000	107500000	0	0.0	NA
chrX	107500000	107600000	0	0.0	NA
chrX	107600000	107700000	0	0.0	NA
chrX	107700000	107800000	0	0.0	NA
chrX	107800000	107900000	0	0.0	NA
chrX	107900000	108000000	0	0.0	NA
chrX	108000000	108100000	0	0.0	NA
chrX	108100000	108200000	7451	1934.0	0.259562474836
chrX	108200000	108300000	11347	2541.0	0.223935842073
chrX	108300000	108400000	17515	3866.0	0.220725092778
chrX	108400000	108500000	14959	3659.0	0.244601911893
chrX	108500000	108600000	22169	5213.0	0.235148179891
chrX	108600000	108700000	0	0.0	NA
chrX	108700000	108800000	0	0.0	NA
chrX	108800000	108900000	0	0.0	NA
chrX	108900000	109000000	0	0.0	NA
chrX	109000000	109100000	33890	8332.0	0.245854234287
chrX	109100000	109200000	43997	11012.0	0.250289792486
chrX	109200000	109300000	0	0.0	NA
chrX	109300000	109400000	0	0.0	NA
chrX	109400000	109500000	0	0.0	NA
chrX	109500000	109600000	0	0.0	NA
chrX	109600000	109700000	0	0.0	NA
chrX	109700000	109800000	0	0.0	NA
chrX	109800000	109900000	13448	3104.0	0.230814991077
chrX	109900000	110000000	0	0.0	NA
chrX	110000000	110100000	8269	2180.0	0.26363526424
chrX	110100000	110200000	17025	4153.0	0.243935389134
chrX	110200000	110300000	0	0.0	NA
chrX	110300000	110400000	0	0.0	NA
chrX	110400000	110500000	0	0.0	NA
chrX	110500000	110600000	0	0.0	NA
chrX	110600000	110700000	0	0.0	NA
chrX	110700000	110800000	0	0.0	NA
chrX	110800000	110900000	0	0.0	NA
chrX	110900000	111000000	0	0.0	NA
chrX	111000000	111100000	0	0.0	NA
chrX	111100000	111200000	0	0.0	NA
chrX	111200000	111300000	0	0.0	NA
chrX	111300000	111400000	0	0.0	NA
chrX	111400000	111500000	0	0.0	NA
chrX	111500000	111600000	0	0.0	NA
chrX	111600000	111700000	0	0.0	NA
chrX	111700000	111800000	15960	3824.0	0.239598997494
chrX	111800000	111900000	6740	1718.0	0.254896142433
chrX	111900000	112000000	0	0.0	NA
chrX	112000000	112100000	0	0.0	NA
chrX	112100000	112200000	0	0.0	NA
chrX	112200000	112300000	0	0.0	NA
chrX	112300000	112400000	0	0.0	NA
chrX	112400000	112500000	0	0.0	NA
chrX	112500000	112600000	0	0.0	NA
chrX	112600000	112700000	0	0.0	NA
chrX	112700000	112800000	0	0.0	NA
chrX	112800000	112900000	0	0.0	NA
chrX	112900000	113000000	0	0.0	NA
chrX	113000000	113100000	0	0.0	NA
chrX	113100000	113200000	0	0.0	NA
chrX	113200000	113300000	0	0.0	NA
chrX	113300000	113400000	40358	9109.0	0.22570494078
chrX	113400000	113500000	34522	8342.0	0.241643010254
chrX	113500000	113600000	25330	5960.0	0.235294117647
chrX	113600000	113700000	38165	8941.0	0.234272238962
chrX	113700000	113800000	21572	4978.0	0.230762099017
chrX	113800000	113900000	0	0.0	NA
chrX	113900000	114000000	0	0.0	NA
chrX	114000000	114100000	0	0.0	NA
chrX	114100000	114200000	0	0.0	NA
chrX	114200000	114300000	0	0.0	NA
chrX	114300000	114400000	0	0.0	NA
chrX	114400000	114500000	0	0.0	NA
chrX	114500000	114600000	5536	1120.0	0.202312138728
chrX	114600000	114700000	56158	12630.0	0.224901171694
chrX	114700000	114800000	737	173.0	0.23473541384
chrX	114800000	114900000	0	0.0	NA
chrX	114900000	115000000	0	0.0	NA
chrX	115000000	115100000	0	0.0	NA
chrX	115100000	115200000	0	0.0	NA
chrX	115200000	115300000	3767	921.0	0.244491637908
chrX	115300000	115400000	17955	4258.0	0.237148426622
chrX	115400000	115500000	31215	7623.0	0.244209514656
chrX	115500000	115600000	0	0.0	NA
chrX	115600000	115700000	6140	1556.0	0.25342019544
chrX	115700000	115800000	9933	2358.0	0.23739051646
chrX	115800000	115900000	1848	482.0	0.260822510823
chrX	115900000	116000000	0	0.0	NA
chrX	116000000	116100000	12567	3232.0	0.257181507122
chrX	116100000	116200000	37592	9934.0	0.264258352841
chrX	116200000	116300000	34600	8650.0	0.25
chrX	116300000	116400000	17869	4183.0	0.234092562538
chrX	116400000	116500000	26005	5780.0	0.222264949048
chrX	116500000	116600000	36829	8659.0	0.235113633278
chrX	116600000	116700000	45760	11201.0	0.244777097902
chrX	116700000	116800000	34902	9214.0	0.263996332588
chrX	116800000	116900000	40779	10315.0	0.252948821697
chrX	116900000	117000000	28677	7511.0	0.261917215887
chrX	117000000	117100000	0	0.0	NA
chrX	117100000	117200000	0	0.0	NA
chrX	117200000	117300000	0	0.0	NA
chrX	117300000	117400000	56045	12307.0	0.219591399768
chrX	117400000	117500000	6838	1432.0	0.209417958467
chrX	117500000	117600000	0	0.0	NA
chrX	117600000	117700000	0	0.0	NA
chrX	117700000	117800000	0	0.0	NA
chrX	117800000	117900000	0	0.0	NA
chrX	117900000	118000000	0	0.0	NA
chrX	118000000	118100000	0	0.0	NA
chrX	118100000	118200000	0	0.0	NA
chrX	118200000	118300000	0	0.0	NA
chrX	118300000	118400000	0	0.0	NA
chrX	118400000	118500000	0	0.0	NA
chrX	118500000	118600000	0	0.0	NA
chrX	118600000	118700000	0	0.0	NA
chrX	118700000	118800000	0	0.0	NA
chrX	118800000	118900000	0	0.0	NA
chrX	118900000	119000000	0	0.0	NA
chrX	119000000	119100000	0	0.0	NA
chrX	119100000	119200000	0	0.0	NA
chrX	119200000	119300000	0	0.0	NA
chrX	119300000	119400000	0	0.0	NA
chrX	119400000	119500000	0	0.0	NA
chrX	119500000	119600000	0	0.0	NA
chrX	119600000	119700000	0	0.0	NA
chrX	119700000	119800000	0	0.0	NA
chrX	119800000	119900000	32204	7033.0	0.218389019998
chrX	119900000	120000000	28034	6029.0	0.215060283941
chrX	120000000	120100000	0	0.0	NA
chrX	120100000	120200000	0	0.0	NA
chrX	120200000	120300000	29335	6800.0	0.231805011079
chrX	120300000	120400000	33589	8595.0	0.255887344071
chrX	120400000	120500000	0	0.0	NA
chrX	120500000	120600000	11614	3355.0	0.288875495092
chrX	120600000	120700000	34403	9952.0	0.289277097928
chrX	120700000	120800000	43117	11930.0	0.276689008976
chrX	120800000	120900000	22909	6285.0	0.274346326771
chrX	120900000	121000000	6829	1835.0	0.268706984917
chrX	121000000	121100000	5458	1401.0	0.256687431294
chrX	121100000	121200000	30220	7326.0	0.242422236929
chrX	121200000	121300000	17519	4369.0	0.249386380501
chrX	121300000	121400000	12400	2988.0	0.240967741935
chrX	121400000	121500000	8894	2216.0	0.249156734877
chrX	121500000	121600000	14616	3684.0	0.252052545156
chrX	121600000	121700000	7784	1689.0	0.216983556012
chrX	121700000	121800000	32529	7176.0	0.220603154109
chrX	121800000	121900000	24408	5624.0	0.230416256965
chrX	121900000	122000000	6414	1469.0	0.229030246336
chrX	122000000	122100000	24415	5445.0	0.223018636084
chrX	122100000	122200000	52481	11472.0	0.218593395705
chrX	122200000	122300000	28359	5844.0	0.206072146409
chrX	122300000	122400000	0	0.0	NA
chrX	122400000	122500000	0	0.0	NA
chrX	122500000	122600000	0	0.0	NA
chrX	122600000	122700000	0	0.0	NA
chrX	122700000	122800000	0	0.0	NA
chrX	122800000	122900000	0	0.0	NA
chrX	122900000	123000000	0	0.0	NA
chrX	123000000	123100000	0	0.0	NA
chrX	123100000	123200000	0	0.0	NA
chrX	123200000	123300000	0	0.0	NA
chrX	123300000	123400000	10824	2200.0	0.20325203252
chrX	123400000	123500000	10437	2236.0	0.214237807799
chrX	123500000	123600000	0	0.0	NA
chrX	123600000	123700000	0	0.0	NA
chrX	123700000	123800000	0	0.0	NA
chrX	123800000	123900000	0	0.0	NA
chrX	123900000	124000000	0	0.0	NA
chrX	124000000	124100000	0	0.0	NA
chrX	124100000	124200000	35545	7576.0	0.213138275426
chrX	124200000	124300000	72471	14891.0	0.205475293566
chrX	124300000	124400000	48124	9399.0	0.195307954451
chrX	124400000	124500000	0	0.0	NA
chrX	124500000	124600000	40032	9382.0	0.234362509992
chrX	124600000	124700000	32523	7791.0	0.239553546721
chrX	124700000	124800000	6614	1589.0	0.240247958875
chrX	124800000	124900000	10066	2281.0	0.226604410888
chrX	124900000	125000000	30411	7460.0	0.245305974812
chrX	125000000	125100000	10928	2795.0	0.255765007321
chrX	125100000	125200000	3362	738.0	0.219512195122
chrX	125200000	125300000	0	0.0	NA
chrX	125300000	125400000	17028	4091.0	0.240251350716
chrX	125400000	125500000	34949	8649.0	0.247474891985
chrX	125500000	125600000	18810	4493.0	0.238862307283
chrX	125600000	125700000	0	0.0	NA
chrX	125700000	125800000	21141	5107.0	0.241568516153
chrX	125800000	125900000	1763	497.0	0.281905842314
chrX	125900000	126000000	0	0.0	NA
chrX	126000000	126100000	17647	4234.0	0.239927466425
chrX	126100000	126200000	23273	5979.0	0.256907145619
chrX	126200000	126300000	19638	5052.0	0.257256339749
chrX	126300000	126400000	20026	5127.0	0.256017177669
chrX	126400000	126500000	21633	5545.0	0.256321360884
chrX	126500000	126600000	9688	2373.0	0.244942196532
chrX	126600000	126700000	20802	5485.0	0.263676569561
chrX	126700000	126800000	4858	1257.0	0.258748456155
chrX	126800000	126900000	10895	2832.0	0.259935750344
chrX	126900000	127000000	15734	4245.0	0.26979788992
chrX	127000000	127100000	18706	5139.0	0.274724687266
chrX	127100000	127200000	6342	1746.0	0.275307473983
chrX	127200000	127300000	370	122.0	0.32972972973
chrX	127300000	127400000	10216	3044.0	0.297963978074
chrX	127400000	127500000	3664	936.0	0.255458515284
chrX	127500000	127600000	0	0.0	NA
chrX	127600000	127700000	0	0.0	NA
chrX	127700000	127800000	7860	1741.0	0.221501272265
chrX	127800000	127900000	45470	10093.0	0.22197053002
chrX	127900000	128000000	47798	10722.0	0.224319009164
chrX	128000000	128100000	63859	14221.0	0.222693747162
chrX	128100000	128200000	49409	10922.0	0.221052844623
chrX	128200000	128300000	64002	12766.0	0.199462516796
chrX	128300000	128400000	49024	10229.0	0.2086529047
chrX	128400000	128500000	31012	6766.0	0.218173610215
chrX	128500000	128600000	9248	1879.0	0.203179065744
chrX	128600000	128700000	0	0.0	NA
chrX	128700000	128800000	0	0.0	NA
chrX	128800000	128900000	0	0.0	NA
chrX	128900000	129000000	0	0.0	NA
chrX	129000000	129100000	0	0.0	NA
chrX	129100000	129200000	0	0.0	NA
chrX	129200000	129300000	0	0.0	NA
chrX	129300000	129400000	0	0.0	NA
chrX	129400000	129500000	0	0.0	NA
chrX	129500000	129600000	0	0.0	NA
chrX	129600000	129700000	0	0.0	NA
chrX	129700000	129800000	0	0.0	NA
chrX	129800000	129900000	0	0.0	NA
chrX	129900000	130000000	0	0.0	NA
chrX	130000000	130100000	0	0.0	NA
chrX	130100000	130200000	0	0.0	NA
chrX	130200000	130300000	0	0.0	NA
chrX	130300000	130400000	30636	6672.0	0.217783000392
chrX	130400000	130500000	0	0.0	NA
chrX	130500000	130600000	0	0.0	NA
chrX	130600000	130700000	0	0.0	NA
chrX	130700000	130800000	5977	1487.0	0.248787016898
chrX	130800000	130900000	0	0.0	NA
chrX	130900000	131000000	0	0.0	NA
chrX	131000000	131100000	0	0.0	NA
chrX	131100000	131200000	0	0.0	NA
chrX	131200000	131300000	0	0.0	NA
chrX	131300000	131400000	0	0.0	NA
chrX	131400000	131500000	0	0.0	NA
chrX	131500000	131600000	0	0.0	NA
chrX	131600000	131700000	0	0.0	NA
chrX	131700000	131800000	0	0.0	NA
chrX	131800000	131900000	0	0.0	NA
chrX	131900000	132000000	0	0.0	NA
chrX	132000000	132100000	0	0.0	NA
chrX	132100000	132200000	0	0.0	NA
chrX	132200000	132300000	0	0.0	NA
chrX	132300000	132400000	0	0.0	NA
chrX	132400000	132500000	0	0.0	NA
chrX	132500000	132600000	0	0.0	NA
chrX	132600000	132700000	8040	1825.0	0.226990049751
chrX	132700000	132800000	0	0.0	NA
chrX	132800000	132900000	0	0.0	NA
chrX	132900000	133000000	0	0.0	NA
chrX	133000000	133100000	0	0.0	NA
chrX	133100000	133200000	4408	936.0	0.212341197822
chrX	133200000	133300000	3578	806.0	0.225265511459
chrX	133300000	133400000	0	0.0	NA
chrX	133400000	133500000	1227	267.0	0.21760391198
chrX	133500000	133600000	0	0.0	NA
chrX	133600000	133700000	0	0.0	NA
chrX	133700000	133800000	0	0.0	NA
chrX	133800000	133900000	0	0.0	NA
chrX	133900000	134000000	0	0.0	NA
chrX	134000000	134100000	0	0.0	NA
chrX	134100000	134200000	0	0.0	NA
chrX	134200000	134300000	0	0.0	NA
chrX	134300000	134400000	0	0.0	NA
chrX	134400000	134500000	0	0.0	NA
chrX	134500000	134600000	0	0.0	NA
chrX	134600000	134700000	0	0.0	NA
chrX	134700000	134800000	4282	1375.0	0.321111630079
chrX	134800000	134900000	0	0.0	NA
chrX	134900000	135000000	0	0.0	NA
chrX	135000000	135100000	0	0.0	NA
chrX	135100000	135200000	0	0.0	NA
chrX	135200000	135300000	0	0.0	NA
chrX	135300000	135400000	0	0.0	NA
chrX	135400000	135500000	0	0.0	NA
chrX	135500000	135600000	0	0.0	NA
chrX	135600000	135700000	0	0.0	NA
chrX	135700000	135800000	0	0.0	NA
chrX	135800000	135900000	0	0.0	NA
chrX	135900000	136000000	0	0.0	NA
chrX	136000000	136100000	0	0.0	NA
chrX	136100000	136200000	21036	4671.0	0.222047917855
chrX	136200000	136300000	46758	10391.0	0.222229351127
chrX	136300000	136400000	57902	13645.0	0.23565679942
chrX	136400000	136500000	55929	13170.0	0.235477122781
chrX	136500000	136600000	49730	11827.0	0.237824250955
chrX	136600000	136700000	0	0.0	NA
chrX	136700000	136800000	0	0.0	NA
chrX	136800000	136900000	0	0.0	NA
chrX	136900000	137000000	0	0.0	NA
chrX	137000000	137100000	0	0.0	NA
chrX	137100000	137200000	19748	4914.0	0.248835325096
chrX	137200000	137300000	36987	8487.0	0.229458999108
chrX	137300000	137400000	55315	12869.0	0.23264937178
chrX	137400000	137500000	11093	2582.0	0.232759397818
chrX	137500000	137600000	18495	4643.0	0.251040821844
chrX	137600000	137700000	22661	5310.0	0.234323286704
chrX	137700000	137800000	0	0.0	NA
chrX	137800000	137900000	0	0.0	NA
chrX	137900000	138000000	0	0.0	NA
chrX	138000000	138100000	0	0.0	NA
chrX	138100000	138200000	0	0.0	NA
chrX	138200000	138300000	0	0.0	NA
chrX	138300000	138400000	22878	5182.0	0.226505813445
chrX	138400000	138500000	19090	4446.0	0.23289680461
chrX	138500000	138600000	0	0.0	NA
chrX	138600000	138700000	0	0.0	NA
chrX	138700000	138800000	0	0.0	NA
chrX	138800000	138900000	0	0.0	NA
chrX	138900000	139000000	0	0.0	NA
chrX	139000000	139100000	0	0.0	NA
chrX	139100000	139200000	0	0.0	NA
chrX	139200000	139300000	11633	2507.0	0.215507607668
chrX	139300000	139400000	10426	2192.0	0.210243621715
chrX	139400000	139500000	12238	2598.0	0.212289589802
chrX	139500000	139600000	0	0.0	NA
chrX	139600000	139700000	24098	5364.0	0.222591086397
chrX	139700000	139800000	333	85.0	0.255255255255
chrX	139800000	139900000	0	0.0	NA
chrX	139900000	140000000	19078	4585.0	0.240329174966
chrX	140000000	140100000	0	0.0	NA
chrX	140100000	140200000	0	0.0	NA
chrX	140200000	140300000	0	0.0	NA
chrX	140300000	140400000	0	0.0	NA
chrX	140400000	140500000	0	0.0	NA
chrX	140500000	140600000	0	0.0	NA
chrX	140600000	140700000	0	0.0	NA
chrX	140700000	140800000	0	0.0	NA
chrX	140800000	140900000	17511	4184.0	0.238935526241
chrX	140900000	141000000	0	0.0	NA
chrX	141000000	141100000	22240	5529.0	0.248606115108
chrX	141100000	141200000	39579	9805.0	0.247732383335
chrX	141200000	141300000	10280	2951.0	0.287062256809
chrX	141300000	141400000	26390	6597.0	0.249981053429
chrX	141400000	141500000	11932	3024.0	0.253436138116
chrX	141500000	141600000	26524	6774.0	0.255391343689
chrX	141600000	141700000	26777	6785.0	0.253389102588
chrX	141700000	141800000	18900	4676.0	0.247407407407
chrX	141800000	141900000	24625	6601.0	0.268060913706
chrX	141900000	142000000	3488	883.0	0.253153669725
chrX	142000000	142100000	16187	4228.0	0.261197257058
chrX	142100000	142200000	0	0.0	NA
chrX	142200000	142300000	0	0.0	NA
chrX	142300000	142400000	0	0.0	NA
chrX	142400000	142500000	0	0.0	NA
chrX	142500000	142600000	0	0.0	NA
chrX	142600000	142700000	3797	987.0	0.259942059521
chrX	142700000	142800000	0	0.0	NA
chrX	142800000	142900000	0	0.0	NA
chrX	142900000	143000000	0	0.0	NA
chrX	143000000	143100000	26138	6668.0	0.255107506313
chrX	143100000	143200000	31405	8081.0	0.257315714058
chrX	143200000	143300000	583	157.0	0.269296740995
chrX	143300000	143400000	30767	8255.0	0.268306952254
chrX	143400000	143500000	20962	5575.0	0.265957446809
chrX	143500000	143600000	20291	5397.0	0.265979991129
chrX	143600000	143700000	34176	8951.0	0.261908941948
chrX	143700000	143800000	40924	10243.0	0.250293226469
chrX	143800000	143900000	20414	5304.0	0.259821690996
chrX	143900000	144000000	19631	4807.0	0.244867811115
chrX	144000000	144100000	17971	4348.0	0.241945356408
chrX	144100000	144200000	2833	624.0	0.220261207201
chrX	144200000	144300000	26275	6413.0	0.244072312084
chrX	144300000	144400000	916	259.0	0.282751091703
chrX	144400000	144500000	27083	6555.0	0.242033748108
chrX	144500000	144600000	32886	7886.0	0.239798090373
chrX	144600000	144700000	33275	8059.0	0.242193839219
chrX	144700000	144800000	38498	9575.0	0.24871421892
chrX	144800000	144900000	13745	3468.0	0.252309930884
chrX	144900000	145000000	8878	2356.0	0.265375084478
chrX	145000000	145100000	0	0.0	NA
chrX	145100000	145200000	9695	2413.0	0.248891181021
chrX	145200000	145300000	49946	13444.0	0.269170704361
chrX	145300000	145400000	28663	7819.0	0.272790705788
chrX	145400000	145500000	29773	7592.0	0.25499613744
chrX	145500000	145600000	8312	2190.0	0.263474494706
chrX	145600000	145700000	30534	7725.0	0.252996659462
chrX	145700000	145800000	33180	8479.0	0.255545509343
chrX	145800000	145900000	14133	3467.0	0.245312389443
chrX	145900000	146000000	16621	3989.0	0.239997593406
chrX	146000000	146100000	18145	4501.0	0.248057316065
chrX	146100000	146200000	31689	7814.0	0.246583988135
chrX	146200000	146300000	2449	631.0	0.257656186198
chrX	146300000	146400000	0	0.0	NA
chrX	146400000	146500000	30752	7500.0	0.243886576483
chrX	146500000	146600000	36972	8739.0	0.236368062317
chrX	146600000	146700000	51853	12738.0	0.245655989046
chrX	146700000	146800000	43249	10491.0	0.242572082592
chrX	146800000	146900000	34653	7951.0	0.229446223992
chrX	146900000	147000000	0	0.0	NA
chrX	147000000	147100000	0	0.0	NA
chrX	147100000	147200000	22344	4855.0	0.217284282134
chrX	147200000	147300000	49484	10344.0	0.20903726457
chrX	147300000	147400000	49332	11463.0	0.232364388227
chrX	147400000	147500000	37436	8826.0	0.235762367774
chrX	147500000	147600000	21372	5213.0	0.243917274939
chrX	147600000	147700000	0	0.0	NA
chrX	147700000	147800000	0	0.0	NA
chrX	147800000	147900000	0	0.0	NA
chrX	147900000	148000000	0	0.0	NA
chrX	148000000	148100000	0	0.0	NA
chrX	148100000	148200000	12747	2996.0	0.235035694673
chrX	148200000	148300000	32229	7050.0	0.218747091129
chrX	148300000	148400000	18828	4131.0	0.219407265774
chrX	148400000	148500000	10387	2576.0	0.248002310581
chrX	148500000	148600000	0	0.0	NA
chrX	148600000	148700000	0	0.0	NA
chrX	148700000	148800000	0	0.0	NA
chrX	148800000	148900000	0	0.0	NA
chrX	148900000	149000000	0	0.0	NA
chrX	149000000	149100000	0	0.0	NA
chrX	149100000	149200000	0	0.0	NA
chrX	149200000	149300000	0	0.0	NA
chrX	149300000	149400000	0	0.0	NA
chrX	149400000	149500000	21011	5341.0	0.254200180858
chrX	149500000	149600000	0	0.0	NA
chrX	149600000	149700000	0	0.0	NA
chrX	149700000	149800000	0	0.0	NA
chrX	149800000	149900000	0	0.0	NA
chrX	149900000	150000000	0	0.0	NA
chrX	150000000	150100000	0	0.0	NA
chrX	150100000	150200000	0	0.0	NA
chrX	150200000	150300000	12079	2857.0	0.2365262025
chrX	150300000	150400000	0	0.0	NA
chrX	150400000	150500000	50474	11267.0	0.223223838016
chrX	150500000	150600000	8680	2058.0	0.237096774194
chrX	150600000	150700000	0	0.0	NA
chrX	150700000	150800000	0	0.0	NA
chrX	150800000	150900000	0	0.0	NA
chrX	150900000	151000000	27155	6759.0	0.248904437488
chrX	151000000	151100000	5785	1526.0	0.26378565255
chrX	151100000	151200000	0	0.0	NA
chrX	151200000	151300000	0	0.0	NA
chrX	151300000	151400000	0	0.0	NA
chrX	151400000	151500000	0	0.0	NA
chrX	151500000	151600000	0	0.0	NA
chrX	151600000	151700000	9528	2287.0	0.24002938707
chrX	151700000	151800000	22335	5055.0	0.226326393553
chrX	151800000	151900000	0	0.0	NA
chrX	151900000	152000000	0	0.0	NA
chrX	152000000	152100000	0	0.0	NA
chrX	152100000	152200000	0	0.0	NA
chrX	152200000	152300000	0	0.0	NA
chrX	152300000	152400000	0	0.0	NA
chrX	152400000	152500000	0	0.0	NA
chrX	152500000	152600000	0	0.0	NA
chrX	152600000	152700000	0	0.0	NA
chrX	152700000	152800000	0	0.0	NA
chrX	152800000	152900000	0	0.0	NA
chrX	152900000	153000000	0	0.0	NA
chrX	153000000	153100000	0	0.0	NA
chrX	153100000	153200000	0	0.0	NA
chrX	153200000	153300000	0	0.0	NA
chrX	153300000	153400000	0	0.0	NA
chrX	153400000	153500000	0	0.0	NA
chrX	153500000	153600000	0	0.0	NA
chrX	153600000	153700000	0	0.0	NA
chrX	153700000	153800000	0	0.0	NA
chrX	153800000	153900000	0	0.0	NA
chrX	153900000	154000000	0	0.0	NA
chrX	154000000	154100000	0	0.0	NA
chrX	154100000	154200000	0	0.0	NA
chrX	154200000	154300000	0	0.0	NA
chrX	154300000	154400000	0	0.0	NA
chrX	154400000	154500000	0	0.0	NA
chrX	154500000	154600000	0	0.0	NA
chrX	154600000	154700000	0	0.0	NA
chrX	154700000	154800000	0	0.0	NA
chrX	154800000	154900000	0	0.0	NA
chrX	154900000	155000000	0	0.0	NA
chrX	155000000	155100000	0	0.0	NA
chrX	155100000	155200000	0	0.0	NA
chrX	155200000	155270560	0	0.0	NA
