chrX	0	100000	0	0.0	NA
chrX	100000	200000	0	0.0	NA
chrX	200000	300000	0	0.0	NA
chrX	300000	400000	0	0.0	NA
chrX	400000	500000	0	0.0	NA
chrX	500000	600000	0	0.0	NA
chrX	600000	700000	0	0.0	NA
chrX	700000	800000	0	0.0	NA
chrX	800000	900000	0	0.0	NA
chrX	900000	1000000	0	0.0	NA
chrX	1000000	1100000	0	0.0	NA
chrX	1100000	1200000	0	0.0	NA
chrX	1200000	1300000	0	0.0	NA
chrX	1300000	1400000	0	0.0	NA
chrX	1400000	1500000	0	0.0	NA
chrX	1500000	1600000	0	0.0	NA
chrX	1600000	1700000	0	0.0	NA
chrX	1700000	1800000	0	0.0	NA
chrX	1800000	1900000	0	0.0	NA
chrX	1900000	2000000	0	0.0	NA
chrX	2000000	2100000	0	0.0	NA
chrX	2100000	2200000	0	0.0	NA
chrX	2200000	2300000	0	0.0	NA
chrX	2300000	2400000	0	0.0	NA
chrX	2400000	2500000	19138	2973.0	0.155345386143
chrX	2500000	2600000	164	17.0	0.103658536585
chrX	2600000	2700000	0	0.0	NA
chrX	2700000	2800000	0	0.0	NA
chrX	2800000	2900000	103	13.0	0.126213592233
chrX	2900000	3000000	4547	540.0	0.118759621729
chrX	3000000	3100000	29431	3274.0	0.111243246917
chrX	3100000	3200000	39990	4233.0	0.105851462866
chrX	3200000	3300000	17040	1877.0	0.11015258216
chrX	3300000	3400000	52947	5373.0	0.101478837328
chrX	3400000	3500000	23063	2514.0	0.109005766813
chrX	3500000	3600000	6609	758.0	0.114692086549
chrX	3600000	3700000	17652	1881.0	0.106560163154
chrX	3700000	3800000	12361	1293.0	0.104603187444
chrX	3800000	3900000	15525	1577.0	0.101578099839
chrX	3900000	4000000	62872	6090.0	0.0968634686347
chrX	4000000	4100000	61116	5988.0	0.0979776163361
chrX	4100000	4200000	71656	7592.0	0.10595065312
chrX	4200000	4300000	57727	5828.0	0.100957957282
chrX	4300000	4400000	70096	7004.0	0.099920109564
chrX	4400000	4500000	54808	5512.0	0.100569259962
chrX	4500000	4600000	36645	3639.0	0.0993041342612
chrX	4600000	4700000	40057	4126.0	0.103003220411
chrX	4700000	4800000	61085	6208.0	0.101628877793
chrX	4800000	4900000	63692	6742.0	0.105853168373
chrX	4900000	5000000	70398	7506.0	0.106622347226
chrX	5000000	5100000	57022	6107.0	0.107099014415
chrX	5100000	5200000	58721	6272.0	0.106810170127
chrX	5200000	5300000	71459	7527.0	0.105333128087
chrX	5300000	5400000	46824	4810.0	0.10272509824
chrX	5400000	5500000	65667	6983.0	0.106339561728
chrX	5500000	5600000	39868	4023.0	0.100907996388
chrX	5600000	5700000	23003	2370.0	0.10303003956
chrX	5700000	5800000	61313	6140.0	0.100141894867
chrX	5800000	5900000	0	0.0	NA
chrX	5900000	6000000	0	0.0	NA
chrX	6000000	6100000	0	0.0	NA
chrX	6100000	6200000	27167	2638.0	0.0971031030294
chrX	6200000	6300000	56754	5722.0	0.1008210875
chrX	6300000	6400000	60935	6028.0	0.098925084106
chrX	6400000	6500000	53336	5132.0	0.0962201889906
chrX	6500000	6600000	53926	5325.0	0.0987464302934
chrX	6600000	6700000	39531	3799.0	0.0961017935291
chrX	6700000	6800000	76561	7355.0	0.0960671882551
chrX	6800000	6900000	68360	6422.0	0.0939438267993
chrX	6900000	7000000	25002	2471.0	0.0988320934325
chrX	7000000	7100000	0	0.0	NA
chrX	7100000	7200000	0	0.0	NA
chrX	7200000	7300000	9086	843.0	0.0927801012547
chrX	7300000	7400000	78006	6914.0	0.0886342076251
chrX	7400000	7500000	54554	5016.0	0.0919455951901
chrX	7500000	7600000	66277	5897.0	0.0889750592211
chrX	7600000	7700000	34911	3187.0	0.0912892784509
chrX	7700000	7800000	83447	7769.0	0.0931010102221
chrX	7800000	7900000	18636	1801.0	0.0966409100665
chrX	7900000	8000000	45668	4275.0	0.0936104055356
chrX	8000000	8100000	60927	5448.0	0.0894184844158
chrX	8100000	8200000	51754	4724.0	0.0912779688526
chrX	8200000	8300000	69999	6290.0	0.089858426549
chrX	8300000	8400000	63404	5781.0	0.0911772127941
chrX	8400000	8500000	39658	3616.0	0.0911795854556
chrX	8500000	8600000	0	0.0	NA
chrX	8600000	8700000	0	0.0	NA
chrX	8700000	8800000	32858	3316.0	0.100919106458
chrX	8800000	8900000	66217	5787.0	0.0873944757389
chrX	8900000	9000000	49429	4766.0	0.0964211292966
chrX	9000000	9100000	61782	5652.0	0.0914829562008
chrX	9100000	9200000	71814	6299.0	0.0877127022586
chrX	9200000	9300000	41762	3840.0	0.0919496192711
chrX	9300000	9400000	48544	4561.0	0.0939559986816
chrX	9400000	9500000	13425	1259.0	0.0937802607076
chrX	9500000	9600000	0	0.0	NA
chrX	9600000	9700000	0	0.0	NA
chrX	9700000	9800000	438	35.0	0.0799086757991
chrX	9800000	9900000	0	0.0	NA
chrX	9900000	10000000	10572	947.0	0.0895762391222
chrX	10000000	10100000	0	0.0	NA
chrX	10100000	10200000	0	0.0	NA
chrX	10200000	10300000	0	0.0	NA
chrX	10300000	10400000	47648	3825.0	0.0802761920752
chrX	10400000	10500000	3002	245.0	0.0816122584943
chrX	10500000	10600000	0	0.0	NA
chrX	10600000	10700000	0	0.0	NA
chrX	10700000	10800000	0	0.0	NA
chrX	10800000	10900000	0	0.0	NA
chrX	10900000	11000000	0	0.0	NA
chrX	11000000	11100000	0	0.0	NA
chrX	11100000	11200000	0	0.0	NA
chrX	11200000	11300000	0	0.0	NA
chrX	11300000	11400000	0	0.0	NA
chrX	11400000	11500000	0	0.0	NA
chrX	11500000	11600000	0	0.0	NA
chrX	11600000	11700000	0	0.0	NA
chrX	11700000	11800000	0	0.0	NA
chrX	11800000	11900000	72387	6324.0	0.0873637531601
chrX	11900000	12000000	78527	6870.0	0.0874858328982
chrX	12000000	12100000	61981	5190.0	0.0837353382488
chrX	12100000	12200000	34649	2971.0	0.0857456203642
chrX	12200000	12300000	0	0.0	NA
chrX	12300000	12400000	0	0.0	NA
chrX	12400000	12500000	0	0.0	NA
chrX	12500000	12600000	0	0.0	NA
chrX	12600000	12700000	0	0.0	NA
chrX	12700000	12800000	30662	2825.0	0.0921335855456
chrX	12800000	12900000	6281	629.0	0.100143289285
chrX	12900000	13000000	6484	588.0	0.0906847624923
chrX	13000000	13100000	49443	4094.0	0.0828024189471
chrX	13100000	13200000	56677	4789.0	0.0844963565467
chrX	13200000	13300000	55159	4689.0	0.0850087927627
chrX	13300000	13400000	0	0.0	NA
chrX	13400000	13500000	51858	4478.0	0.0863511897875
chrX	13500000	13600000	57426	5014.0	0.0873123672204
chrX	13600000	13700000	0	0.0	NA
chrX	13700000	13800000	0	0.0	NA
chrX	13800000	13900000	0	0.0	NA
chrX	13900000	14000000	0	0.0	NA
chrX	14000000	14100000	22994	2046.0	0.0889797338436
chrX	14100000	14200000	67178	5883.0	0.0875733126917
chrX	14200000	14300000	49379	4483.0	0.0907875817655
chrX	14300000	14400000	70767	6103.0	0.0862407619371
chrX	14400000	14500000	72633	6272.0	0.0863519336941
chrX	14500000	14600000	32341	2913.0	0.0900714263628
chrX	14600000	14700000	0	0.0	NA
chrX	14700000	14800000	18008	1506.0	0.0836294980009
chrX	14800000	14900000	30173	2529.0	0.0838166572764
chrX	14900000	15000000	25040	2238.0	0.0893769968051
chrX	15000000	15100000	66667	5725.0	0.0858745706271
chrX	15100000	15200000	68195	5919.0	0.0867952195909
chrX	15200000	15300000	38480	3235.0	0.0840696465696
chrX	15300000	15400000	0	0.0	NA
chrX	15400000	15500000	0	0.0	NA
chrX	15500000	15600000	0	0.0	NA
chrX	15600000	15700000	0	0.0	NA
chrX	15700000	15800000	1182	116.0	0.0981387478849
chrX	15800000	15900000	10864	861.0	0.0792525773196
chrX	15900000	16000000	51071	4139.0	0.0810440367332
chrX	16000000	16100000	69628	5532.0	0.0794507956569
chrX	16100000	16200000	25163	2094.0	0.0832174224059
chrX	16200000	16300000	60488	5072.0	0.083851342415
chrX	16300000	16400000	24933	2157.0	0.0865118517627
chrX	16400000	16500000	68439	5692.0	0.0831689533745
chrX	16500000	16600000	40115	3312.0	0.0825626324318
chrX	16600000	16700000	0	0.0	NA
chrX	16700000	16800000	0	0.0	NA
chrX	16800000	16900000	0	0.0	NA
chrX	16900000	17000000	21595	1849.0	0.0856216716833
chrX	17000000	17100000	0	0.0	NA
chrX	17100000	17200000	14957	1126.0	0.0752824764324
chrX	17200000	17300000	69497	5707.0	0.0821186526037
chrX	17300000	17400000	38741	3175.0	0.0819545184688
chrX	17400000	17500000	0	0.0	NA
chrX	17500000	17600000	0	0.0	NA
chrX	17600000	17700000	0	0.0	NA
chrX	17700000	17800000	7813	728.0	0.0931780366057
chrX	17800000	17900000	10996	951.0	0.0864859949072
chrX	17900000	18000000	60885	5068.0	0.083238892995
chrX	18000000	18100000	0	0.0	NA
chrX	18100000	18200000	29400	2580.0	0.0877551020408
chrX	18200000	18300000	0	0.0	NA
chrX	18300000	18400000	4603	421.0	0.0914620899413
chrX	18400000	18500000	7101	637.0	0.089705675257
chrX	18500000	18600000	0	0.0	NA
chrX	18600000	18700000	0	0.0	NA
chrX	18700000	18800000	0	0.0	NA
chrX	18800000	18900000	5462	625.0	0.114426949835
chrX	18900000	19000000	0	0.0	NA
chrX	19000000	19100000	0	0.0	NA
chrX	19100000	19200000	28992	2565.0	0.0884726821192
chrX	19200000	19300000	58118	5159.0	0.0887676795485
chrX	19300000	19400000	35150	3045.0	0.0866287339972
chrX	19400000	19500000	0	0.0	NA
chrX	19500000	19600000	0	0.0	NA
chrX	19600000	19700000	0	0.0	NA
chrX	19700000	19800000	0	0.0	NA
chrX	19800000	19900000	0	0.0	NA
chrX	19900000	20000000	3266	279.0	0.0854255970606
chrX	20000000	20100000	0	0.0	NA
chrX	20100000	20200000	0	0.0	NA
chrX	20200000	20300000	1979	162.0	0.0818595250126
chrX	20300000	20400000	58275	4669.0	0.0801201201201
chrX	20400000	20500000	38406	3114.0	0.0810810810811
chrX	20500000	20600000	59339	4757.0	0.0801665009522
chrX	20600000	20700000	72609	5901.0	0.0812709168285
chrX	20700000	20800000	49698	4037.0	0.0812306330235
chrX	20800000	20900000	0	0.0	NA
chrX	20900000	21000000	0	0.0	NA
chrX	21000000	21100000	0	0.0	NA
chrX	21100000	21200000	23958	2092.0	0.0873194757492
chrX	21200000	21300000	23222	2086.0	0.0898286108001
chrX	21300000	21400000	23621	1928.0	0.0816222852546
chrX	21400000	21500000	0	0.0	NA
chrX	21500000	21600000	0	0.0	NA
chrX	21600000	21700000	10707	874.0	0.0816288409452
chrX	21700000	21800000	17692	1467.0	0.082918833371
chrX	21800000	21900000	33666	2576.0	0.0765163666607
chrX	21900000	22000000	19417	1552.0	0.079929958284
chrX	22000000	22100000	9922	773.0	0.0779076799032
chrX	22100000	22200000	0	0.0	NA
chrX	22200000	22300000	0	0.0	NA
chrX	22300000	22400000	0	0.0	NA
chrX	22400000	22500000	0	0.0	NA
chrX	22500000	22600000	0	0.0	NA
chrX	22600000	22700000	0	0.0	NA
chrX	22700000	22800000	0	0.0	NA
chrX	22800000	22900000	0	0.0	NA
chrX	22900000	23000000	0	0.0	NA
chrX	23000000	23100000	0	0.0	NA
chrX	23100000	23200000	0	0.0	NA
chrX	23200000	23300000	0	0.0	NA
chrX	23300000	23400000	17202	1594.0	0.0926636437624
chrX	23400000	23500000	24550	2528.0	0.102973523422
chrX	23500000	23600000	30727	2665.0	0.0867315390373
chrX	23600000	23700000	39739	3489.0	0.0877978811747
chrX	23700000	23800000	0	0.0	NA
chrX	23800000	23900000	10542	863.0	0.0818630240941
chrX	23900000	24000000	10098	912.0	0.0903149138443
chrX	24000000	24100000	375	35.0	0.0933333333333
chrX	24100000	24200000	6177	522.0	0.0845070422535
chrX	24200000	24300000	24217	2221.0	0.0917124334145
chrX	24300000	24400000	11110	907.0	0.0816381638164
chrX	24400000	24500000	46610	3851.0	0.0826217549882
chrX	24500000	24600000	0	0.0	NA
chrX	24600000	24700000	0	0.0	NA
chrX	24700000	24800000	12	3.0	0.25
chrX	24800000	24900000	0	0.0	NA
chrX	24900000	25000000	0	0.0	NA
chrX	25000000	25100000	23426	1955.0	0.0834542815675
chrX	25100000	25200000	66245	5266.0	0.0794927919088
chrX	25200000	25300000	60594	4865.0	0.080288477407
chrX	25300000	25400000	46689	4022.0	0.086144487995
chrX	25400000	25500000	63692	5130.0	0.0805438673617
chrX	25500000	25600000	74743	6744.0	0.0902291853418
chrX	25600000	25700000	68207	6496.0	0.0952394915478
chrX	25700000	25800000	69099	6631.0	0.0959637621384
chrX	25800000	25900000	52899	4608.0	0.0871093971531
chrX	25900000	26000000	47276	4488.0	0.0949318893307
chrX	26000000	26100000	62731	5885.0	0.0938132661682
chrX	26100000	26200000	26595	2446.0	0.0919721752209
chrX	26200000	26300000	36672	3407.0	0.0929046684119
chrX	26300000	26400000	57534	5297.0	0.092067299336
chrX	26400000	26500000	65533	5851.0	0.0892832618681
chrX	26500000	26600000	48581	4370.0	0.0899528622301
chrX	26600000	26700000	66612	5996.0	0.0900138113253
chrX	26700000	26800000	60932	5431.0	0.0891321473118
chrX	26800000	26900000	52665	4670.0	0.0886736922054
chrX	26900000	27000000	62427	5646.0	0.0904416358307
chrX	27000000	27100000	31882	2967.0	0.0930619158146
chrX	27100000	27200000	0	0.0	NA
chrX	27200000	27300000	0	0.0	NA
chrX	27300000	27400000	0	0.0	NA
chrX	27400000	27500000	24609	2109.0	0.0857003535292
chrX	27500000	27600000	56144	5049.0	0.0899294670846
chrX	27600000	27700000	0	0.0	NA
chrX	27700000	27800000	15322	1317.0	0.0859548361833
chrX	27800000	27900000	43686	3818.0	0.0873964199057
chrX	27900000	28000000	65507	5573.0	0.085074877494
chrX	28000000	28100000	72235	6299.0	0.0872014951201
chrX	28100000	28200000	66206	5527.0	0.0834818596502
chrX	28200000	28300000	58644	4847.0	0.0826512516199
chrX	28300000	28400000	56716	4716.0	0.0831511390084
chrX	28400000	28500000	55582	4854.0	0.087330430715
chrX	28500000	28600000	41044	3370.0	0.0821070071143
chrX	28600000	28700000	0	0.0	NA
chrX	28700000	28800000	0	0.0	NA
chrX	28800000	28900000	0	0.0	NA
chrX	28900000	29000000	0	0.0	NA
chrX	29000000	29100000	0	0.0	NA
chrX	29100000	29200000	0	0.0	NA
chrX	29200000	29300000	0	0.0	NA
chrX	29300000	29400000	0	0.0	NA
chrX	29400000	29500000	0	0.0	NA
chrX	29500000	29600000	0	0.0	NA
chrX	29600000	29700000	0	0.0	NA
chrX	29700000	29800000	0	0.0	NA
chrX	29800000	29900000	0	0.0	NA
chrX	29900000	30000000	6869	510.0	0.0742466152278
chrX	30000000	30100000	61669	5631.0	0.0913100585383
chrX	30100000	30200000	63882	5672.0	0.0887887041733
chrX	30200000	30300000	31880	2803.0	0.0879234629862
chrX	30300000	30400000	41065	3786.0	0.0921953001339
chrX	30400000	30500000	72454	6497.0	0.0896706876087
chrX	30500000	30600000	31453	2787.0	0.0886083998347
chrX	30600000	30700000	24018	2122.0	0.0883504038638
chrX	30700000	30800000	13981	1340.0	0.0958443602031
chrX	30800000	30900000	8196	818.0	0.0998047828209
chrX	30900000	31000000	0	0.0	NA
chrX	31000000	31100000	39461	3336.0	0.0845391652518
chrX	31100000	31200000	19620	1943.0	0.0990316004077
chrX	31200000	31300000	0	0.0	NA
chrX	31300000	31400000	0	0.0	NA
chrX	31400000	31500000	0	0.0	NA
chrX	31500000	31600000	0	0.0	NA
chrX	31600000	31700000	0	0.0	NA
chrX	31700000	31800000	0	0.0	NA
chrX	31800000	31900000	0	0.0	NA
chrX	31900000	32000000	0	0.0	NA
chrX	32000000	32100000	0	0.0	NA
chrX	32100000	32200000	0	0.0	NA
chrX	32200000	32300000	0	0.0	NA
chrX	32300000	32400000	0	0.0	NA
chrX	32400000	32500000	0	0.0	NA
chrX	32500000	32600000	0	0.0	NA
chrX	32600000	32700000	0	0.0	NA
chrX	32700000	32800000	0	0.0	NA
chrX	32800000	32900000	0	0.0	NA
chrX	32900000	33000000	0	0.0	NA
chrX	33000000	33100000	0	0.0	NA
chrX	33100000	33200000	0	0.0	NA
chrX	33200000	33300000	0	0.0	NA
chrX	33300000	33400000	23268	2488.0	0.106927969744
chrX	33400000	33500000	55589	5845.0	0.105146701686
chrX	33500000	33600000	46746	4973.0	0.106383433877
chrX	33600000	33700000	60054	6412.0	0.106770573151
chrX	33700000	33800000	26700	2595.0	0.097191011236
chrX	33800000	33900000	0	0.0	NA
chrX	33900000	34000000	21147	2126.0	0.100534354755
chrX	34000000	34100000	81395	8341.0	0.102475582038
chrX	34100000	34200000	28880	3043.0	0.105367036011
chrX	34200000	34300000	12479	1405.0	0.112589149772
chrX	34300000	34400000	0	0.0	NA
chrX	34400000	34500000	18903	1970.0	0.104216261969
chrX	34500000	34600000	70471	6961.0	0.0987782208284
chrX	34600000	34700000	33025	3104.0	0.0939894019682
chrX	34700000	34800000	62179	5560.0	0.0894192573055
chrX	34800000	34900000	50674	4624.0	0.091249950665
chrX	34900000	35000000	54433	5099.0	0.0936747928646
chrX	35000000	35100000	48627	4478.0	0.0920887572748
chrX	35100000	35200000	56284	5154.0	0.0915713168929
chrX	35200000	35300000	46670	4481.0	0.0960145703878
chrX	35300000	35400000	41700	3839.0	0.0920623501199
chrX	35400000	35500000	54488	4821.0	0.0884781970342
chrX	35500000	35600000	57674	4897.0	0.0849082775601
chrX	35600000	35700000	36743	3393.0	0.0923441199684
chrX	35700000	35800000	70752	6340.0	0.0896087743103
chrX	35800000	35900000	37229	3294.0	0.0884794112117
chrX	35900000	36000000	15097	1256.0	0.0831953368219
chrX	36000000	36100000	0	0.0	NA
chrX	36100000	36200000	0	0.0	NA
chrX	36200000	36300000	0	0.0	NA
chrX	36300000	36400000	0	0.0	NA
chrX	36400000	36500000	7248	674.0	0.0929911699779
chrX	36500000	36600000	52929	5052.0	0.0954486198492
chrX	36600000	36700000	35532	3379.0	0.0950973770123
chrX	36700000	36800000	21820	2272.0	0.104124656279
chrX	36800000	36900000	55799	5067.0	0.0908080789978
chrX	36900000	37000000	35706	3318.0	0.0929255587296
chrX	37000000	37100000	20859	2108.0	0.101059494703
chrX	37100000	37200000	31212	2885.0	0.0924323977957
chrX	37200000	37300000	0	0.0	NA
chrX	37300000	37400000	0	0.0	NA
chrX	37400000	37500000	0	0.0	NA
chrX	37500000	37600000	0	0.0	NA
chrX	37600000	37700000	0	0.0	NA
chrX	37700000	37800000	0	0.0	NA
chrX	37800000	37900000	0	0.0	NA
chrX	37900000	38000000	0	0.0	NA
chrX	38000000	38100000	0	0.0	NA
chrX	38100000	38200000	0	0.0	NA
chrX	38200000	38300000	0	0.0	NA
chrX	38300000	38400000	0	0.0	NA
chrX	38400000	38500000	0	0.0	NA
chrX	38500000	38600000	22223	1842.0	0.0828870989515
chrX	38600000	38700000	31217	2627.0	0.0841528654259
chrX	38700000	38800000	82720	6867.0	0.0830149903288
chrX	38800000	38900000	78947	6964.0	0.0882110783184
chrX	38900000	39000000	55043	4912.0	0.0892393219846
chrX	39000000	39100000	57562	4882.0	0.0848128973976
chrX	39100000	39200000	3087	288.0	0.0932944606414
chrX	39200000	39300000	7318	719.0	0.0982508882208
chrX	39300000	39400000	86261	7110.0	0.0824242705278
chrX	39400000	39500000	74285	6417.0	0.0863835229185
chrX	39500000	39600000	65090	5154.0	0.079182670149
chrX	39600000	39700000	51303	4365.0	0.0850827436992
chrX	39700000	39800000	60567	5369.0	0.0886456321099
chrX	39800000	39900000	48339	4317.0	0.0893067709303
chrX	39900000	40000000	0	0.0	NA
chrX	40000000	40100000	17630	1625.0	0.0921724333522
chrX	40100000	40200000	36235	3083.0	0.0850834828205
chrX	40200000	40300000	53750	4720.0	0.0878139534884
chrX	40300000	40400000	51644	4502.0	0.087173727829
chrX	40400000	40500000	10490	929.0	0.0885605338418
chrX	40500000	40600000	0	0.0	NA
chrX	40600000	40700000	29827	2425.0	0.0813021758809
chrX	40700000	40800000	35442	2903.0	0.0819084701766
chrX	40800000	40900000	41724	3361.0	0.0805531588534
chrX	40900000	41000000	11808	980.0	0.0829945799458
chrX	41000000	41100000	0	0.0	NA
chrX	41100000	41200000	8037	785.0	0.0976732611671
chrX	41200000	41300000	17188	1620.0	0.0942518035839
chrX	41300000	41400000	4566	422.0	0.0924222514236
chrX	41400000	41500000	0	0.0	NA
chrX	41500000	41600000	0	0.0	NA
chrX	41600000	41700000	0	0.0	NA
chrX	41700000	41800000	5664	504.0	0.0889830508475
chrX	41800000	41900000	63314	5045.0	0.0796822187826
chrX	41900000	42000000	49936	4175.0	0.0836070169817
chrX	42000000	42100000	45657	3750.0	0.0821341743873
chrX	42100000	42200000	1624	150.0	0.0923645320197
chrX	42200000	42300000	0	0.0	NA
chrX	42300000	42400000	0	0.0	NA
chrX	42400000	42500000	0	0.0	NA
chrX	42500000	42600000	19317	1654.0	0.0856240617073
chrX	42600000	42700000	47994	4212.0	0.0877609701213
chrX	42700000	42800000	45454	3812.0	0.0838650063801
chrX	42800000	42900000	50522	4440.0	0.0878825066308
chrX	42900000	43000000	76001	6597.0	0.0868014894541
chrX	43000000	43100000	26379	2269.0	0.0860153910307
chrX	43100000	43200000	29936	2640.0	0.0881881346873
chrX	43200000	43300000	62658	5348.0	0.0853522295637
chrX	43300000	43400000	57500	4716.0	0.0820173913043
chrX	43400000	43500000	59890	5187.0	0.0866087827684
chrX	43500000	43600000	3600	295.0	0.0819444444444
chrX	43600000	43700000	0	0.0	NA
chrX	43700000	43800000	27262	2666.0	0.0977917981073
chrX	43800000	43900000	42207	3490.0	0.0826877058308
chrX	43900000	44000000	66303	5486.0	0.0827413540865
chrX	44000000	44100000	0	0.0	NA
chrX	44100000	44200000	0	0.0	NA
chrX	44200000	44300000	28376	2385.0	0.0840499013251
chrX	44300000	44400000	33296	2894.0	0.0869173474291
chrX	44400000	44500000	17242	1540.0	0.0893167845958
chrX	44500000	44600000	44723	3767.0	0.0842295910382
chrX	44600000	44700000	23778	2022.0	0.0850365884431
chrX	44700000	44800000	1668	172.0	0.103117505995
chrX	44800000	44900000	0	0.0	NA
chrX	44900000	45000000	1784	134.0	0.0751121076233
chrX	45000000	45100000	0	0.0	NA
chrX	45100000	45200000	0	0.0	NA
chrX	45200000	45300000	52761	4433.0	0.0840203938515
chrX	45300000	45400000	24906	2053.0	0.0824299365615
chrX	45400000	45500000	0	0.0	NA
chrX	45500000	45600000	42301	3687.0	0.0871610600222
chrX	45600000	45700000	35049	3034.0	0.0865645239522
chrX	45700000	45800000	24778	2092.0	0.0844297360562
chrX	45800000	45900000	57464	4886.0	0.0850271474314
chrX	45900000	46000000	41645	3575.0	0.0858446392124
chrX	46000000	46100000	54663	4407.0	0.0806212611822
chrX	46100000	46200000	42770	3540.0	0.0827682955343
chrX	46200000	46300000	39841	3348.0	0.0840340352903
chrX	46300000	46400000	0	0.0	NA
chrX	46400000	46500000	3013	218.0	0.0723531364089
chrX	46500000	46600000	0	0.0	NA
chrX	46600000	46700000	28952	2502.0	0.0864189002487
chrX	46700000	46800000	0	0.0	NA
chrX	46800000	46900000	0	0.0	NA
chrX	46900000	47000000	0	0.0	NA
chrX	47000000	47100000	0	0.0	NA
chrX	47100000	47200000	10195	1066.0	0.104561059343
chrX	47200000	47300000	2234	193.0	0.0863921217547
chrX	47300000	47400000	18025	1600.0	0.0887656033287
chrX	47400000	47500000	4574	399.0	0.0872321818977
chrX	47500000	47600000	10662	858.0	0.0804727068092
chrX	47600000	47700000	20351	1666.0	0.0818632991008
chrX	47700000	47800000	0	0.0	NA
chrX	47800000	47900000	5450	514.0	0.0943119266055
chrX	47900000	48000000	932	89.0	0.0954935622318
chrX	48000000	48100000	5655	813.0	0.143766578249
chrX	48100000	48200000	2236	330.0	0.147584973166
chrX	48200000	48300000	1305	146.0	0.111877394636
chrX	48300000	48400000	564	69.0	0.122340425532
chrX	48400000	48500000	8207	703.0	0.0856585841355
chrX	48500000	48600000	7940	677.0	0.0852644836272
chrX	48600000	48700000	863	96.0	0.11123986095
chrX	48700000	48800000	590	54.0	0.0915254237288
chrX	48800000	48900000	0	0.0	NA
chrX	48900000	49000000	362	42.0	0.116022099448
chrX	49000000	49100000	0	0.0	NA
chrX	49100000	49200000	0	0.0	NA
chrX	49200000	49300000	0	0.0	NA
chrX	49300000	49400000	4259	455.0	0.10683258981
chrX	49400000	49500000	35815	3285.0	0.0917213458048
chrX	49500000	49600000	45421	3825.0	0.0842121485656
chrX	49600000	49700000	32870	2775.0	0.0844234864618
chrX	49700000	49800000	0	0.0	NA
chrX	49800000	49900000	12342	1072.0	0.0868578836493
chrX	49900000	50000000	13254	1290.0	0.0973291081938
chrX	50000000	50100000	0	0.0	NA
chrX	50100000	50200000	0	0.0	NA
chrX	50200000	50300000	58110	5021.0	0.0864050937876
chrX	50300000	50400000	10222	789.0	0.0771864605752
chrX	50400000	50500000	0	0.0	NA
chrX	50500000	50600000	15342	1321.0	0.0861035067136
chrX	50600000	50700000	37513	3277.0	0.0873563831205
chrX	50700000	50800000	44635	4370.0	0.0979052313207
chrX	50800000	50900000	14945	1527.0	0.102174640348
chrX	50900000	51000000	22634	1976.0	0.0873022885924
chrX	51000000	51100000	13652	1292.0	0.0946381482567
chrX	51100000	51200000	0	0.0	NA
chrX	51200000	51300000	5177	488.0	0.0942630867298
chrX	51300000	51400000	17319	1590.0	0.0918066862983
chrX	51400000	51500000	11120	1148.0	0.103237410072
chrX	51500000	51600000	16721	1445.0	0.0864182764189
chrX	51600000	51700000	15963	1532.0	0.0959719350999
chrX	51700000	51800000	7256	734.0	0.101157662624
chrX	51800000	51900000	1889	220.0	0.116463737427
chrX	51900000	52000000	15215	1520.0	0.0999014130792
chrX	52000000	52100000	23571	2285.0	0.0969411565059
chrX	52100000	52200000	0	0.0	NA
chrX	52200000	52300000	0	0.0	NA
chrX	52300000	52400000	0	0.0	NA
chrX	52400000	52500000	0	0.0	NA
chrX	52500000	52600000	12870	2049.0	0.159207459207
chrX	52600000	52700000	8613	1403.0	0.162893300824
chrX	52700000	52800000	0	0.0	NA
chrX	52800000	52900000	1847	310.0	0.167839740119
chrX	52900000	53000000	7045	686.0	0.0973740241306
chrX	53000000	53100000	5883	522.0	0.0887302396736
chrX	53100000	53200000	1655	148.0	0.0894259818731
chrX	53200000	53300000	4017	343.0	0.0853871048046
chrX	53300000	53400000	7763	619.0	0.0797372149942
chrX	53400000	53500000	3421	229.0	0.0669394913768
chrX	53500000	53600000	0	0.0	NA
chrX	53600000	53700000	0	0.0	NA
chrX	53700000	53800000	29778	2473.0	0.0830478877023
chrX	53800000	53900000	24872	2203.0	0.0885734963011
chrX	53900000	54000000	5211	499.0	0.0957589714066
chrX	54000000	54100000	0	0.0	NA
chrX	54100000	54200000	0	0.0	NA
chrX	54200000	54300000	0	0.0	NA
chrX	54300000	54400000	1745	155.0	0.0888252148997
chrX	54400000	54500000	11559	950.0	0.0821870404014
chrX	54500000	54600000	2879	239.0	0.0830149357416
chrX	54600000	54700000	20075	1734.0	0.0863760896638
chrX	54700000	54800000	21582	1774.0	0.0821981280697
chrX	54800000	54900000	16220	1681.0	0.103637484587
chrX	54900000	55000000	16049	1426.0	0.0888528880304
chrX	55000000	55100000	11247	953.0	0.0847337067662
chrX	55100000	55200000	21551	1857.0	0.0861676952346
chrX	55200000	55300000	0	0.0	NA
chrX	55300000	55400000	22297	2165.0	0.0970982643405
chrX	55400000	55500000	29655	2966.0	0.100016860563
chrX	55500000	55600000	23983	2365.0	0.0986115164908
chrX	55600000	55700000	2125	195.0	0.0917647058824
chrX	55700000	55800000	0	0.0	NA
chrX	55800000	55900000	7709	721.0	0.0935270463095
chrX	55900000	56000000	338	39.0	0.115384615385
chrX	56000000	56100000	0	0.0	NA
chrX	56100000	56200000	0	0.0	NA
chrX	56200000	56300000	0	0.0	NA
chrX	56300000	56400000	6210	761.0	0.122544283414
chrX	56400000	56500000	1534	185.0	0.120599739244
chrX	56500000	56600000	18622	1954.0	0.104929653098
chrX	56600000	56700000	0	0.0	NA
chrX	56700000	56800000	0	0.0	NA
chrX	56800000	56900000	0	0.0	NA
chrX	56900000	57000000	0	0.0	NA
chrX	57000000	57100000	5817	804.0	0.138215575039
chrX	57100000	57200000	0	0.0	NA
chrX	57200000	57300000	0	0.0	NA
chrX	57300000	57400000	0	0.0	NA
chrX	57400000	57500000	0	0.0	NA
chrX	57500000	57600000	786	135.0	0.171755725191
chrX	57600000	57700000	5406	609.0	0.112652608213
chrX	57700000	57800000	0	0.0	NA
chrX	57800000	57900000	0	0.0	NA
chrX	57900000	58000000	14598	1671.0	0.114467735306
chrX	58000000	58100000	0	0.0	NA
chrX	58100000	58200000	0	0.0	NA
chrX	58200000	58300000	0	0.0	NA
chrX	58300000	58400000	0	0.0	NA
chrX	58400000	58500000	0	0.0	NA
chrX	58500000	58600000	0	0.0	NA
chrX	58600000	58700000	0	0.0	NA
chrX	58700000	58800000	0	0.0	NA
chrX	58800000	58900000	0	0.0	NA
chrX	58900000	59000000	0	0.0	NA
chrX	59000000	59100000	0	0.0	NA
chrX	59100000	59200000	0	0.0	NA
chrX	59200000	59300000	0	0.0	NA
chrX	59300000	59400000	0	0.0	NA
chrX	59400000	59500000	0	0.0	NA
chrX	59500000	59600000	0	0.0	NA
chrX	59600000	59700000	0	0.0	NA
chrX	59700000	59800000	0	0.0	NA
chrX	59800000	59900000	0	0.0	NA
chrX	59900000	60000000	0	0.0	NA
chrX	60000000	60100000	0	0.0	NA
chrX	60100000	60200000	0	0.0	NA
chrX	60200000	60300000	0	0.0	NA
chrX	60300000	60400000	0	0.0	NA
chrX	60400000	60500000	0	0.0	NA
chrX	60500000	60600000	0	0.0	NA
chrX	60600000	60700000	0	0.0	NA
chrX	60700000	60800000	0	0.0	NA
chrX	60800000	60900000	0	0.0	NA
chrX	60900000	61000000	0	0.0	NA
chrX	61000000	61100000	0	0.0	NA
chrX	61100000	61200000	0	0.0	NA
chrX	61200000	61300000	0	0.0	NA
chrX	61300000	61400000	0	0.0	NA
chrX	61400000	61500000	0	0.0	NA
chrX	61500000	61600000	0	0.0	NA
chrX	61600000	61700000	0	0.0	NA
chrX	61700000	61800000	0	0.0	NA
chrX	61800000	61900000	0	0.0	NA
chrX	61900000	62000000	0	0.0	NA
chrX	62000000	62100000	0	0.0	NA
chrX	62100000	62200000	0	0.0	NA
chrX	62200000	62300000	0	0.0	NA
chrX	62300000	62400000	0	0.0	NA
chrX	62400000	62500000	0	0.0	NA
chrX	62500000	62600000	0	0.0	NA
chrX	62600000	62700000	0	0.0	NA
chrX	62700000	62800000	1613	183.0	0.113453192808
chrX	62800000	62900000	0	0.0	NA
chrX	62900000	63000000	0	0.0	NA
chrX	63000000	63100000	40221	4354.0	0.108251908207
chrX	63100000	63200000	37251	4054.0	0.108829293173
chrX	63200000	63300000	2920	346.0	0.118493150685
chrX	63300000	63400000	16374	1684.0	0.102845975327
chrX	63400000	63500000	0	0.0	NA
chrX	63500000	63600000	0	0.0	NA
chrX	63600000	63700000	2680	291.0	0.108582089552
chrX	63700000	63800000	10404	1217.0	0.116974240677
chrX	63800000	63900000	14008	1503.0	0.107295830954
chrX	63900000	64000000	0	0.0	NA
chrX	64000000	64100000	605	102.0	0.168595041322
chrX	64100000	64200000	3749	417.0	0.111229661243
chrX	64200000	64300000	4855	503.0	0.103604531411
chrX	64300000	64400000	12927	1585.0	0.122611588149
chrX	64400000	64500000	10288	1158.0	0.112558320373
chrX	64500000	64600000	13532	1541.0	0.113878214602
chrX	64600000	64700000	2055	237.0	0.115328467153
chrX	64700000	64800000	5495	541.0	0.0984531392175
chrX	64800000	64900000	10112	894.0	0.0884098101266
chrX	64900000	65000000	1353	119.0	0.0879526977088
chrX	65000000	65100000	0	0.0	NA
chrX	65100000	65200000	10149	1048.0	0.103261405065
chrX	65200000	65300000	6243	646.0	0.103475893
chrX	65300000	65400000	10284	1248.0	0.121353558926
chrX	65400000	65500000	0	0.0	NA
chrX	65500000	65600000	3774	440.0	0.116587175411
chrX	65600000	65700000	30632	3472.0	0.113345521024
chrX	65700000	65800000	1721	192.0	0.111563044741
chrX	65800000	65900000	1559	198.0	0.127004490058
chrX	65900000	66000000	10468	1209.0	0.115494841421
chrX	66000000	66100000	27537	3189.0	0.115807822203
chrX	66100000	66200000	36127	3872.0	0.107177457303
chrX	66200000	66300000	25504	3012.0	0.118099121706
chrX	66300000	66400000	47443	5601.0	0.118057458424
chrX	66400000	66500000	22304	2722.0	0.122040889527
chrX	66500000	66600000	37351	4474.0	0.119782602875
chrX	66600000	66700000	7483	955.0	0.127622611252
chrX	66700000	66800000	15851	1824.0	0.115071604315
chrX	66800000	66900000	0	0.0	NA
chrX	66900000	67000000	25820	2696.0	0.104415182029
chrX	67000000	67100000	25952	2789.0	0.107467632552
chrX	67100000	67200000	22330	2396.0	0.107299596955
chrX	67200000	67300000	12173	1266.0	0.104000657192
chrX	67300000	67400000	0	0.0	NA
chrX	67400000	67500000	0	0.0	NA
chrX	67500000	67600000	0	0.0	NA
chrX	67600000	67700000	10960	1054.0	0.0961678832117
chrX	67700000	67800000	10743	957.0	0.0890812622173
chrX	67800000	67900000	18055	1603.0	0.0887842702852
chrX	67900000	68000000	24990	2508.0	0.100360144058
chrX	68000000	68100000	33246	3010.0	0.0905372074836
chrX	68100000	68200000	68578	5935.0	0.0865437895535
chrX	68200000	68300000	86195	8022.0	0.09306804339
chrX	68300000	68400000	63921	5373.0	0.0840568827146
chrX	68400000	68500000	41038	3620.0	0.0882109264584
chrX	68500000	68600000	56252	4968.0	0.088316859845
chrX	68600000	68700000	52645	4561.0	0.0866369075886
chrX	68700000	68800000	22929	2076.0	0.0905403637315
chrX	68800000	68900000	16040	1399.0	0.0872194513716
chrX	68900000	69000000	0	0.0	NA
chrX	69000000	69100000	0	0.0	NA
chrX	69100000	69200000	0	0.0	NA
chrX	69200000	69300000	3477	285.0	0.0819672131148
chrX	69300000	69400000	20806	1750.0	0.0841103527829
chrX	69400000	69500000	0	0.0	NA
chrX	69500000	69600000	0	0.0	NA
chrX	69600000	69700000	0	0.0	NA
chrX	69700000	69800000	0	0.0	NA
chrX	69800000	69900000	0	0.0	NA
chrX	69900000	70000000	0	0.0	NA
chrX	70000000	70100000	0	0.0	NA
chrX	70100000	70200000	15328	1244.0	0.0811586638831
chrX	70200000	70300000	6681	557.0	0.0833707528813
chrX	70300000	70400000	0	0.0	NA
chrX	70400000	70500000	0	0.0	NA
chrX	70500000	70600000	0	0.0	NA
chrX	70600000	70700000	0	0.0	NA
chrX	70700000	70800000	0	0.0	NA
chrX	70800000	70900000	0	0.0	NA
chrX	70900000	71000000	0	0.0	NA
chrX	71000000	71100000	16910	2407.0	0.14234180958
chrX	71100000	71200000	520	41.0	0.0788461538462
chrX	71200000	71300000	0	0.0	NA
chrX	71300000	71400000	0	0.0	NA
chrX	71400000	71500000	0	0.0	NA
chrX	71500000	71600000	2057	206.0	0.100145843461
chrX	71600000	71700000	0	0.0	NA
chrX	71700000	71800000	0	0.0	NA
chrX	71800000	71900000	0	0.0	NA
chrX	71900000	72000000	0	0.0	NA
chrX	72000000	72100000	0	0.0	NA
chrX	72100000	72200000	0	0.0	NA
chrX	72200000	72300000	0	0.0	NA
chrX	72300000	72400000	0	0.0	NA
chrX	72400000	72500000	12939	1461.0	0.112914444702
chrX	72500000	72600000	5003	576.0	0.115130921447
chrX	72600000	72700000	0	0.0	NA
chrX	72700000	72800000	0	0.0	NA
chrX	72800000	72900000	0	0.0	NA
chrX	72900000	73000000	602	64.0	0.106312292359
chrX	73000000	73100000	5180	456.0	0.0880308880309
chrX	73100000	73200000	9150	821.0	0.0897267759563
chrX	73200000	73300000	0	0.0	NA
chrX	73300000	73400000	0	0.0	NA
chrX	73400000	73500000	0	0.0	NA
chrX	73500000	73600000	25729	2371.0	0.092152823662
chrX	73600000	73700000	1135	82.0	0.0722466960352
chrX	73700000	73800000	7131	672.0	0.0942364324779
chrX	73800000	73900000	0	0.0	NA
chrX	73900000	74000000	5655	565.0	0.0999115826702
chrX	74000000	74100000	0	0.0	NA
chrX	74100000	74200000	13167	1270.0	0.096453254348
chrX	74200000	74300000	0	0.0	NA
chrX	74300000	74400000	1297	132.0	0.101773323053
chrX	74400000	74500000	7113	754.0	0.106003092928
chrX	74500000	74600000	881	84.0	0.0953461975028
chrX	74600000	74700000	0	0.0	NA
chrX	74700000	74800000	9332	1117.0	0.11969567081
chrX	74800000	74900000	4544	474.0	0.104313380282
chrX	74900000	75000000	4919	656.0	0.133360439114
chrX	75000000	75100000	1393	304.0	0.218234027279
chrX	75100000	75200000	5956	832.0	0.139691067831
chrX	75200000	75300000	13341	1598.0	0.119781125853
chrX	75300000	75400000	20630	2352.0	0.114008725158
chrX	75400000	75500000	5586	658.0	0.117794486216
chrX	75500000	75600000	0	0.0	NA
chrX	75600000	75700000	0	0.0	NA
chrX	75700000	75800000	0	0.0	NA
chrX	75800000	75900000	0	0.0	NA
chrX	75900000	76000000	0	0.0	NA
chrX	76000000	76100000	0	0.0	NA
chrX	76100000	76200000	0	0.0	NA
chrX	76200000	76300000	0	0.0	NA
chrX	76300000	76400000	25021	3099.0	0.123855960993
chrX	76400000	76500000	6950	946.0	0.136115107914
chrX	76500000	76600000	8236	927.0	0.112554638174
chrX	76600000	76700000	26224	2330.0	0.0888499084808
chrX	76700000	76800000	0	0.0	NA
chrX	76800000	76900000	0	0.0	NA
chrX	76900000	77000000	0	0.0	NA
chrX	77000000	77100000	2095	184.0	0.0878281622912
chrX	77100000	77200000	0	0.0	NA
chrX	77200000	77300000	0	0.0	NA
chrX	77300000	77400000	0	0.0	NA
chrX	77400000	77500000	5483	546.0	0.0995805216123
chrX	77500000	77600000	2344	199.0	0.0848976109215
chrX	77600000	77700000	2892	311.0	0.107538035961
chrX	77700000	77800000	0	0.0	NA
chrX	77800000	77900000	32947	3737.0	0.11342459101
chrX	77900000	78000000	33834	3484.0	0.102973340427
chrX	78000000	78100000	29409	3088.0	0.105001870176
chrX	78100000	78200000	24952	2948.0	0.118146841937
chrX	78200000	78300000	6673	743.0	0.111344222988
chrX	78300000	78400000	33760	3661.0	0.108441943128
chrX	78400000	78500000	9678	1222.0	0.126265757388
chrX	78500000	78600000	21023	2191.0	0.104219188508
chrX	78600000	78700000	27836	2991.0	0.107450783158
chrX	78700000	78800000	5907	677.0	0.114609785001
chrX	78800000	78900000	28957	3308.0	0.114238353421
chrX	78900000	79000000	22523	2429.0	0.107845313679
chrX	79000000	79100000	11787	1242.0	0.105370323237
chrX	79100000	79200000	9423	1084.0	0.115037673777
chrX	79200000	79300000	18204	1915.0	0.105196660075
chrX	79300000	79400000	36353	3634.0	0.0999642395401
chrX	79400000	79500000	11599	1209.0	0.104233123545
chrX	79500000	79600000	0	0.0	NA
chrX	79600000	79700000	0	0.0	NA
chrX	79700000	79800000	2354	239.0	0.10152931181
chrX	79800000	79900000	3476	378.0	0.108745684695
chrX	79900000	80000000	5064	456.0	0.0900473933649
chrX	80000000	80100000	1502	145.0	0.0965379494008
chrX	80100000	80200000	16264	1526.0	0.0938268568618
chrX	80200000	80300000	19119	2218.0	0.116010251582
chrX	80300000	80400000	21586	2366.0	0.109608079311
chrX	80400000	80500000	0	0.0	NA
chrX	80500000	80600000	11711	1234.0	0.1053710187
chrX	80600000	80700000	52223	5209.0	0.099745322942
chrX	80700000	80800000	19252	2132.0	0.110741741118
chrX	80800000	80900000	11413	1267.0	0.111013756243
chrX	80900000	81000000	0	0.0	NA
chrX	81000000	81100000	30866	3540.0	0.114689302145
chrX	81100000	81200000	46596	5386.0	0.115589320972
chrX	81200000	81300000	33012	3865.0	0.117078638071
chrX	81300000	81400000	24292	3025.0	0.124526593117
chrX	81400000	81500000	14037	1660.0	0.118258887227
chrX	81500000	81600000	25249	2784.0	0.110261792546
chrX	81600000	81700000	20167	2426.0	0.120295532305
chrX	81700000	81800000	28721	3192.0	0.111138191567
chrX	81800000	81900000	11748	1408.0	0.119850187266
chrX	81900000	82000000	30544	2781.0	0.0910489785228
chrX	82000000	82100000	32485	3466.0	0.106695397876
chrX	82100000	82200000	37194	4331.0	0.116443512394
chrX	82200000	82300000	22265	2643.0	0.118706490007
chrX	82300000	82400000	25505	3044.0	0.119349147226
chrX	82400000	82500000	22109	2609.0	0.118006241802
chrX	82500000	82600000	50202	5548.0	0.110513525358
chrX	82600000	82700000	25007	2840.0	0.113568200904
chrX	82700000	82800000	48503	5169.0	0.106570727584
chrX	82800000	82900000	36654	4391.0	0.119795929503
chrX	82900000	83000000	3421	573.0	0.167494884537
chrX	83000000	83100000	14108	1561.0	0.110646441735
chrX	83100000	83200000	6483	777.0	0.119851920407
chrX	83200000	83300000	0	0.0	NA
chrX	83300000	83400000	0	0.0	NA
chrX	83400000	83500000	21852	2165.0	0.0990755994875
chrX	83500000	83600000	33083	3605.0	0.108968352326
chrX	83600000	83700000	0	0.0	NA
chrX	83700000	83800000	5493	574.0	0.104496632077
chrX	83800000	83900000	16293	1742.0	0.106917080955
chrX	83900000	84000000	17267	1760.0	0.101928534198
chrX	84000000	84100000	3954	465.0	0.117602427921
chrX	84100000	84200000	21657	2270.0	0.104815994828
chrX	84200000	84300000	15537	1468.0	0.0944841346463
chrX	84300000	84400000	0	0.0	NA
chrX	84400000	84500000	0	0.0	NA
chrX	84500000	84600000	0	0.0	NA
chrX	84600000	84700000	10144	984.0	0.0970031545741
chrX	84700000	84800000	56549	5591.0	0.098870006543
chrX	84800000	84900000	36252	3921.0	0.108159549818
chrX	84900000	85000000	14961	1598.0	0.106811042043
chrX	85000000	85100000	16903	1836.0	0.108619771638
chrX	85100000	85200000	324	30.0	0.0925925925926
chrX	85200000	85300000	0	0.0	NA
chrX	85300000	85400000	26510	2590.0	0.0976989815164
chrX	85400000	85500000	0	0.0	NA
chrX	85500000	85600000	0	0.0	NA
chrX	85600000	85700000	0	0.0	NA
chrX	85700000	85800000	0	0.0	NA
chrX	85800000	85900000	0	0.0	NA
chrX	85900000	86000000	0	0.0	NA
chrX	86000000	86100000	2189	231.0	0.105527638191
chrX	86100000	86200000	31784	3445.0	0.10838786811
chrX	86200000	86300000	25246	2626.0	0.104016477858
chrX	86300000	86400000	32960	3482.0	0.105643203883
chrX	86400000	86500000	17383	1933.0	0.111200598286
chrX	86500000	86600000	54695	5827.0	0.106536246458
chrX	86600000	86700000	48701	5092.0	0.104556374612
chrX	86700000	86800000	7673	847.0	0.11038707155
chrX	86800000	86900000	0	0.0	NA
chrX	86900000	87000000	7075	706.0	0.0997879858657
chrX	87000000	87100000	23300	2426.0	0.104120171674
chrX	87100000	87200000	47255	5129.0	0.108538778965
chrX	87200000	87300000	40749	4275.0	0.104910549952
chrX	87300000	87400000	42720	4480.0	0.104868913858
chrX	87400000	87500000	32562	3367.0	0.103402739389
chrX	87500000	87600000	31680	3257.0	0.102809343434
chrX	87600000	87700000	52700	5298.0	0.100531309298
chrX	87700000	87800000	50222	5133.0	0.102206204452
chrX	87800000	87900000	12612	1237.0	0.0980811925151
chrX	87900000	88000000	36951	3754.0	0.101594002869
chrX	88000000	88100000	14946	1650.0	0.110397430751
chrX	88100000	88200000	46391	5003.0	0.107844193917
chrX	88200000	88300000	44151	4551.0	0.103078072977
chrX	88300000	88400000	33567	3629.0	0.108112133941
chrX	88400000	88500000	23634	2536.0	0.107303037996
chrX	88500000	88600000	20	4.0	0.2
chrX	88600000	88700000	38	4.0	0.105263157895
chrX	88700000	88800000	5	2.0	0.4
chrX	88800000	88900000	1052	102.0	0.0969581749049
chrX	88900000	89000000	7390	787.0	0.10649526387
chrX	89000000	89100000	85	8.0	0.0941176470588
chrX	89100000	89200000	0	0.0	NA
chrX	89200000	89300000	5948	611.0	0.102723604573
chrX	89300000	89400000	13945	1475.0	0.105772678379
chrX	89400000	89500000	1645	153.0	0.093009118541
chrX	89500000	89600000	218	22.0	0.100917431193
chrX	89600000	89700000	183	29.0	0.158469945355
chrX	89700000	89800000	70	10.0	0.142857142857
chrX	89800000	89900000	7	2.0	0.285714285714
chrX	89900000	90000000	195	18.0	0.0923076923077
chrX	90000000	90100000	305	37.0	0.12131147541
chrX	90100000	90200000	98	17.0	0.173469387755
chrX	90200000	90300000	151	10.0	0.0662251655629
chrX	90300000	90400000	52410	5554.0	0.105972142721
chrX	90400000	90500000	121	8.0	0.0661157024793
chrX	90500000	90600000	7966	802.0	0.100677880994
chrX	90600000	90700000	11832	1199.0	0.101335361731
chrX	90700000	90800000	11993	1327.0	0.110647877929
chrX	90800000	90900000	309	46.0	0.148867313916
chrX	90900000	91000000	9092	936.0	0.102947646282
chrX	91000000	91100000	102	8.0	0.078431372549
chrX	91100000	91200000	0	0.0	NA
chrX	91200000	91300000	0	0.0	NA
chrX	91300000	91400000	0	0.0	NA
chrX	91400000	91500000	0	0.0	NA
chrX	91500000	91600000	0	0.0	NA
chrX	91600000	91700000	0	0.0	NA
chrX	91700000	91800000	0	0.0	NA
chrX	91800000	91900000	0	0.0	NA
chrX	91900000	92000000	104	6.0	0.0576923076923
chrX	92000000	92100000	169	19.0	0.112426035503
chrX	92100000	92200000	983	129.0	0.131230925738
chrX	92200000	92300000	557	55.0	0.0987432675045
chrX	92300000	92400000	18973	1959.0	0.10325198967
chrX	92400000	92500000	36407	3881.0	0.106600379048
chrX	92500000	92600000	43257	4624.0	0.106895993712
chrX	92600000	92700000	42029	4342.0	0.103309619548
chrX	92700000	92800000	59681	6124.0	0.102612221645
chrX	92800000	92900000	46215	4696.0	0.101612030726
chrX	92900000	93000000	25057	2609.0	0.104122600471
chrX	93000000	93100000	81412	7880.0	0.0967916277699
chrX	93100000	93200000	60969	6650.0	0.109071823386
chrX	93200000	93300000	28362	2980.0	0.105070164304
chrX	93300000	93400000	57214	5862.0	0.102457440487
chrX	93400000	93500000	39294	4019.0	0.102280246348
chrX	93500000	93600000	56785	5852.0	0.103055384344
chrX	93600000	93700000	34777	3564.0	0.102481525146
chrX	93700000	93800000	47546	4971.0	0.10455138182
chrX	93800000	93900000	51894	5488.0	0.105754037076
chrX	93900000	94000000	17075	1731.0	0.101376281113
chrX	94000000	94100000	34932	3794.0	0.108611015688
chrX	94100000	94200000	15944	1761.0	0.110449071751
chrX	94200000	94300000	44939	4790.0	0.106588931663
chrX	94300000	94400000	12846	1341.0	0.104390471742
chrX	94400000	94500000	615	57.0	0.0926829268293
chrX	94500000	94600000	11305	1168.0	0.10331711632
chrX	94600000	94700000	57694	6089.0	0.105539570839
chrX	94700000	94800000	57001	5838.0	0.102419255803
chrX	94800000	94900000	35202	3669.0	0.104227032555
chrX	94900000	95000000	70601	6533.0	0.0925341000836
chrX	95000000	95100000	50083	4954.0	0.0989157997724
chrX	95100000	95200000	67360	6302.0	0.0935570071259
chrX	95200000	95300000	34178	3323.0	0.0972262859149
chrX	95300000	95400000	47359	4384.0	0.0925695221605
chrX	95400000	95500000	59631	5671.0	0.0951015411447
chrX	95500000	95600000	25438	2361.0	0.0928139004639
chrX	95600000	95700000	56697	4833.0	0.0852426054289
chrX	95700000	95800000	49934	4024.0	0.0805863740137
chrX	95800000	95900000	59990	5071.0	0.0845307551259
chrX	95900000	96000000	14499	1355.0	0.0934547210152
chrX	96000000	96100000	0	0.0	NA
chrX	96100000	96200000	0	0.0	NA
chrX	96200000	96300000	0	0.0	NA
chrX	96300000	96400000	0	0.0	NA
chrX	96400000	96500000	0	0.0	NA
chrX	96500000	96600000	0	0.0	NA
chrX	96600000	96700000	0	0.0	NA
chrX	96700000	96800000	0	0.0	NA
chrX	96800000	96900000	0	0.0	NA
chrX	96900000	97000000	66276	5337.0	0.0805268875611
chrX	97000000	97100000	69083	5610.0	0.0812066644471
chrX	97100000	97200000	73210	6033.0	0.0824067750307
chrX	97200000	97300000	72139	6184.0	0.0857233951122
chrX	97300000	97400000	65786	6121.0	0.0930441127292
chrX	97400000	97500000	70411	6023.0	0.0855406115522
chrX	97500000	97600000	65240	5713.0	0.0875689760883
chrX	97600000	97700000	54125	4742.0	0.0876120092379
chrX	97700000	97800000	75366	6955.0	0.0922829923308
chrX	97800000	97900000	10844	981.0	0.0904647731464
chrX	97900000	98000000	0	0.0	NA
chrX	98000000	98100000	0	0.0	NA
chrX	98100000	98200000	44071	4413.0	0.100133874884
chrX	98200000	98300000	70051	6605.0	0.0942884469886
chrX	98300000	98400000	63874	6044.0	0.0946237905877
chrX	98400000	98500000	48723	4639.0	0.0952117069967
chrX	98500000	98600000	53927	5402.0	0.100172455356
chrX	98600000	98700000	38006	4206.0	0.110666736831
chrX	98700000	98800000	4440	430.0	0.0968468468468
chrX	98800000	98900000	0	0.0	NA
chrX	98900000	99000000	0	0.0	NA
chrX	99000000	99100000	0	0.0	NA
chrX	99100000	99200000	0	0.0	NA
chrX	99200000	99300000	65480	6269.0	0.0957391569945
chrX	99300000	99400000	49521	4250.0	0.0858221764504
chrX	99400000	99500000	33969	2961.0	0.0871677117372
chrX	99500000	99600000	12676	1118.0	0.0881981697696
chrX	99600000	99700000	20382	1526.0	0.0748699833186
chrX	99700000	99800000	52727	4374.0	0.0829556014945
chrX	99800000	99900000	9907	837.0	0.0844857171697
chrX	99900000	100000000	2465	194.0	0.0787018255578
chrX	100000000	100100000	16905	1457.0	0.0861875184857
chrX	100100000	100200000	9878	789.0	0.0798744685159
chrX	100200000	100300000	4025	355.0	0.088198757764
chrX	100300000	100400000	0	0.0	NA
chrX	100400000	100500000	12725	1013.0	0.0796070726916
chrX	100500000	100600000	2839	249.0	0.0877069390631
chrX	100600000	100700000	0	0.0	NA
chrX	100700000	100800000	0	0.0	NA
chrX	100800000	100900000	9694	907.0	0.0935630286775
chrX	100900000	101000000	38465	3510.0	0.0912517873391
chrX	101000000	101100000	37311	3536.0	0.0947709790678
chrX	101100000	101200000	0	0.0	NA
chrX	101200000	101300000	15517	1469.0	0.094670361539
chrX	101300000	101400000	4431	504.0	0.113744075829
chrX	101400000	101500000	5273	570.0	0.108097857007
chrX	101500000	101600000	4409	471.0	0.106826944885
chrX	101600000	101700000	2433	309.0	0.127003699137
chrX	101700000	101800000	12622	1171.0	0.0927745206782
chrX	101800000	101900000	1203	118.0	0.0980881130507
chrX	101900000	102000000	0	0.0	NA
chrX	102000000	102100000	0	0.0	NA
chrX	102100000	102200000	1848	155.0	0.0838744588745
chrX	102200000	102300000	12034	1029.0	0.0855077281037
chrX	102300000	102400000	12811	1239.0	0.0967137616111
chrX	102400000	102500000	26644	2449.0	0.091915628284
chrX	102500000	102600000	5556	495.0	0.0890928725702
chrX	102600000	102700000	12024	974.0	0.081004657352
chrX	102700000	102800000	24950	2215.0	0.0887775551102
chrX	102800000	102900000	4926	482.0	0.0978481526594
chrX	102900000	103000000	14715	1412.0	0.0959565069657
chrX	103000000	103100000	9918	885.0	0.0892316999395
chrX	103100000	103200000	3390	382.0	0.112684365782
chrX	103200000	103300000	2275	327.0	0.143736263736
chrX	103300000	103400000	0	0.0	NA
chrX	103400000	103500000	15686	1399.0	0.0891878107867
chrX	103500000	103600000	66224	5718.0	0.0863433196424
chrX	103600000	103700000	68389	5697.0	0.0833028703446
chrX	103700000	103800000	70213	6205.0	0.0883739478444
chrX	103800000	103900000	839	87.0	0.103694874851
chrX	103900000	104000000	0	0.0	NA
chrX	104000000	104100000	0	0.0	NA
chrX	104100000	104200000	0	0.0	NA
chrX	104200000	104300000	0	0.0	NA
chrX	104300000	104400000	0	0.0	NA
chrX	104400000	104500000	0	0.0	NA
chrX	104500000	104600000	0	0.0	NA
chrX	104600000	104700000	0	0.0	NA
chrX	104700000	104800000	0	0.0	NA
chrX	104800000	104900000	0	0.0	NA
chrX	104900000	105000000	0	0.0	NA
chrX	105000000	105100000	18974	1838.0	0.0968694002319
chrX	105100000	105200000	0	0.0	NA
chrX	105200000	105300000	16259	1873.0	0.115197736638
chrX	105300000	105400000	16745	1710.0	0.102120035832
chrX	105400000	105500000	18027	1783.0	0.0989071947634
chrX	105500000	105600000	39257	4071.0	0.103701250732
chrX	105600000	105700000	35368	3557.0	0.100571137752
chrX	105700000	105800000	45129	4391.0	0.0972988543952
chrX	105800000	105900000	20255	1978.0	0.0976549000247
chrX	105900000	106000000	0	0.0	NA
chrX	106000000	106100000	0	0.0	NA
chrX	106100000	106200000	0	0.0	NA
chrX	106200000	106300000	23788	2063.0	0.0867243988566
chrX	106300000	106400000	0	0.0	NA
chrX	106400000	106500000	0	0.0	NA
chrX	106500000	106600000	66551	6051.0	0.0909227509729
chrX	106600000	106700000	52842	4577.0	0.0866167064078
chrX	106700000	106800000	35631	2888.0	0.0810530156325
chrX	106800000	106900000	1187	105.0	0.0884582982308
chrX	106900000	107000000	27485	2363.0	0.0859741677279
chrX	107000000	107100000	7561	715.0	0.0945642110832
chrX	107100000	107200000	2169	273.0	0.125864453665
chrX	107200000	107300000	23058	2150.0	0.09324312603
chrX	107300000	107400000	0	0.0	NA
chrX	107400000	107500000	0	0.0	NA
chrX	107500000	107600000	0	0.0	NA
chrX	107600000	107700000	0	0.0	NA
chrX	107700000	107800000	0	0.0	NA
chrX	107800000	107900000	0	0.0	NA
chrX	107900000	108000000	4027	374.0	0.0928731065309
chrX	108000000	108100000	13625	1348.0	0.0989357798165
chrX	108100000	108200000	34589	3577.0	0.103414380294
chrX	108200000	108300000	33171	3435.0	0.103554309487
chrX	108300000	108400000	18862	1687.0	0.0894390838723
chrX	108400000	108500000	32450	3232.0	0.0995993836672
chrX	108500000	108600000	58825	5839.0	0.099260518487
chrX	108600000	108700000	6053	523.0	0.0864034363126
chrX	108700000	108800000	7937	787.0	0.0991558523372
chrX	108800000	108900000	15288	1414.0	0.0924908424908
chrX	108900000	109000000	1449	141.0	0.0973084886128
chrX	109000000	109100000	60915	5457.0	0.0895838463433
chrX	109100000	109200000	68076	6121.0	0.0899142135261
chrX	109200000	109300000	20742	1773.0	0.0854787387909
chrX	109300000	109400000	0	0.0	NA
chrX	109400000	109500000	0	0.0	NA
chrX	109500000	109600000	0	0.0	NA
chrX	109600000	109700000	0	0.0	NA
chrX	109700000	109800000	22704	2112.0	0.093023255814
chrX	109800000	109900000	25270	2326.0	0.0920459042343
chrX	109900000	110000000	767	87.0	0.113428943937
chrX	110000000	110100000	28431	2631.0	0.0925398332806
chrX	110100000	110200000	39979	3846.0	0.0962005052653
chrX	110200000	110300000	0	0.0	NA
chrX	110300000	110400000	0	0.0	NA
chrX	110400000	110500000	0	0.0	NA
chrX	110500000	110600000	3222	263.0	0.0816263190565
chrX	110600000	110700000	20622	1897.0	0.091989137814
chrX	110700000	110800000	43603	3998.0	0.0916909386969
chrX	110800000	110900000	40019	3678.0	0.0919063444864
chrX	110900000	111000000	1870	165.0	0.0882352941176
chrX	111000000	111100000	0	0.0	NA
chrX	111100000	111200000	0	0.0	NA
chrX	111200000	111300000	0	0.0	NA
chrX	111300000	111400000	0	0.0	NA
chrX	111400000	111500000	0	0.0	NA
chrX	111500000	111600000	0	0.0	NA
chrX	111600000	111700000	0	0.0	NA
chrX	111700000	111800000	41896	4147.0	0.0989831964865
chrX	111800000	111900000	29403	2880.0	0.0979491888583
chrX	111900000	112000000	41993	3829.0	0.0911818636439
chrX	112000000	112100000	6317	519.0	0.0821592528099
chrX	112100000	112200000	47547	3828.0	0.0805098113446
chrX	112200000	112300000	32708	2863.0	0.087532102238
chrX	112300000	112400000	0	0.0	NA
chrX	112400000	112500000	0	0.0	NA
chrX	112500000	112600000	0	0.0	NA
chrX	112600000	112700000	0	0.0	NA
chrX	112700000	112800000	14837	1274.0	0.0858664150435
chrX	112800000	112900000	21859	2040.0	0.0933254037239
chrX	112900000	113000000	0	0.0	NA
chrX	113000000	113100000	0	0.0	NA
chrX	113100000	113200000	0	0.0	NA
chrX	113200000	113300000	24107	2252.0	0.0934168498776
chrX	113300000	113400000	65054	5685.0	0.0873889384204
chrX	113400000	113500000	64479	5946.0	0.0922160703485
chrX	113500000	113600000	36170	3280.0	0.0906828863699
chrX	113600000	113700000	44655	4281.0	0.0958683238159
chrX	113700000	113800000	53806	4986.0	0.0926662454001
chrX	113800000	113900000	4433	415.0	0.093616061358
chrX	113900000	114000000	0	0.0	NA
chrX	114000000	114100000	0	0.0	NA
chrX	114100000	114200000	22987	2135.0	0.0928785835472
chrX	114200000	114300000	29161	2616.0	0.0897088577209
chrX	114300000	114400000	18200	1664.0	0.0914285714286
chrX	114400000	114500000	9127	809.0	0.0886381067163
chrX	114500000	114600000	44703	3962.0	0.0886293984744
chrX	114600000	114700000	73680	6415.0	0.087065689468
chrX	114700000	114800000	18496	1565.0	0.0846128892734
chrX	114800000	114900000	0	0.0	NA
chrX	114900000	115000000	5913	540.0	0.0913242009132
chrX	115000000	115100000	0	0.0	NA
chrX	115100000	115200000	19078	1874.0	0.0982283258203
chrX	115200000	115300000	13629	1455.0	0.106757649131
chrX	115300000	115400000	34817	3638.0	0.104489186317
chrX	115400000	115500000	43116	4263.0	0.0988728082382
chrX	115500000	115600000	32298	3064.0	0.0948665552047
chrX	115600000	115700000	18090	1899.0	0.104975124378
chrX	115700000	115800000	26859	2694.0	0.100301574891
chrX	115800000	115900000	8697	882.0	0.101414280786
chrX	115900000	116000000	8194	846.0	0.103246277764
chrX	116000000	116100000	29607	3112.0	0.105110277975
chrX	116100000	116200000	47032	5003.0	0.106374383399
chrX	116200000	116300000	20237	2212.0	0.109304738845
chrX	116300000	116400000	45616	4773.0	0.104634338828
chrX	116400000	116500000	40832	4072.0	0.0997257053292
chrX	116500000	116600000	55516	5629.0	0.101394192665
chrX	116600000	116700000	62298	5549.0	0.0890718803172
chrX	116700000	116800000	41461	3938.0	0.0949808253539
chrX	116800000	116900000	55264	4986.0	0.0902214823393
chrX	116900000	117000000	56398	5380.0	0.0953934536686
chrX	117000000	117100000	5311	500.0	0.0941442289588
chrX	117100000	117200000	0	0.0	NA
chrX	117200000	117300000	26342	2398.0	0.0910333308025
chrX	117300000	117400000	67904	5758.0	0.0847961828464
chrX	117400000	117500000	29611	2670.0	0.0901691938807
chrX	117500000	117600000	2972	278.0	0.0935397039031
chrX	117600000	117700000	3842	365.0	0.095002602811
chrX	117700000	117800000	0	0.0	NA
chrX	117800000	117900000	7891	712.0	0.0902293752376
chrX	117900000	118000000	7162	679.0	0.094805920134
chrX	118000000	118100000	8712	769.0	0.0882690541781
chrX	118100000	118200000	14707	1290.0	0.0877133337866
chrX	118200000	118300000	1755	137.0	0.0780626780627
chrX	118300000	118400000	48307	4043.0	0.0836938745937
chrX	118400000	118500000	10139	902.0	0.0889634086202
chrX	118500000	118600000	0	0.0	NA
chrX	118600000	118700000	21963	1993.0	0.0907435231981
chrX	118700000	118800000	0	0.0	NA
chrX	118800000	118900000	9654	836.0	0.0865962295422
chrX	118900000	119000000	8261	1006.0	0.121777024573
chrX	119000000	119100000	0	0.0	NA
chrX	119100000	119200000	17521	2156.0	0.123052337195
chrX	119200000	119300000	0	0.0	NA
chrX	119300000	119400000	22307	1968.0	0.0882234276236
chrX	119400000	119500000	15639	1358.0	0.0868341965599
chrX	119500000	119600000	4701	421.0	0.0895554137418
chrX	119600000	119700000	16726	1516.0	0.0906373311013
chrX	119700000	119800000	13968	1234.0	0.0883447880871
chrX	119800000	119900000	58945	5189.0	0.0880312155399
chrX	119900000	120000000	53311	4651.0	0.0872427829153
chrX	120000000	120100000	0	0.0	NA
chrX	120100000	120200000	21965	1931.0	0.0879125882085
chrX	120200000	120300000	34774	3067.0	0.0881980790246
chrX	120300000	120400000	39863	3590.0	0.0900584501919
chrX	120400000	120500000	36017	3187.0	0.0884859927257
chrX	120500000	120600000	38535	3886.0	0.100843389127
chrX	120600000	120700000	53131	5279.0	0.0993581901338
chrX	120700000	120800000	70977	6891.0	0.0970877890021
chrX	120800000	120900000	47110	4737.0	0.100551899809
chrX	120900000	121000000	35090	3465.0	0.0987460815047
chrX	121000000	121100000	33613	3407.0	0.101359593015
chrX	121100000	121200000	60409	6329.0	0.104769156914
chrX	121200000	121300000	35421	3770.0	0.106434036306
chrX	121300000	121400000	39043	4201.0	0.107599313577
chrX	121400000	121500000	29308	3325.0	0.113450252491
chrX	121500000	121600000	37354	3644.0	0.0975531402259
chrX	121600000	121700000	32778	3382.0	0.103178961499
chrX	121700000	121800000	45228	4353.0	0.0962456885115
chrX	121800000	121900000	39851	3875.0	0.097237208602
chrX	121900000	122000000	43970	4125.0	0.0938139640664
chrX	122000000	122100000	54160	4901.0	0.0904911373708
chrX	122100000	122200000	67103	6193.0	0.092290955695
chrX	122200000	122300000	59454	5390.0	0.0906583240825
chrX	122300000	122400000	7718	634.0	0.0821456335838
chrX	122400000	122500000	0	0.0	NA
chrX	122500000	122600000	0	0.0	NA
chrX	122600000	122700000	21607	1807.0	0.0836303049938
chrX	122700000	122800000	6770	577.0	0.0852289512555
chrX	122800000	122900000	5244	452.0	0.0861937452326
chrX	122900000	123000000	11618	1085.0	0.0933895679119
chrX	123000000	123100000	8467	657.0	0.077595370261
chrX	123100000	123200000	0	0.0	NA
chrX	123200000	123300000	10847	948.0	0.0873974370794
chrX	123300000	123400000	44754	3629.0	0.0810877240023
chrX	123400000	123500000	35432	3008.0	0.0848950101603
chrX	123500000	123600000	0	0.0	NA
chrX	123600000	123700000	0	0.0	NA
chrX	123700000	123800000	0	0.0	NA
chrX	123800000	123900000	0	0.0	NA
chrX	123900000	124000000	0	0.0	NA
chrX	124000000	124100000	0	0.0	NA
chrX	124100000	124200000	71385	6293.0	0.0881557750228
chrX	124200000	124300000	83191	7185.0	0.0863675157168
chrX	124300000	124400000	79205	6788.0	0.0857016602487
chrX	124400000	124500000	33596	3311.0	0.0985533992142
chrX	124500000	124600000	59243	5652.0	0.0954036763837
chrX	124600000	124700000	51925	5109.0	0.0983919114107
chrX	124700000	124800000	32497	3405.0	0.104778902668
chrX	124800000	124900000	42874	4356.0	0.101600037319
chrX	124900000	125000000	43222	4425.0	0.102378418398
chrX	125000000	125100000	31910	3250.0	0.101848950172
chrX	125100000	125200000	29285	2952.0	0.100802458597
chrX	125200000	125300000	29985	3315.0	0.110555277639
chrX	125300000	125400000	52281	5582.0	0.106769189572
chrX	125400000	125500000	60361	6600.0	0.109342124882
chrX	125500000	125600000	44718	4714.0	0.105416163514
chrX	125600000	125700000	34497	3527.0	0.10224077456
chrX	125700000	125800000	68086	7027.0	0.103207707899
chrX	125800000	125900000	48705	4886.0	0.10031824248
chrX	125900000	126000000	34130	3609.0	0.105742748315
chrX	126000000	126100000	38294	4085.0	0.106674674884
chrX	126100000	126200000	52528	5658.0	0.107713981115
chrX	126200000	126300000	41233	4302.0	0.104333907307
chrX	126300000	126400000	45947	4820.0	0.104903475744
chrX	126400000	126500000	46447	4786.0	0.103042177105
chrX	126500000	126600000	50313	5330.0	0.10593683541
chrX	126600000	126700000	32508	3375.0	0.103820598007
chrX	126700000	126800000	35781	3646.0	0.10189765518
chrX	126800000	126900000	50158	5042.0	0.100522349376
chrX	126900000	127000000	38433	4090.0	0.10641896287
chrX	127000000	127100000	36016	3550.0	0.0985673034207
chrX	127100000	127200000	24861	2413.0	0.0970596516632
chrX	127200000	127300000	20690	2104.0	0.101691638473
chrX	127300000	127400000	41406	4290.0	0.103608172729
chrX	127400000	127500000	22071	2201.0	0.0997236192289
chrX	127500000	127600000	0	0.0	NA
chrX	127600000	127700000	0	0.0	NA
chrX	127700000	127800000	44527	4070.0	0.0914052148135
chrX	127800000	127900000	64384	5859.0	0.0910008697813
chrX	127900000	128000000	62888	5608.0	0.0891744052919
chrX	128000000	128100000	75179	6738.0	0.0896260923928
chrX	128100000	128200000	66188	5865.0	0.0886112286215
chrX	128200000	128300000	81060	6581.0	0.0811867752282
chrX	128300000	128400000	61100	5355.0	0.087643207856
chrX	128400000	128500000	41462	3557.0	0.0857893975206
chrX	128500000	128600000	22937	1981.0	0.0863670052753
chrX	128600000	128700000	0	0.0	NA
chrX	128700000	128800000	24319	2208.0	0.0907932069575
chrX	128800000	128900000	42897	3789.0	0.0883278550948
chrX	128900000	129000000	0	0.0	NA
chrX	129000000	129100000	0	0.0	NA
chrX	129100000	129200000	1685	167.0	0.0991097922849
chrX	129200000	129300000	0	0.0	NA
chrX	129300000	129400000	0	0.0	NA
chrX	129400000	129500000	14343	1319.0	0.0919612354459
chrX	129500000	129600000	24674	2052.0	0.0831644646186
chrX	129600000	129700000	18684	1697.0	0.0908263755085
chrX	129700000	129800000	29199	2545.0	0.0871605191959
chrX	129800000	129900000	0	0.0	NA
chrX	129900000	130000000	0	0.0	NA
chrX	130000000	130100000	20308	1825.0	0.0898660626354
chrX	130100000	130200000	5462	496.0	0.0908092273892
chrX	130200000	130300000	6577	650.0	0.098829253459
chrX	130300000	130400000	72113	6335.0	0.0878482381817
chrX	130400000	130500000	0	0.0	NA
chrX	130500000	130600000	0	0.0	NA
chrX	130600000	130700000	0	0.0	NA
chrX	130700000	130800000	51299	4878.0	0.0950895728962
chrX	130800000	130900000	5848	622.0	0.106361149111
chrX	130900000	131000000	16009	1459.0	0.0911362358673
chrX	131000000	131100000	24518	2276.0	0.092829757729
chrX	131100000	131200000	19034	1726.0	0.0906798360828
chrX	131200000	131300000	10645	992.0	0.0931892907468
chrX	131300000	131400000	22898	2022.0	0.0883046554284
chrX	131400000	131500000	0	0.0	NA
chrX	131500000	131600000	0	0.0	NA
chrX	131600000	131700000	45362	4134.0	0.0911335479035
chrX	131700000	131800000	25742	2421.0	0.0940486364696
chrX	131800000	131900000	0	0.0	NA
chrX	131900000	132000000	0	0.0	NA
chrX	132000000	132100000	0	0.0	NA
chrX	132100000	132200000	30153	2739.0	0.0908367326634
chrX	132200000	132300000	17731	1582.0	0.0892222660876
chrX	132300000	132400000	37019	3160.0	0.0853615710851
chrX	132400000	132500000	9304	819.0	0.0880266552021
chrX	132500000	132600000	20613	1714.0	0.0831514093048
chrX	132600000	132700000	30957	2469.0	0.0797557902898
chrX	132700000	132800000	0	0.0	NA
chrX	132800000	132900000	0	0.0	NA
chrX	132900000	133000000	0	0.0	NA
chrX	133000000	133100000	0	0.0	NA
chrX	133100000	133200000	39273	3185.0	0.0810989738497
chrX	133200000	133300000	22728	2117.0	0.0931450193594
chrX	133300000	133400000	18559	1604.0	0.0864270704241
chrX	133400000	133500000	29085	2594.0	0.0891868660822
chrX	133500000	133600000	996	76.0	0.0763052208835
chrX	133600000	133700000	6933	742.0	0.107024376172
chrX	133700000	133800000	0	0.0	NA
chrX	133800000	133900000	0	0.0	NA
chrX	133900000	134000000	752	89.0	0.11835106383
chrX	134000000	134100000	16310	1479.0	0.0906805640711
chrX	134100000	134200000	15382	1492.0	0.0969964894032
chrX	134200000	134300000	3351	309.0	0.0922112802149
chrX	134300000	134400000	5074	624.0	0.122979897517
chrX	134400000	134500000	0	0.0	NA
chrX	134500000	134600000	29238	2698.0	0.0922771735413
chrX	134600000	134700000	28081	2613.0	0.0930522417293
chrX	134700000	134800000	15507	2147.0	0.138453601599
chrX	134800000	134900000	12351	1542.0	0.12484819043
chrX	134900000	135000000	3462	483.0	0.139514731369
chrX	135000000	135100000	5790	854.0	0.147495682211
chrX	135100000	135200000	33717	3168.0	0.0939585372364
chrX	135200000	135300000	5190	463.0	0.0892100192678
chrX	135300000	135400000	16138	1451.0	0.089912008923
chrX	135400000	135500000	0	0.0	NA
chrX	135500000	135600000	30513	2796.0	0.0916330744273
chrX	135600000	135700000	19333	1873.0	0.0968809807066
chrX	135700000	135800000	10943	936.0	0.0855341314082
chrX	135800000	135900000	4471	394.0	0.0881234623127
chrX	135900000	136000000	0	0.0	NA
chrX	136000000	136100000	1468	153.0	0.104223433243
chrX	136100000	136200000	59369	5460.0	0.0919671882632
chrX	136200000	136300000	53628	4880.0	0.0909972402476
chrX	136300000	136400000	79227	6818.0	0.0860565211355
chrX	136400000	136500000	72531	6481.0	0.089354896527
chrX	136500000	136600000	55460	4723.0	0.0851604760188
chrX	136600000	136700000	20066	1622.0	0.0808332502741
chrX	136700000	136800000	0	0.0	NA
chrX	136800000	136900000	0	0.0	NA
chrX	136900000	137000000	0	0.0	NA
chrX	137000000	137100000	22734	1947.0	0.0856426497757
chrX	137100000	137200000	39811	3688.0	0.0926377131948
chrX	137200000	137300000	53381	5193.0	0.0972818043873
chrX	137300000	137400000	63718	6118.0	0.0960168241313
chrX	137400000	137500000	51256	4982.0	0.0971983767754
chrX	137500000	137600000	53664	5172.0	0.0963774597496
chrX	137600000	137700000	62050	5998.0	0.0966639806608
chrX	137700000	137800000	0	0.0	NA
chrX	137800000	137900000	0	0.0	NA
chrX	137900000	138000000	0	0.0	NA
chrX	138000000	138100000	0	0.0	NA
chrX	138100000	138200000	0	0.0	NA
chrX	138200000	138300000	0	0.0	NA
chrX	138300000	138400000	68679	6312.0	0.0919058227406
chrX	138400000	138500000	35699	3438.0	0.0963052186336
chrX	138500000	138600000	47586	4337.0	0.0911402513344
chrX	138600000	138700000	587	48.0	0.0817717206133
chrX	138700000	138800000	0	0.0	NA
chrX	138800000	138900000	0	0.0	NA
chrX	138900000	139000000	0	0.0	NA
chrX	139000000	139100000	8121	707.0	0.0870582440586
chrX	139100000	139200000	36655	2954.0	0.0805892784068
chrX	139200000	139300000	59629	5024.0	0.0842543057908
chrX	139300000	139400000	41304	3846.0	0.0931144683324
chrX	139400000	139500000	44838	3758.0	0.0838128373255
chrX	139500000	139600000	39793	3396.0	0.0853416430025
chrX	139600000	139700000	70050	5940.0	0.0847965738758
chrX	139700000	139800000	30225	2656.0	0.0878742762614
chrX	139800000	139900000	10764	1169.0	0.108602749907
chrX	139900000	140000000	42529	4014.0	0.0943826565402
chrX	140000000	140100000	0	0.0	NA
chrX	140100000	140200000	0	0.0	NA
chrX	140200000	140300000	11869	1072.0	0.090319319235
chrX	140300000	140400000	11585	1124.0	0.0970220112214
chrX	140400000	140500000	0	0.0	NA
chrX	140500000	140600000	0	0.0	NA
chrX	140600000	140700000	0	0.0	NA
chrX	140700000	140800000	14542	1426.0	0.0980607894375
chrX	140800000	140900000	49348	4727.0	0.0957890897301
chrX	140900000	141000000	5109	510.0	0.0998238402819
chrX	141000000	141100000	55467	5490.0	0.0989777705663
chrX	141100000	141200000	53006	5450.0	0.102818548844
chrX	141200000	141300000	26835	2944.0	0.109707471586
chrX	141300000	141400000	51623	5299.0	0.102648044476
chrX	141400000	141500000	46598	4863.0	0.104360702176
chrX	141500000	141600000	42338	4214.0	0.0995323350182
chrX	141600000	141700000	55969	5798.0	0.103593060444
chrX	141700000	141800000	48642	5023.0	0.103264668394
chrX	141800000	141900000	37862	4009.0	0.105884528023
chrX	141900000	142000000	43180	4587.0	0.106229735989
chrX	142000000	142100000	58500	6091.0	0.10411965812
chrX	142100000	142200000	28298	3068.0	0.108417556011
chrX	142200000	142300000	42273	4505.0	0.10656920493
chrX	142300000	142400000	39684	4308.0	0.10855760508
chrX	142400000	142500000	0	0.0	NA
chrX	142500000	142600000	0	0.0	NA
chrX	142600000	142700000	40520	4430.0	0.109328726555
chrX	142700000	142800000	39993	4198.0	0.104968369465
chrX	142800000	142900000	12697	1321.0	0.104040324486
chrX	142900000	143000000	26169	2906.0	0.111047422523
chrX	143000000	143100000	34507	3697.0	0.107137682209
chrX	143100000	143200000	36501	3997.0	0.10950384921
chrX	143200000	143300000	1388	130.0	0.0936599423631
chrX	143300000	143400000	48827	5325.0	0.109058512708
chrX	143400000	143500000	42037	4469.0	0.106311106882
chrX	143500000	143600000	34683	3830.0	0.110428740305
chrX	143600000	143700000	57550	6305.0	0.109556907037
chrX	143700000	143800000	49105	5279.0	0.107504327462
chrX	143800000	143900000	30437	3464.0	0.113808851069
chrX	143900000	144000000	37124	4067.0	0.109551772438
chrX	144000000	144100000	60305	6442.0	0.106823646464
chrX	144100000	144200000	45794	4899.0	0.106979080229
chrX	144200000	144300000	72203	7762.0	0.107502458347
chrX	144300000	144400000	21399	2316.0	0.108229356512
chrX	144400000	144500000	53154	5569.0	0.104771042631
chrX	144500000	144600000	37248	4045.0	0.108596434708
chrX	144600000	144700000	36123	3779.0	0.104614788362
chrX	144700000	144800000	44884	4712.0	0.104981730684
chrX	144800000	144900000	43666	4622.0	0.105848944259
chrX	144900000	145000000	51026	5415.0	0.106122368988
chrX	145000000	145100000	21947	2356.0	0.107349523853
chrX	145100000	145200000	46072	4882.0	0.105964577184
chrX	145200000	145300000	77893	8207.0	0.105362484434
chrX	145300000	145400000	47945	5240.0	0.109291896965
chrX	145400000	145500000	51818	5451.0	0.105195105948
chrX	145500000	145600000	27331	2698.0	0.0987157440269
chrX	145600000	145700000	48894	4970.0	0.101648464024
chrX	145700000	145800000	23542	2422.0	0.102879959222
chrX	145800000	145900000	37162	3823.0	0.10287390345
chrX	145900000	146000000	51621	5097.0	0.0987388853374
chrX	146000000	146100000	43644	4330.0	0.0992118046009
chrX	146100000	146200000	54482	5619.0	0.10313498036
chrX	146200000	146300000	6451	668.0	0.103549837235
chrX	146300000	146400000	16495	1697.0	0.102879660503
chrX	146400000	146500000	59907	6196.0	0.103426978483
chrX	146500000	146600000	54696	5655.0	0.103389644581
chrX	146600000	146700000	71644	7347.0	0.102548713081
chrX	146700000	146800000	62460	6865.0	0.109910342619
chrX	146800000	146900000	67677	6285.0	0.0928675916486
chrX	146900000	147000000	35175	3247.0	0.0923098791756
chrX	147000000	147100000	4736	425.0	0.0897381756757
chrX	147100000	147200000	50800	4739.0	0.0932874015748
chrX	147200000	147300000	59919	5329.0	0.0889367312539
chrX	147300000	147400000	67805	6431.0	0.0948455128678
chrX	147400000	147500000	50569	4660.0	0.0921513180011
chrX	147500000	147600000	51085	4540.0	0.0888714886953
chrX	147600000	147700000	0	0.0	NA
chrX	147700000	147800000	0	0.0	NA
chrX	147800000	147900000	0	0.0	NA
chrX	147900000	148000000	0	0.0	NA
chrX	148000000	148100000	7277	639.0	0.0878109110897
chrX	148100000	148200000	68558	6506.0	0.0948977508095
chrX	148200000	148300000	51395	4874.0	0.0948341278334
chrX	148300000	148400000	58388	5268.0	0.090224018634
chrX	148400000	148500000	39074	3602.0	0.0921840610124
chrX	148500000	148600000	23179	2214.0	0.0955174942836
chrX	148600000	148700000	4654	468.0	0.100558659218
chrX	148700000	148800000	8896	924.0	0.103866906475
chrX	148800000	148900000	3906	498.0	0.127496159754
chrX	148900000	149000000	0	0.0	NA
chrX	149000000	149100000	0	0.0	NA
chrX	149100000	149200000	0	0.0	NA
chrX	149200000	149300000	0	0.0	NA
chrX	149300000	149400000	0	0.0	NA
chrX	149400000	149500000	72100	6447.0	0.0894174757282
chrX	149500000	149600000	15451	1427.0	0.0923564817811
chrX	149600000	149700000	6600	668.0	0.101212121212
chrX	149700000	149800000	21045	1967.0	0.0934663815633
chrX	149800000	149900000	0	0.0	NA
chrX	149900000	150000000	0	0.0	NA
chrX	150000000	150100000	242	17.0	0.0702479338843
chrX	150100000	150200000	17371	1619.0	0.0932013125324
chrX	150200000	150300000	30448	2796.0	0.0918286915397
chrX	150300000	150400000	17232	1661.0	0.0963904363974
chrX	150400000	150500000	50531	4675.0	0.0925174645267
chrX	150500000	150600000	49582	4558.0	0.0919285224477
chrX	150600000	150700000	26509	2232.0	0.0841978196084
chrX	150700000	150800000	9530	918.0	0.0963273871983
chrX	150800000	150900000	0	0.0	NA
chrX	150900000	151000000	56464	5860.0	0.103782941343
chrX	151000000	151100000	32907	3340.0	0.101498161485
chrX	151100000	151200000	29353	3038.0	0.103498790584
chrX	151200000	151300000	21015	2192.0	0.104306447775
chrX	151300000	151400000	0	0.0	NA
chrX	151400000	151500000	0	0.0	NA
chrX	151500000	151600000	0	0.0	NA
chrX	151600000	151700000	16493	1617.0	0.0980415934033
chrX	151700000	151800000	48088	4384.0	0.0911661953086
chrX	151800000	151900000	0	0.0	NA
chrX	151900000	152000000	12046	1157.0	0.0960484808235
chrX	152000000	152100000	19419	2010.0	0.10350687471
chrX	152100000	152200000	5694	709.0	0.124517035476
chrX	152200000	152300000	7142	786.0	0.110053206385
chrX	152300000	152400000	481	58.0	0.120582120582
chrX	152400000	152500000	1429	135.0	0.0944716585024
chrX	152500000	152600000	11415	1235.0	0.108190976785
chrX	152600000	152700000	8774	965.0	0.109984043766
chrX	152700000	152800000	0	0.0	NA
chrX	152800000	152900000	11261	1272.0	0.112956220584
chrX	152900000	153000000	0	0.0	NA
chrX	153000000	153100000	0	0.0	NA
chrX	153100000	153200000	413	24.0	0.0581113801453
chrX	153200000	153300000	1988	241.0	0.121227364185
chrX	153300000	153400000	11118	1149.0	0.103345925526
chrX	153400000	153500000	0	0.0	NA
chrX	153500000	153600000	0	0.0	NA
chrX	153600000	153700000	0	0.0	NA
chrX	153700000	153800000	0	0.0	NA
chrX	153800000	153900000	690	83.0	0.120289855072
chrX	153900000	154000000	0	0.0	NA
chrX	154000000	154100000	0	0.0	NA
chrX	154100000	154200000	0	0.0	NA
chrX	154200000	154300000	0	0.0	NA
chrX	154300000	154400000	1171	114.0	0.0973526900085
chrX	154400000	154500000	0	0.0	NA
chrX	154500000	154600000	0	0.0	NA
chrX	154600000	154700000	0	0.0	NA
chrX	154700000	154800000	0	0.0	NA
chrX	154800000	154900000	0	0.0	NA
chrX	154900000	155000000	0	0.0	NA
chrX	155000000	155100000	4417	400.0	0.090559203079
chrX	155100000	155200000	1990	179.0	0.0899497487437
chrX	155200000	155270560	185	19.0	0.102702702703
