chrX	0	100000	0	0.0	NA
chrX	100000	200000	0	0.0	NA
chrX	200000	300000	323	40.0	0.123839009288
chrX	300000	400000	0	0.0	NA
chrX	400000	500000	392	55.0	0.140306122449
chrX	500000	600000	207	28.0	0.135265700483
chrX	600000	700000	0	0.0	NA
chrX	700000	800000	0	0.0	NA
chrX	800000	900000	8211	970.0	0.118134210206
chrX	900000	1000000	5541	738.0	0.133188955062
chrX	1000000	1100000	0	0.0	NA
chrX	1100000	1200000	0	0.0	NA
chrX	1200000	1300000	87	11.0	0.126436781609
chrX	1300000	1400000	0	0.0	NA
chrX	1400000	1500000	0	0.0	NA
chrX	1500000	1600000	0	0.0	NA
chrX	1600000	1700000	1	1.0	1.0
chrX	1700000	1800000	0	0.0	NA
chrX	1800000	1900000	0	0.0	NA
chrX	1900000	2000000	0	0.0	NA
chrX	2000000	2100000	16	1.0	0.0625
chrX	2100000	2200000	0	0.0	NA
chrX	2200000	2300000	0	0.0	NA
chrX	2300000	2400000	0	0.0	NA
chrX	2400000	2500000	34141	2299.0	0.0673383907911
chrX	2500000	2600000	27907	1869.0	0.0669724441896
chrX	2600000	2700000	9127	606.0	0.0663964062671
chrX	2700000	2800000	6242	342.0	0.0547901313682
chrX	2800000	2900000	8603	573.0	0.0666046727886
chrX	2900000	3000000	12998	754.0	0.0580089244499
chrX	3000000	3100000	36881	2164.0	0.0586751986118
chrX	3100000	3200000	63661	3657.0	0.0574449034731
chrX	3200000	3300000	38764	2324.0	0.0599525332783
chrX	3300000	3400000	62105	3609.0	0.0581112631833
chrX	3400000	3500000	56958	3207.0	0.0563046455283
chrX	3500000	3600000	12733	670.0	0.0526191785125
chrX	3600000	3700000	28239	1715.0	0.0607316123092
chrX	3700000	3800000	15144	804.0	0.0530903328051
chrX	3800000	3900000	22631	1226.0	0.0541734788564
chrX	3900000	4000000	75302	4029.0	0.0535045549919
chrX	4000000	4100000	68536	3735.0	0.0544969067351
chrX	4100000	4200000	65288	3662.0	0.0560899399583
chrX	4200000	4300000	73455	4168.0	0.0567422231298
chrX	4300000	4400000	77292	4437.0	0.0574056823475
chrX	4400000	4500000	68404	3892.0	0.0568972574703
chrX	4500000	4600000	68382	4039.0	0.0590652510895
chrX	4600000	4700000	67336	3869.0	0.0574581204705
chrX	4700000	4800000	74243	4360.0	0.0587260751855
chrX	4800000	4900000	73507	4424.0	0.0601847443101
chrX	4900000	5000000	76850	4751.0	0.0618217306441
chrX	5000000	5100000	66430	4160.0	0.0626223091977
chrX	5100000	5200000	75822	4522.0	0.0596396824141
chrX	5200000	5300000	78214	4782.0	0.0611399493697
chrX	5300000	5400000	71450	4151.0	0.0580965710287
chrX	5400000	5500000	75637	4576.0	0.0604994909899
chrX	5500000	5600000	56073	3181.0	0.0567296203164
chrX	5600000	5700000	36327	2021.0	0.0556335508024
chrX	5700000	5800000	76967	4335.0	0.0563228396586
chrX	5800000	5900000	6740	363.0	0.0538575667656
chrX	5900000	6000000	0	0.0	NA
chrX	6000000	6100000	0	0.0	NA
chrX	6100000	6200000	36679	1985.0	0.0541181602552
chrX	6200000	6300000	76209	4233.0	0.0555446207141
chrX	6300000	6400000	75066	4256.0	0.056696773506
chrX	6400000	6500000	74807	4138.0	0.055315679014
chrX	6500000	6600000	63490	3433.0	0.054071507324
chrX	6600000	6700000	48898	2746.0	0.056157716062
chrX	6700000	6800000	79940	4416.0	0.0552414310733
chrX	6800000	6900000	61334	3221.0	0.0525157335246
chrX	6900000	7000000	30496	1683.0	0.0551875655824
chrX	7000000	7100000	0	0.0	NA
chrX	7100000	7200000	0	0.0	NA
chrX	7200000	7300000	19468	994.0	0.0510581467023
chrX	7300000	7400000	83637	4047.0	0.0483876753112
chrX	7400000	7500000	75566	3598.0	0.0476140062991
chrX	7500000	7600000	74549	3657.0	0.0490549839703
chrX	7600000	7700000	38956	2032.0	0.0521614128761
chrX	7700000	7800000	83319	4129.0	0.0495565237221
chrX	7800000	7900000	53066	2717.0	0.0512003919647
chrX	7900000	8000000	65039	3359.0	0.0516459355156
chrX	8000000	8100000	79525	3940.0	0.0495441685005
chrX	8100000	8200000	57733	2968.0	0.0514090728007
chrX	8200000	8300000	77030	3652.0	0.0474100999611
chrX	8300000	8400000	76812	3790.0	0.0493412487632
chrX	8400000	8500000	59694	3270.0	0.0547793748115
chrX	8500000	8600000	0	0.0	NA
chrX	8600000	8700000	0	0.0	NA
chrX	8700000	8800000	60404	3300.0	0.0546321435667
chrX	8800000	8900000	85196	4031.0	0.0473144279074
chrX	8900000	9000000	60439	3223.0	0.053326494482
chrX	9000000	9100000	77232	3922.0	0.0507820592501
chrX	9100000	9200000	85434	4096.0	0.0479434417211
chrX	9200000	9300000	57901	2902.0	0.0501200324692
chrX	9300000	9400000	60200	3347.0	0.0555980066445
chrX	9400000	9500000	22088	1113.0	0.0503893516842
chrX	9500000	9600000	0	0.0	NA
chrX	9600000	9700000	5082	263.0	0.051751279024
chrX	9700000	9800000	10494	520.0	0.0495521250238
chrX	9800000	9900000	0	0.0	NA
chrX	9900000	10000000	40047	2043.0	0.0510150573077
chrX	10000000	10100000	0	0.0	NA
chrX	10100000	10200000	8670	439.0	0.0506343713956
chrX	10200000	10300000	3633	141.0	0.0388109000826
chrX	10300000	10400000	56783	2387.0	0.0420372294525
chrX	10400000	10500000	11553	529.0	0.0457889725612
chrX	10500000	10600000	0	0.0	NA
chrX	10600000	10700000	0	0.0	NA
chrX	10700000	10800000	0	0.0	NA
chrX	10800000	10900000	13218	548.0	0.0414586170374
chrX	10900000	11000000	0	0.0	NA
chrX	11000000	11100000	0	0.0	NA
chrX	11100000	11200000	11445	534.0	0.0466579292267
chrX	11200000	11300000	0	0.0	NA
chrX	11300000	11400000	0	0.0	NA
chrX	11400000	11500000	0	0.0	NA
chrX	11500000	11600000	0	0.0	NA
chrX	11600000	11700000	1941	81.0	0.0417310664606
chrX	11700000	11800000	5001	244.0	0.0487902419516
chrX	11800000	11900000	75665	3619.0	0.0478292473402
chrX	11900000	12000000	81781	3810.0	0.0465878382509
chrX	12000000	12100000	87581	4035.0	0.0460716365422
chrX	12100000	12200000	43560	1978.0	0.0454086317723
chrX	12200000	12300000	0	0.0	NA
chrX	12300000	12400000	0	0.0	NA
chrX	12400000	12500000	0	0.0	NA
chrX	12500000	12600000	0	0.0	NA
chrX	12600000	12700000	0	0.0	NA
chrX	12700000	12800000	42439	2011.0	0.047385659417
chrX	12800000	12900000	25537	1272.0	0.0498100794925
chrX	12900000	13000000	34996	1618.0	0.0462338552977
chrX	13000000	13100000	73250	3234.0	0.0441501706485
chrX	13100000	13200000	77273	3342.0	0.0432492591203
chrX	13200000	13300000	67654	3379.0	0.0499453099595
chrX	13300000	13400000	20323	1081.0	0.0531909659007
chrX	13400000	13500000	61520	2835.0	0.0460825747724
chrX	13500000	13600000	71346	3446.0	0.0482998346088
chrX	13600000	13700000	12429	513.0	0.0412744388125
chrX	13700000	13800000	8361	407.0	0.0486783877527
chrX	13800000	13900000	0	0.0	NA
chrX	13900000	14000000	17283	816.0	0.0472140253428
chrX	14000000	14100000	54739	2642.0	0.0482654049215
chrX	14100000	14200000	76775	3867.0	0.0503679583198
chrX	14200000	14300000	66783	3140.0	0.0470179536708
chrX	14300000	14400000	77242	3687.0	0.0477330985733
chrX	14400000	14500000	76902	3598.0	0.0467868195886
chrX	14500000	14600000	41112	1855.0	0.0451206460401
chrX	14600000	14700000	0	0.0	NA
chrX	14700000	14800000	37369	1775.0	0.0474992640959
chrX	14800000	14900000	44219	1968.0	0.0445057554445
chrX	14900000	15000000	39863	1982.0	0.0497202920001
chrX	15000000	15100000	78938	3512.0	0.0444906128861
chrX	15100000	15200000	79280	3730.0	0.0470484359233
chrX	15200000	15300000	54296	2548.0	0.0469279504936
chrX	15300000	15400000	10972	486.0	0.0442945679913
chrX	15400000	15500000	0	0.0	NA
chrX	15500000	15600000	3379	155.0	0.045871559633
chrX	15600000	15700000	13388	632.0	0.0472064535405
chrX	15700000	15800000	22589	1076.0	0.0476338040639
chrX	15800000	15900000	24392	1237.0	0.0507133486389
chrX	15900000	16000000	70854	3221.0	0.045459677647
chrX	16000000	16100000	80134	3464.0	0.0432275937804
chrX	16100000	16200000	40986	1810.0	0.044161420973
chrX	16200000	16300000	68046	3111.0	0.0457190723922
chrX	16300000	16400000	66440	3013.0	0.0453491872366
chrX	16400000	16500000	80031	3635.0	0.0454198997888
chrX	16500000	16600000	55934	2649.0	0.04735938785
chrX	16600000	16700000	2677	117.0	0.0437056406425
chrX	16700000	16800000	1693	71.0	0.0419373892499
chrX	16800000	16900000	8531	371.0	0.0434884538741
chrX	16900000	17000000	44013	2116.0	0.04807670461
chrX	17000000	17100000	0	0.0	NA
chrX	17100000	17200000	25039	984.0	0.0392986940373
chrX	17200000	17300000	74310	3272.0	0.0440317588481
chrX	17300000	17400000	69324	3009.0	0.0434048814263
chrX	17400000	17500000	0	0.0	NA
chrX	17500000	17600000	0	0.0	NA
chrX	17600000	17700000	0	0.0	NA
chrX	17700000	17800000	13963	699.0	0.0500608751701
chrX	17800000	17900000	29904	1378.0	0.0460807918673
chrX	17900000	18000000	77099	3653.0	0.0473806404752
chrX	18000000	18100000	0	0.0	NA
chrX	18100000	18200000	45885	2211.0	0.0481856815953
chrX	18200000	18300000	6968	484.0	0.0694603903559
chrX	18300000	18400000	14999	780.0	0.0520034668978
chrX	18400000	18500000	22766	1079.0	0.0473952385136
chrX	18500000	18600000	0	0.0	NA
chrX	18600000	18700000	5078	287.0	0.056518314297
chrX	18700000	18800000	5331	311.0	0.058338022885
chrX	18800000	18900000	28059	1474.0	0.0525321643679
chrX	18900000	19000000	7742	476.0	0.0614828209765
chrX	19000000	19100000	3551	153.0	0.0430864545199
chrX	19100000	19200000	36220	1635.0	0.0451408061844
chrX	19200000	19300000	68936	3289.0	0.0477109202739
chrX	19300000	19400000	47537	2093.0	0.0440288617288
chrX	19400000	19500000	0	0.0	NA
chrX	19500000	19600000	4612	252.0	0.0546400693842
chrX	19600000	19700000	0	0.0	NA
chrX	19700000	19800000	0	0.0	NA
chrX	19800000	19900000	0	0.0	NA
chrX	19900000	20000000	22046	1077.0	0.0488523995283
chrX	20000000	20100000	4741	218.0	0.045981860367
chrX	20100000	20200000	8223	416.0	0.0505898090721
chrX	20200000	20300000	8279	314.0	0.0379272859041
chrX	20300000	20400000	76606	3398.0	0.0443568388899
chrX	20400000	20500000	50595	2146.0	0.0424152584247
chrX	20500000	20600000	72792	3269.0	0.0449087811847
chrX	20600000	20700000	79784	3707.0	0.0464629499649
chrX	20700000	20800000	58795	2804.0	0.0476911301981
chrX	20800000	20900000	0	0.0	NA
chrX	20900000	21000000	0	0.0	NA
chrX	21000000	21100000	0	0.0	NA
chrX	21100000	21200000	48038	2340.0	0.0487114367792
chrX	21200000	21300000	58075	2910.0	0.0501076194576
chrX	21300000	21400000	39145	1827.0	0.0466726274109
chrX	21400000	21500000	0	0.0	NA
chrX	21500000	21600000	0	0.0	NA
chrX	21600000	21700000	19264	845.0	0.0438642026578
chrX	21700000	21800000	37510	1643.0	0.0438016528926
chrX	21800000	21900000	39415	1765.0	0.0447799061271
chrX	21900000	22000000	38996	1811.0	0.0464406605806
chrX	22000000	22100000	22578	1203.0	0.0532819558863
chrX	22100000	22200000	0	0.0	NA
chrX	22200000	22300000	0	0.0	NA
chrX	22300000	22400000	0	0.0	NA
chrX	22400000	22500000	0	0.0	NA
chrX	22500000	22600000	0	0.0	NA
chrX	22600000	22700000	0	0.0	NA
chrX	22700000	22800000	0	0.0	NA
chrX	22800000	22900000	0	0.0	NA
chrX	22900000	23000000	0	0.0	NA
chrX	23000000	23100000	0	0.0	NA
chrX	23100000	23200000	0	0.0	NA
chrX	23200000	23300000	0	0.0	NA
chrX	23300000	23400000	35623	1862.0	0.0522696011004
chrX	23400000	23500000	50299	3011.0	0.05986202509
chrX	23500000	23600000	60887	3089.0	0.0507333256689
chrX	23600000	23700000	56452	2805.0	0.0496882307093
chrX	23700000	23800000	9162	481.0	0.0524994542676
chrX	23800000	23900000	20890	970.0	0.0464337003351
chrX	23900000	24000000	21825	1046.0	0.0479266895762
chrX	24000000	24100000	6968	307.0	0.0440585533869
chrX	24100000	24200000	18895	841.0	0.0445091293993
chrX	24200000	24300000	40809	2018.0	0.0494498762528
chrX	24300000	24400000	62902	2956.0	0.0469937362882
chrX	24400000	24500000	58545	2613.0	0.044632334102
chrX	24500000	24600000	6006	273.0	0.0454545454545
chrX	24600000	24700000	461	31.0	0.0672451193059
chrX	24700000	24800000	7736	394.0	0.0509307135471
chrX	24800000	24900000	0	0.0	NA
chrX	24900000	25000000	0	0.0	NA
chrX	25000000	25100000	49521	2155.0	0.0435168918237
chrX	25100000	25200000	76446	3541.0	0.0463202783664
chrX	25200000	25300000	83797	3670.0	0.0437963172906
chrX	25300000	25400000	60709	2954.0	0.0486583537861
chrX	25400000	25500000	71911	3369.0	0.0468495779505
chrX	25500000	25600000	85345	4181.0	0.048989395981
chrX	25600000	25700000	81021	3952.0	0.0487774774441
chrX	25700000	25800000	75577	3883.0	0.0513780647552
chrX	25800000	25900000	75343	3572.0	0.0474098456393
chrX	25900000	26000000	62635	3265.0	0.0521274048056
chrX	26000000	26100000	67956	3419.0	0.0503119665666
chrX	26100000	26200000	70010	3542.0	0.0505927724611
chrX	26200000	26300000	73684	3820.0	0.0518430052657
chrX	26300000	26400000	64173	3111.0	0.0484783320088
chrX	26400000	26500000	79910	3712.0	0.0464522587911
chrX	26500000	26600000	69246	3323.0	0.047988331456
chrX	26600000	26700000	77112	3546.0	0.0459850606909
chrX	26700000	26800000	74532	3487.0	0.0467852734396
chrX	26800000	26900000	77735	3708.0	0.0477005210008
chrX	26900000	27000000	81963	4155.0	0.0506936056513
chrX	27000000	27100000	41690	2305.0	0.0552890381386
chrX	27100000	27200000	0	0.0	NA
chrX	27200000	27300000	0	0.0	NA
chrX	27300000	27400000	0	0.0	NA
chrX	27400000	27500000	64037	3379.0	0.0527663694427
chrX	27500000	27600000	69177	3458.0	0.0499877126791
chrX	27600000	27700000	7906	354.0	0.044776119403
chrX	27700000	27800000	20928	1016.0	0.0485474006116
chrX	27800000	27900000	65693	3254.0	0.0495334358303
chrX	27900000	28000000	80266	3965.0	0.049398250816
chrX	28000000	28100000	81865	3865.0	0.0472118732059
chrX	28100000	28200000	76133	3603.0	0.0473250758541
chrX	28200000	28300000	72321	3375.0	0.0466669432115
chrX	28300000	28400000	75118	3406.0	0.0453419952608
chrX	28400000	28500000	68364	3231.0	0.047261716693
chrX	28500000	28600000	68062	3066.0	0.0450471628809
chrX	28600000	28700000	927	28.0	0.0302049622438
chrX	28700000	28800000	0	0.0	NA
chrX	28800000	28900000	0	0.0	NA
chrX	28900000	29000000	0	0.0	NA
chrX	29000000	29100000	0	0.0	NA
chrX	29100000	29200000	0	0.0	NA
chrX	29200000	29300000	0	0.0	NA
chrX	29300000	29400000	0	0.0	NA
chrX	29400000	29500000	0	0.0	NA
chrX	29500000	29600000	0	0.0	NA
chrX	29600000	29700000	0	0.0	NA
chrX	29700000	29800000	0	0.0	NA
chrX	29800000	29900000	0	0.0	NA
chrX	29900000	30000000	16325	607.0	0.0371822358346
chrX	30000000	30100000	66929	3277.0	0.0489623332188
chrX	30100000	30200000	74818	3779.0	0.0505092357454
chrX	30200000	30300000	68015	3312.0	0.0486951407778
chrX	30300000	30400000	70186	3554.0	0.0506368791497
chrX	30400000	30500000	80801	4106.0	0.0508162027698
chrX	30500000	30600000	58150	3008.0	0.051728288908
chrX	30600000	30700000	41294	2038.0	0.0493534169613
chrX	30700000	30800000	26215	1335.0	0.0509250429144
chrX	30800000	30900000	13798	693.0	0.0502246702421
chrX	30900000	31000000	5571	265.0	0.0475677616227
chrX	31000000	31100000	64077	3097.0	0.048332474991
chrX	31100000	31200000	30555	1386.0	0.0453608247423
chrX	31200000	31300000	0	0.0	NA
chrX	31300000	31400000	0	0.0	NA
chrX	31400000	31500000	0	0.0	NA
chrX	31500000	31600000	0	0.0	NA
chrX	31600000	31700000	0	0.0	NA
chrX	31700000	31800000	0	0.0	NA
chrX	31800000	31900000	0	0.0	NA
chrX	31900000	32000000	0	0.0	NA
chrX	32000000	32100000	0	0.0	NA
chrX	32100000	32200000	0	0.0	NA
chrX	32200000	32300000	0	0.0	NA
chrX	32300000	32400000	0	0.0	NA
chrX	32400000	32500000	0	0.0	NA
chrX	32500000	32600000	0	0.0	NA
chrX	32600000	32700000	0	0.0	NA
chrX	32700000	32800000	0	0.0	NA
chrX	32800000	32900000	0	0.0	NA
chrX	32900000	33000000	0	0.0	NA
chrX	33000000	33100000	0	0.0	NA
chrX	33100000	33200000	0	0.0	NA
chrX	33200000	33300000	0	0.0	NA
chrX	33300000	33400000	32135	1813.0	0.0564182355687
chrX	33400000	33500000	72867	4050.0	0.0555807155502
chrX	33500000	33600000	74221	4365.0	0.0588108486816
chrX	33600000	33700000	65050	3372.0	0.0518370484243
chrX	33700000	33800000	35211	1743.0	0.049501576212
chrX	33800000	33900000	0	0.0	NA
chrX	33900000	34000000	21083	1111.0	0.0526964853199
chrX	34000000	34100000	73055	3941.0	0.0539456573814
chrX	34100000	34200000	63075	3549.0	0.0562663495838
chrX	34200000	34300000	12074	672.0	0.0556567831704
chrX	34300000	34400000	0	0.0	NA
chrX	34400000	34500000	38597	2271.0	0.0588387698526
chrX	34500000	34600000	72872	4069.0	0.0558376331101
chrX	34600000	34700000	60310	3219.0	0.0533742331288
chrX	34700000	34800000	72123	3941.0	0.0546427630576
chrX	34800000	34900000	71143	4120.0	0.0579115302981
chrX	34900000	35000000	72088	4035.0	0.0559732549107
chrX	35000000	35100000	74755	4263.0	0.0570262858672
chrX	35100000	35200000	78031	4384.0	0.0561827991439
chrX	35200000	35300000	69815	3841.0	0.0550168301941
chrX	35300000	35400000	60930	3407.0	0.055916625636
chrX	35400000	35500000	68134	3823.0	0.056110018493
chrX	35500000	35600000	69158	3739.0	0.0540646056855
chrX	35600000	35700000	63596	3349.0	0.0526605446883
chrX	35700000	35800000	77012	4125.0	0.0535630810783
chrX	35800000	35900000	73353	3880.0	0.0528949054572
chrX	35900000	36000000	20024	930.0	0.0464442668797
chrX	36000000	36100000	0	0.0	NA
chrX	36100000	36200000	0	0.0	NA
chrX	36200000	36300000	0	0.0	NA
chrX	36300000	36400000	0	0.0	NA
chrX	36400000	36500000	19875	1046.0	0.0526289308176
chrX	36500000	36600000	70950	3867.0	0.0545031712474
chrX	36600000	36700000	65075	3439.0	0.0528467153285
chrX	36700000	36800000	51064	2832.0	0.0554598151339
chrX	36800000	36900000	56682	3202.0	0.0564905966621
chrX	36900000	37000000	62702	2913.0	0.0464578482345
chrX	37000000	37100000	45123	2774.0	0.0614764089267
chrX	37100000	37200000	29040	1546.0	0.0532369146006
chrX	37200000	37300000	8108	412.0	0.0508140108535
chrX	37300000	37400000	0	0.0	NA
chrX	37400000	37500000	0	0.0	NA
chrX	37500000	37600000	0	0.0	NA
chrX	37600000	37700000	0	0.0	NA
chrX	37700000	37800000	0	0.0	NA
chrX	37800000	37900000	0	0.0	NA
chrX	37900000	38000000	0	0.0	NA
chrX	38000000	38100000	0	0.0	NA
chrX	38100000	38200000	0	0.0	NA
chrX	38200000	38300000	0	0.0	NA
chrX	38300000	38400000	0	0.0	NA
chrX	38400000	38500000	0	0.0	NA
chrX	38500000	38600000	38932	1835.0	0.0471334634748
chrX	38600000	38700000	52451	2479.0	0.0472631599016
chrX	38700000	38800000	83948	3861.0	0.0459927574213
chrX	38800000	38900000	86329	4194.0	0.0485815890373
chrX	38900000	39000000	72190	3536.0	0.0489818534423
chrX	39000000	39100000	72628	3443.0	0.0474059591342
chrX	39100000	39200000	17168	855.0	0.0498019571295
chrX	39200000	39300000	29903	1567.0	0.0524027689529
chrX	39300000	39400000	88996	4203.0	0.0472268416558
chrX	39400000	39500000	80395	3807.0	0.0473536911499
chrX	39500000	39600000	86788	3956.0	0.0455823385722
chrX	39600000	39700000	73979	3542.0	0.0478784519931
chrX	39700000	39800000	71699	3624.0	0.0505446380005
chrX	39800000	39900000	63232	3097.0	0.0489783653846
chrX	39900000	40000000	2496	138.0	0.0552884615385
chrX	40000000	40100000	31742	1594.0	0.050217377607
chrX	40100000	40200000	50223	2351.0	0.0468112219501
chrX	40200000	40300000	72795	3594.0	0.0493715227694
chrX	40300000	40400000	76422	3811.0	0.0498678391039
chrX	40400000	40500000	36070	1737.0	0.0481563626282
chrX	40500000	40600000	2107	97.0	0.0460370194589
chrX	40600000	40700000	47847	2284.0	0.0477354902084
chrX	40700000	40800000	62919	2874.0	0.0456777761884
chrX	40800000	40900000	49683	2285.0	0.0459915866594
chrX	40900000	41000000	24560	1155.0	0.0470276872964
chrX	41000000	41100000	1838	83.0	0.0451577801959
chrX	41100000	41200000	34561	1756.0	0.0508087150256
chrX	41200000	41300000	22118	1069.0	0.0483316755584
chrX	41300000	41400000	21919	1094.0	0.0499110360874
chrX	41400000	41500000	0	0.0	NA
chrX	41500000	41600000	0	0.0	NA
chrX	41600000	41700000	0	0.0	NA
chrX	41700000	41800000	13870	623.0	0.0449170872386
chrX	41800000	41900000	77959	3877.0	0.0497312690004
chrX	41900000	42000000	80210	3853.0	0.0480364044383
chrX	42000000	42100000	74650	3550.0	0.0475552578701
chrX	42100000	42200000	11073	538.0	0.0485866522171
chrX	42200000	42300000	0	0.0	NA
chrX	42300000	42400000	0	0.0	NA
chrX	42400000	42500000	0	0.0	NA
chrX	42500000	42600000	30207	1450.0	0.0480021187142
chrX	42600000	42700000	74347	3763.0	0.0506140126703
chrX	42700000	42800000	74832	3406.0	0.0455152875775
chrX	42800000	42900000	81506	4000.0	0.0490761416337
chrX	42900000	43000000	83272	3969.0	0.0476630800269
chrX	43000000	43100000	43904	2091.0	0.0476266399417
chrX	43100000	43200000	74517	3631.0	0.0487271360898
chrX	43200000	43300000	75909	3417.0	0.045014425167
chrX	43300000	43400000	73744	3543.0	0.0480445866782
chrX	43400000	43500000	60361	2868.0	0.0475141233578
chrX	43500000	43600000	0	0.0	NA
chrX	43600000	43700000	14419	732.0	0.0507663499549
chrX	43700000	43800000	44869	2468.0	0.055004568856
chrX	43800000	43900000	58408	2607.0	0.0446342966717
chrX	43900000	44000000	77984	3591.0	0.046047907263
chrX	44000000	44100000	4536	133.0	0.0293209876543
chrX	44100000	44200000	0	0.0	NA
chrX	44200000	44300000	64257	3157.0	0.0491308339947
chrX	44300000	44400000	43836	2182.0	0.0497764394562
chrX	44400000	44500000	33854	1833.0	0.0541442665564
chrX	44500000	44600000	54088	2627.0	0.0485689986688
chrX	44600000	44700000	39507	2030.0	0.0513832991622
chrX	44700000	44800000	17016	803.0	0.0471908791725
chrX	44800000	44900000	0	0.0	NA
chrX	44900000	45000000	21186	1007.0	0.0475313886529
chrX	45000000	45100000	5871	297.0	0.0505876341339
chrX	45100000	45200000	2923	172.0	0.0588436537804
chrX	45200000	45300000	73729	3714.0	0.0503736657218
chrX	45300000	45400000	45242	2238.0	0.0494673091375
chrX	45400000	45500000	5315	316.0	0.059454374412
chrX	45500000	45600000	58437	2879.0	0.049266731694
chrX	45600000	45700000	60974	2731.0	0.044789582445
chrX	45700000	45800000	65948	3182.0	0.0482501364712
chrX	45800000	45900000	70128	3660.0	0.0521902806297
chrX	45900000	46000000	54386	2843.0	0.0522744824036
chrX	46000000	46100000	75786	3671.0	0.0484390256776
chrX	46100000	46200000	67591	3202.0	0.0473731709843
chrX	46200000	46300000	58871	2830.0	0.0480712065363
chrX	46300000	46400000	4855	308.0	0.0634397528321
chrX	46400000	46500000	15442	660.0	0.0427405776454
chrX	46500000	46600000	0	0.0	NA
chrX	46600000	46700000	44690	2162.0	0.0483777131349
chrX	46700000	46800000	11803	457.0	0.0387189697535
chrX	46800000	46900000	0	0.0	NA
chrX	46900000	47000000	28022	1365.0	0.0487117265006
chrX	47000000	47100000	8271	403.0	0.048724458953
chrX	47100000	47200000	24373	1453.0	0.0596151479096
chrX	47200000	47300000	17946	855.0	0.0476429287864
chrX	47300000	47400000	31705	1547.0	0.0487935656836
chrX	47400000	47500000	14042	702.0	0.0499928785073
chrX	47500000	47600000	34570	1611.0	0.046601099219
chrX	47600000	47700000	63641	2922.0	0.045913797709
chrX	47700000	47800000	5758	230.0	0.0399444251476
chrX	47800000	47900000	19776	897.0	0.0453580097087
chrX	47900000	48000000	19332	1214.0	0.0627974343058
chrX	48000000	48100000	26344	3071.0	0.116573033708
chrX	48100000	48200000	13265	1478.0	0.111421032793
chrX	48200000	48300000	2928	324.0	0.110655737705
chrX	48300000	48400000	32104	1629.0	0.0507413406429
chrX	48400000	48500000	21990	1112.0	0.0505684402001
chrX	48500000	48600000	25455	1258.0	0.0494205460617
chrX	48600000	48700000	30756	1517.0	0.049323709195
chrX	48700000	48800000	9721	512.0	0.0526694784487
chrX	48800000	48900000	8915	408.0	0.0457655636568
chrX	48900000	49000000	10666	587.0	0.0550346896681
chrX	49000000	49100000	11449	746.0	0.0651585291292
chrX	49100000	49200000	10938	597.0	0.0545803620406
chrX	49200000	49300000	0	0.0	NA
chrX	49300000	49400000	13183	717.0	0.0543882272624
chrX	49400000	49500000	66632	3272.0	0.0491055348781
chrX	49500000	49600000	68032	3244.0	0.0476834430856
chrX	49600000	49700000	65674	3051.0	0.0464567408716
chrX	49700000	49800000	0	0.0	NA
chrX	49800000	49900000	28709	1318.0	0.0459089484134
chrX	49900000	50000000	46277	2588.0	0.0559241091687
chrX	50000000	50100000	3331	177.0	0.0531371960372
chrX	50100000	50200000	7571	318.0	0.0420023774931
chrX	50200000	50300000	64672	2985.0	0.0461559871351
chrX	50300000	50400000	25210	1098.0	0.0435541451805
chrX	50400000	50500000	0	0.0	NA
chrX	50500000	50600000	29208	1452.0	0.0497124075596
chrX	50600000	50700000	72029	3623.0	0.0502991850505
chrX	50700000	50800000	65032	3386.0	0.0520666748678
chrX	50800000	50900000	29209	1840.0	0.0629942825841
chrX	50900000	51000000	47054	2321.0	0.0493263059464
chrX	51000000	51100000	55019	2608.0	0.0474018066486
chrX	51100000	51200000	48	1.0	0.0208333333333
chrX	51200000	51300000	36501	1975.0	0.0541081066272
chrX	51300000	51400000	53636	2720.0	0.0507122082184
chrX	51400000	51500000	8233	470.0	0.0570873314709
chrX	51500000	51600000	23134	1044.0	0.0451283824674
chrX	51600000	51700000	34853	1725.0	0.0494935873526
chrX	51700000	51800000	23134	1283.0	0.0554594968445
chrX	51800000	51900000	10932	636.0	0.0581778265642
chrX	51900000	52000000	28652	1411.0	0.0492461259249
chrX	52000000	52100000	63441	3989.0	0.0628773190839
chrX	52100000	52200000	1299	50.0	0.0384911470362
chrX	52200000	52300000	0	0.0	NA
chrX	52300000	52400000	0	0.0	NA
chrX	52400000	52500000	0	0.0	NA
chrX	52500000	52600000	20285	2200.0	0.108454523047
chrX	52600000	52700000	27327	3744.0	0.137007355363
chrX	52700000	52800000	0	0.0	NA
chrX	52800000	52900000	30843	1963.0	0.0636449113251
chrX	52900000	53000000	10629	638.0	0.0600244613792
chrX	53000000	53100000	24174	1145.0	0.0473649375362
chrX	53100000	53200000	17655	791.0	0.044803171906
chrX	53200000	53300000	17156	689.0	0.0401608766612
chrX	53300000	53400000	26331	1058.0	0.0401807755118
chrX	53400000	53500000	17127	765.0	0.0446663163426
chrX	53500000	53600000	16804	794.0	0.047250654606
chrX	53600000	53700000	0	0.0	NA
chrX	53700000	53800000	36560	1674.0	0.0457877461707
chrX	53800000	53900000	26606	1197.0	0.0449898519131
chrX	53900000	54000000	23184	1040.0	0.0448585231194
chrX	54000000	54100000	10257	404.0	0.0393877352052
chrX	54100000	54200000	0	0.0	NA
chrX	54200000	54300000	6470	253.0	0.0391035548686
chrX	54300000	54400000	7103	325.0	0.0457553146558
chrX	54400000	54500000	12710	534.0	0.0420141620771
chrX	54500000	54600000	14539	640.0	0.0440195336681
chrX	54600000	54700000	45257	2104.0	0.0464900457388
chrX	54700000	54800000	40781	2019.0	0.0495083494765
chrX	54800000	54900000	31515	1999.0	0.0634301126448
chrX	54900000	55000000	17772	892.0	0.0501913121765
chrX	55000000	55100000	22355	1242.0	0.0555580407068
chrX	55100000	55200000	38624	1902.0	0.049243993372
chrX	55200000	55300000	49570	2698.0	0.0544280815009
chrX	55300000	55400000	48326	2592.0	0.0536357240409
chrX	55400000	55500000	37970	2149.0	0.0565973136687
chrX	55500000	55600000	26021	1486.0	0.0571077206871
chrX	55600000	55700000	43002	2937.0	0.0682991488768
chrX	55700000	55800000	16707	884.0	0.0529119530736
chrX	55800000	55900000	44090	2488.0	0.0564300294851
chrX	55900000	56000000	9848	568.0	0.0576766856214
chrX	56000000	56100000	0	0.0	NA
chrX	56100000	56200000	0	0.0	NA
chrX	56200000	56300000	0	0.0	NA
chrX	56300000	56400000	21756	1305.0	0.0599834528406
chrX	56400000	56500000	11912	714.0	0.0599395567495
chrX	56500000	56600000	36836	1946.0	0.0528287544793
chrX	56600000	56700000	23016	1347.0	0.0585245046924
chrX	56700000	56800000	3528	163.0	0.046201814059
chrX	56800000	56900000	8521	561.0	0.0658373430349
chrX	56900000	57000000	0	0.0	NA
chrX	57000000	57100000	21377	1272.0	0.0595032043785
chrX	57100000	57200000	17178	991.0	0.0576900686925
chrX	57200000	57300000	2299	124.0	0.0539364941279
chrX	57300000	57400000	7697	510.0	0.0662595816552
chrX	57400000	57500000	0	0.0	NA
chrX	57500000	57600000	31270	2081.0	0.0665494083786
chrX	57600000	57700000	16934	1090.0	0.0643675445849
chrX	57700000	57800000	20571	1325.0	0.0644110641194
chrX	57800000	57900000	7054	1021.0	0.144740572725
chrX	57900000	58000000	41085	2393.0	0.0582451016186
chrX	58000000	58100000	10643	812.0	0.0762942779292
chrX	58100000	58200000	0	0.0	NA
chrX	58200000	58300000	0	0.0	NA
chrX	58300000	58400000	0	0.0	NA
chrX	58400000	58500000	107	6.0	0.0560747663551
chrX	58500000	58600000	669	76.0	0.113602391629
chrX	58600000	58700000	0	0.0	NA
chrX	58700000	58800000	0	0.0	NA
chrX	58800000	58900000	0	0.0	NA
chrX	58900000	59000000	0	0.0	NA
chrX	59000000	59100000	0	0.0	NA
chrX	59100000	59200000	0	0.0	NA
chrX	59200000	59300000	0	0.0	NA
chrX	59300000	59400000	0	0.0	NA
chrX	59400000	59500000	0	0.0	NA
chrX	59500000	59600000	0	0.0	NA
chrX	59600000	59700000	0	0.0	NA
chrX	59700000	59800000	0	0.0	NA
chrX	59800000	59900000	0	0.0	NA
chrX	59900000	60000000	0	0.0	NA
chrX	60000000	60100000	0	0.0	NA
chrX	60100000	60200000	0	0.0	NA
chrX	60200000	60300000	0	0.0	NA
chrX	60300000	60400000	0	0.0	NA
chrX	60400000	60500000	0	0.0	NA
chrX	60500000	60600000	0	0.0	NA
chrX	60600000	60700000	0	0.0	NA
chrX	60700000	60800000	0	0.0	NA
chrX	60800000	60900000	0	0.0	NA
chrX	60900000	61000000	0	0.0	NA
chrX	61000000	61100000	0	0.0	NA
chrX	61100000	61200000	0	0.0	NA
chrX	61200000	61300000	0	0.0	NA
chrX	61300000	61400000	0	0.0	NA
chrX	61400000	61500000	0	0.0	NA
chrX	61500000	61600000	0	0.0	NA
chrX	61600000	61700000	0	0.0	NA
chrX	61700000	61800000	655	76.0	0.116030534351
chrX	61800000	61900000	0	0.0	NA
chrX	61900000	62000000	1031	57.0	0.0552861299709
chrX	62000000	62100000	2606	425.0	0.163085188028
chrX	62100000	62200000	1428	188.0	0.131652661064
chrX	62200000	62300000	318	34.0	0.106918238994
chrX	62300000	62400000	4941	858.0	0.173649058895
chrX	62400000	62500000	8573	516.0	0.0601889653564
chrX	62500000	62600000	28894	1809.0	0.062608153942
chrX	62600000	62700000	0	0.0	NA
chrX	62700000	62800000	15294	857.0	0.0560350464234
chrX	62800000	62900000	19179	1208.0	0.0629855571198
chrX	62900000	63000000	0	0.0	NA
chrX	63000000	63100000	56232	3190.0	0.0567292644757
chrX	63100000	63200000	42080	2745.0	0.0652328897338
chrX	63200000	63300000	9789	641.0	0.0654816630912
chrX	63300000	63400000	42021	2547.0	0.0606125508674
chrX	63400000	63500000	17137	818.0	0.0477329754333
chrX	63500000	63600000	0	0.0	NA
chrX	63600000	63700000	35039	2213.0	0.063158195154
chrX	63700000	63800000	3390	237.0	0.0699115044248
chrX	63800000	63900000	8875	781.0	0.088
chrX	63900000	64000000	41278	2714.0	0.0657493095596
chrX	64000000	64100000	1125	103.0	0.0915555555556
chrX	64100000	64200000	8353	583.0	0.0697952831318
chrX	64200000	64300000	13206	648.0	0.0490686051795
chrX	64300000	64400000	27084	1594.0	0.0588539359031
chrX	64400000	64500000	36123	2186.0	0.0605154610636
chrX	64500000	64600000	44375	2515.0	0.056676056338
chrX	64600000	64700000	11452	593.0	0.0517813482361
chrX	64700000	64800000	32528	1769.0	0.054383915396
chrX	64800000	64900000	27106	1380.0	0.0509112373644
chrX	64900000	65000000	24243	1369.0	0.0564699088397
chrX	65000000	65100000	63369	3852.0	0.060786820054
chrX	65100000	65200000	34556	2114.0	0.0611760620442
chrX	65200000	65300000	59067	3417.0	0.0578495606684
chrX	65300000	65400000	37539	2360.0	0.0628679506646
chrX	65400000	65500000	7707	596.0	0.0773322953159
chrX	65500000	65600000	47563	3451.0	0.0725563988815
chrX	65600000	65700000	49164	3380.0	0.0687494914978
chrX	65700000	65800000	22033	1659.0	0.0752961466891
chrX	65800000	65900000	34091	2146.0	0.0629491654689
chrX	65900000	66000000	54783	3660.0	0.066809046602
chrX	66000000	66100000	40612	2640.0	0.0650054171181
chrX	66100000	66200000	46493	2757.0	0.0592992493494
chrX	66200000	66300000	42691	2835.0	0.0664074395072
chrX	66300000	66400000	56309	3490.0	0.0619794349038
chrX	66400000	66500000	39869	2782.0	0.0697785246683
chrX	66500000	66600000	57119	3776.0	0.066107599923
chrX	66600000	66700000	35618	2470.0	0.0693469594025
chrX	66700000	66800000	21965	1175.0	0.0534941953107
chrX	66800000	66900000	0	0.0	NA
chrX	66900000	67000000	38057	2061.0	0.0541556086922
chrX	67000000	67100000	45620	2645.0	0.057978956598
chrX	67100000	67200000	25038	1473.0	0.0588305775222
chrX	67200000	67300000	23629	1272.0	0.0538321554023
chrX	67300000	67400000	0	0.0	NA
chrX	67400000	67500000	0	0.0	NA
chrX	67500000	67600000	0	0.0	NA
chrX	67600000	67700000	19828	1016.0	0.0512406697599
chrX	67700000	67800000	27641	1422.0	0.0514453167396
chrX	67800000	67900000	34709	1844.0	0.0531274309257
chrX	67900000	68000000	37180	1997.0	0.0537116729424
chrX	68000000	68100000	64894	3127.0	0.048186272999
chrX	68100000	68200000	77204	3461.0	0.0448292834568
chrX	68200000	68300000	84518	3967.0	0.0469367472018
chrX	68300000	68400000	83995	3816.0	0.0454312756712
chrX	68400000	68500000	52392	2514.0	0.0479844251031
chrX	68500000	68600000	68743	3291.0	0.0478739653492
chrX	68600000	68700000	66369	3189.0	0.0480495412015
chrX	68700000	68800000	57081	2488.0	0.0435871831257
chrX	68800000	68900000	27487	1162.0	0.0422745297777
chrX	68900000	69000000	0	0.0	NA
chrX	69000000	69100000	0	0.0	NA
chrX	69100000	69200000	0	0.0	NA
chrX	69200000	69300000	21820	1060.0	0.0485792850596
chrX	69300000	69400000	36874	1744.0	0.047296197863
chrX	69400000	69500000	38558	1861.0	0.0482649515016
chrX	69500000	69600000	1438	66.0	0.0458970792768
chrX	69600000	69700000	7774	317.0	0.0407769488037
chrX	69700000	69800000	8600	490.0	0.056976744186
chrX	69800000	69900000	0	0.0	NA
chrX	69900000	70000000	0	0.0	NA
chrX	70000000	70100000	0	0.0	NA
chrX	70100000	70200000	29765	1472.0	0.0494540567781
chrX	70200000	70300000	30651	1389.0	0.0453166291475
chrX	70300000	70400000	11739	461.0	0.0392708067127
chrX	70400000	70500000	0	0.0	NA
chrX	70500000	70600000	0	0.0	NA
chrX	70600000	70700000	0	0.0	NA
chrX	70700000	70800000	0	0.0	NA
chrX	70800000	70900000	0	0.0	NA
chrX	70900000	71000000	0	0.0	NA
chrX	71000000	71100000	34147	2480.0	0.0726271707617
chrX	71100000	71200000	13584	671.0	0.0493963486455
chrX	71200000	71300000	0	0.0	NA
chrX	71300000	71400000	2316	103.0	0.0444732297064
chrX	71400000	71500000	7715	396.0	0.051328580687
chrX	71500000	71600000	28166	1304.0	0.0462969537741
chrX	71600000	71700000	0	0.0	NA
chrX	71700000	71800000	4474	208.0	0.046490835941
chrX	71800000	71900000	0	0.0	NA
chrX	71900000	72000000	8490	714.0	0.0840989399293
chrX	72000000	72100000	0	0.0	NA
chrX	72100000	72200000	196	9.0	0.0459183673469
chrX	72200000	72300000	14842	810.0	0.0545748551408
chrX	72300000	72400000	6767	419.0	0.0619181321117
chrX	72400000	72500000	39835	2552.0	0.0640642650935
chrX	72500000	72600000	8135	487.0	0.059864781807
chrX	72600000	72700000	30254	1680.0	0.0555298472929
chrX	72700000	72800000	3235	177.0	0.054714064915
chrX	72800000	72900000	0	0.0	NA
chrX	72900000	73000000	34163	1884.0	0.0551473816702
chrX	73000000	73100000	22104	1046.0	0.0473217517191
chrX	73100000	73200000	19417	972.0	0.050059226451
chrX	73200000	73300000	0	0.0	NA
chrX	73300000	73400000	0	0.0	NA
chrX	73400000	73500000	0	0.0	NA
chrX	73500000	73600000	47813	2402.0	0.0502373831385
chrX	73600000	73700000	19850	972.0	0.0489672544081
chrX	73700000	73800000	28229	1379.0	0.0488504729179
chrX	73800000	73900000	31557	1558.0	0.0493709794974
chrX	73900000	74000000	19911	945.0	0.0474612023505
chrX	74000000	74100000	0	0.0	NA
chrX	74100000	74200000	34693	1574.0	0.0453693828726
chrX	74200000	74300000	27820	1424.0	0.0511861969806
chrX	74300000	74400000	11923	555.0	0.0465486874109
chrX	74400000	74500000	25845	1340.0	0.0518475527181
chrX	74500000	74600000	19760	987.0	0.0499493927126
chrX	74600000	74700000	0	0.0	NA
chrX	74700000	74800000	18119	955.0	0.052707103041
chrX	74800000	74900000	35115	2125.0	0.0605154492382
chrX	74900000	75000000	21373	1082.0	0.0506246198475
chrX	75000000	75100000	6331	426.0	0.0672879481914
chrX	75100000	75200000	14076	914.0	0.0649332196647
chrX	75200000	75300000	35013	2268.0	0.064775940365
chrX	75300000	75400000	43660	2443.0	0.05595510765
chrX	75400000	75500000	37975	2093.0	0.0551152073733
chrX	75500000	75600000	4609	301.0	0.0653070080278
chrX	75600000	75700000	18070	967.0	0.0535141117875
chrX	75700000	75800000	0	0.0	NA
chrX	75800000	75900000	6601	464.0	0.0702923799424
chrX	75900000	76000000	0	0.0	NA
chrX	76000000	76100000	0	0.0	NA
chrX	76100000	76200000	0	0.0	NA
chrX	76200000	76300000	32604	2073.0	0.0635811556864
chrX	76300000	76400000	40420	2656.0	0.0657100445324
chrX	76400000	76500000	16075	1138.0	0.0707931570762
chrX	76500000	76600000	18165	1093.0	0.0601706578585
chrX	76600000	76700000	34966	1879.0	0.0537379168335
chrX	76700000	76800000	26265	1287.0	0.0490005711022
chrX	76800000	76900000	0	0.0	NA
chrX	76900000	77000000	0	0.0	NA
chrX	77000000	77100000	10457	526.0	0.0503012336234
chrX	77100000	77200000	4608	228.0	0.0494791666667
chrX	77200000	77300000	0	0.0	NA
chrX	77300000	77400000	32106	1688.0	0.0525758425216
chrX	77400000	77500000	11681	561.0	0.0480267100419
chrX	77500000	77600000	13875	738.0	0.0531891891892
chrX	77600000	77700000	15803	1223.0	0.0773903689173
chrX	77700000	77800000	45392	2746.0	0.0604952414522
chrX	77800000	77900000	43668	2556.0	0.0585325638912
chrX	77900000	78000000	70532	4079.0	0.0578319060852
chrX	78000000	78100000	44581	2793.0	0.0626500078509
chrX	78100000	78200000	42221	2649.0	0.0627412898794
chrX	78200000	78300000	26433	1832.0	0.0693073052624
chrX	78300000	78400000	56071	3475.0	0.0619749959872
chrX	78400000	78500000	50202	3139.0	0.062527389347
chrX	78500000	78600000	50463	3165.0	0.0627192200226
chrX	78600000	78700000	51644	3204.0	0.0620401208272
chrX	78700000	78800000	26429	1689.0	0.0639070717772
chrX	78800000	78900000	55849	3380.0	0.0605203316084
chrX	78900000	79000000	46834	2845.0	0.0607464662425
chrX	79000000	79100000	33184	2076.0	0.0625602700096
chrX	79100000	79200000	14972	953.0	0.0636521506813
chrX	79200000	79300000	14043	750.0	0.053407391583
chrX	79300000	79400000	52309	2791.0	0.0533560190407
chrX	79400000	79500000	30789	1701.0	0.0552470038001
chrX	79500000	79600000	0	0.0	NA
chrX	79600000	79700000	0	0.0	NA
chrX	79700000	79800000	38347	2305.0	0.0601090046157
chrX	79800000	79900000	25526	1498.0	0.0586852620857
chrX	79900000	80000000	16845	892.0	0.0529533986346
chrX	80000000	80100000	13241	656.0	0.0495430858696
chrX	80100000	80200000	40382	2248.0	0.0556683670942
chrX	80200000	80300000	34651	2023.0	0.0583821534732
chrX	80300000	80400000	39842	2288.0	0.0574268360022
chrX	80400000	80500000	0	0.0	NA
chrX	80500000	80600000	20972	1237.0	0.0589834064467
chrX	80600000	80700000	79638	4608.0	0.057861824757
chrX	80700000	80800000	43869	2847.0	0.0648977637968
chrX	80800000	80900000	39480	2474.0	0.0626646403242
chrX	80900000	81000000	16285	1028.0	0.0631255756831
chrX	81000000	81100000	34047	2300.0	0.0675536758011
chrX	81100000	81200000	69269	4398.0	0.0634916051914
chrX	81200000	81300000	44809	2992.0	0.0667723002075
chrX	81300000	81400000	61782	4292.0	0.0694700721893
chrX	81400000	81500000	44529	3069.0	0.0689213770801
chrX	81500000	81600000	58955	3683.0	0.0624713764736
chrX	81600000	81700000	68734	4422.0	0.0643349725027
chrX	81700000	81800000	46177	2989.0	0.0647291941876
chrX	81800000	81900000	42169	2648.0	0.0627949441533
chrX	81900000	82000000	64517	3778.0	0.0585582094642
chrX	82000000	82100000	60945	3815.0	0.0625974239068
chrX	82100000	82200000	52198	3323.0	0.0636614429672
chrX	82200000	82300000	25640	1645.0	0.0641575663027
chrX	82300000	82400000	47809	3098.0	0.0647995147357
chrX	82400000	82500000	40228	2581.0	0.0641592920354
chrX	82500000	82600000	51517	3287.0	0.0638041811441
chrX	82600000	82700000	54634	3523.0	0.0644836548669
chrX	82700000	82800000	73772	4328.0	0.0586672450252
chrX	82800000	82900000	51837	3193.0	0.0615969288346
chrX	82900000	83000000	30553	2027.0	0.0663437305666
chrX	83000000	83100000	31408	1867.0	0.0594434538971
chrX	83100000	83200000	43774	2538.0	0.057979622607
chrX	83200000	83300000	46878	2855.0	0.0609027688895
chrX	83300000	83400000	6782	353.0	0.0520495429077
chrX	83400000	83500000	43087	2313.0	0.0536820850837
chrX	83500000	83600000	42889	2520.0	0.0587563244655
chrX	83600000	83700000	0	0.0	NA
chrX	83700000	83800000	26829	1509.0	0.0562451079056
chrX	83800000	83900000	60119	3630.0	0.0603802458457
chrX	83900000	84000000	60886	3463.0	0.0568767861249
chrX	84000000	84100000	58562	3507.0	0.0598852498207
chrX	84100000	84200000	51758	3278.0	0.0633332045288
chrX	84200000	84300000	18731	994.0	0.0530671080028
chrX	84300000	84400000	26364	1471.0	0.0557957821271
chrX	84400000	84500000	61893	3357.0	0.0542387669042
chrX	84500000	84600000	3873	160.0	0.0413116447199
chrX	84600000	84700000	19589	1200.0	0.0612588697739
chrX	84700000	84800000	81872	4667.0	0.0570036153996
chrX	84800000	84900000	66351	4080.0	0.0614911606457
chrX	84900000	85000000	37135	2489.0	0.0670257169786
chrX	85000000	85100000	55947	3489.0	0.0623625931685
chrX	85100000	85200000	10629	550.0	0.0517452253269
chrX	85200000	85300000	0	0.0	NA
chrX	85300000	85400000	55904	3263.0	0.0583679164282
chrX	85400000	85500000	2138	99.0	0.0463049579046
chrX	85500000	85600000	0	0.0	NA
chrX	85600000	85700000	0	0.0	NA
chrX	85700000	85800000	0	0.0	NA
chrX	85800000	85900000	0	0.0	NA
chrX	85900000	86000000	0	0.0	NA
chrX	86000000	86100000	10787	627.0	0.058125521461
chrX	86100000	86200000	46478	2843.0	0.0611687249882
chrX	86200000	86300000	59689	4007.0	0.0671312972239
chrX	86300000	86400000	29074	1746.0	0.0600536561877
chrX	86400000	86500000	34188	2150.0	0.0628875628876
chrX	86500000	86600000	67472	4260.0	0.0631373013991
chrX	86600000	86700000	63964	3899.0	0.0609561628416
chrX	86700000	86800000	40592	2482.0	0.0611450532125
chrX	86800000	86900000	0	0.0	NA
chrX	86900000	87000000	22788	1347.0	0.0591100579252
chrX	87000000	87100000	55506	3368.0	0.0606781248874
chrX	87100000	87200000	76912	4587.0	0.0596395881007
chrX	87200000	87300000	55408	3441.0	0.062102945423
chrX	87300000	87400000	75419	4441.0	0.0588843660086
chrX	87400000	87500000	44100	2711.0	0.0614739229025
chrX	87500000	87600000	54169	3309.0	0.0610865993465
chrX	87600000	87700000	68653	4203.0	0.0612209226108
chrX	87700000	87800000	54066	3290.0	0.0608515518071
chrX	87800000	87900000	66686	3945.0	0.0591578442252
chrX	87900000	88000000	68041	4145.0	0.060919151688
chrX	88000000	88100000	32717	1939.0	0.0592658251062
chrX	88100000	88200000	68097	3999.0	0.0587250539671
chrX	88200000	88300000	66020	4069.0	0.0616328385338
chrX	88300000	88400000	57204	3559.0	0.062215928956
chrX	88400000	88500000	42355	2741.0	0.0647149096919
chrX	88500000	88600000	9	1.0	0.111111111111
chrX	88600000	88700000	45	3.0	0.0666666666667
chrX	88700000	88800000	25	3.0	0.12
chrX	88800000	88900000	918	55.0	0.0599128540305
chrX	88900000	89000000	7929	431.0	0.0543574221213
chrX	89000000	89100000	392	32.0	0.0816326530612
chrX	89100000	89200000	33	3.0	0.0909090909091
chrX	89200000	89300000	20726	1245.0	0.0600694779504
chrX	89300000	89400000	34595	2001.0	0.057840728429
chrX	89400000	89500000	2972	173.0	0.0582099596231
chrX	89500000	89600000	1490	98.0	0.0657718120805
chrX	89600000	89700000	507	41.0	0.0808678500986
chrX	89700000	89800000	155	15.0	0.0967741935484
chrX	89800000	89900000	1801	150.0	0.0832870627429
chrX	89900000	90000000	1358	105.0	0.0773195876289
chrX	90000000	90100000	707	52.0	0.0735502121641
chrX	90100000	90200000	7531	458.0	0.0608152967733
chrX	90200000	90300000	6179	440.0	0.0712089334844
chrX	90300000	90400000	65908	3911.0	0.059340292529
chrX	90400000	90500000	160	5.0	0.03125
chrX	90500000	90600000	20854	1114.0	0.0534190083437
chrX	90600000	90700000	41608	2470.0	0.0593635839262
chrX	90700000	90800000	26884	1714.0	0.0637553935426
chrX	90800000	90900000	352	36.0	0.102272727273
chrX	90900000	91000000	9548	570.0	0.05969836615
chrX	91000000	91100000	102	4.0	0.0392156862745
chrX	91100000	91200000	0	0.0	NA
chrX	91200000	91300000	0	0.0	NA
chrX	91300000	91400000	0	0.0	NA
chrX	91400000	91500000	0	0.0	NA
chrX	91500000	91600000	0	0.0	NA
chrX	91600000	91700000	0	0.0	NA
chrX	91700000	91800000	0	0.0	NA
chrX	91800000	91900000	465	34.0	0.0731182795699
chrX	91900000	92000000	187	8.0	0.0427807486631
chrX	92000000	92100000	201	16.0	0.0796019900498
chrX	92100000	92200000	3090	222.0	0.0718446601942
chrX	92200000	92300000	663	46.0	0.0693815987934
chrX	92300000	92400000	21134	1191.0	0.0563546891265
chrX	92400000	92500000	70023	4483.0	0.0640218214015
chrX	92500000	92600000	50226	2991.0	0.0595508302473
chrX	92600000	92700000	73460	4320.0	0.0588075142935
chrX	92700000	92800000	76373	4293.0	0.0562109646079
chrX	92800000	92900000	63066	3559.0	0.0564329432658
chrX	92900000	93000000	42564	2518.0	0.0591579738746
chrX	93000000	93100000	85472	4755.0	0.0556322538375
chrX	93100000	93200000	62191	3868.0	0.0621954945249
chrX	93200000	93300000	57574	3444.0	0.0598186681488
chrX	93300000	93400000	66513	3978.0	0.0598078571106
chrX	93400000	93500000	69258	4104.0	0.0592566923677
chrX	93500000	93600000	73766	4597.0	0.0623186834043
chrX	93600000	93700000	70771	4207.0	0.0594452529991
chrX	93700000	93800000	56467	3490.0	0.0618060105903
chrX	93800000	93900000	73482	4600.0	0.0626003647152
chrX	93900000	94000000	40194	2494.0	0.0620490620491
chrX	94000000	94100000	35719	2242.0	0.0627677146617
chrX	94100000	94200000	39373	2549.0	0.0647397963071
chrX	94200000	94300000	38467	2459.0	0.063924922661
chrX	94300000	94400000	40599	2584.0	0.0636468878544
chrX	94400000	94500000	42802	2650.0	0.0619129947199
chrX	94500000	94600000	54558	3420.0	0.0626855823161
chrX	94600000	94700000	68426	3873.0	0.0566012919066
chrX	94700000	94800000	68312	3836.0	0.0561541164071
chrX	94800000	94900000	63252	3549.0	0.0561088977424
chrX	94900000	95000000	81560	4046.0	0.0496076508092
chrX	95000000	95100000	65184	3322.0	0.0509634266078
chrX	95100000	95200000	70356	3600.0	0.0511683438513
chrX	95200000	95300000	66703	3506.0	0.052561354062
chrX	95300000	95400000	67866	3457.0	0.0509386143282
chrX	95400000	95500000	66539	3453.0	0.0518943777334
chrX	95500000	95600000	50370	2724.0	0.0540798094104
chrX	95600000	95700000	76086	3509.0	0.0461188654943
chrX	95700000	95800000	71864	3391.0	0.0471863519982
chrX	95800000	95900000	63587	3051.0	0.0479815056537
chrX	95900000	96000000	29356	1424.0	0.0485079711132
chrX	96000000	96100000	0	0.0	NA
chrX	96100000	96200000	0	0.0	NA
chrX	96200000	96300000	0	0.0	NA
chrX	96300000	96400000	0	0.0	NA
chrX	96400000	96500000	0	0.0	NA
chrX	96500000	96600000	0	0.0	NA
chrX	96600000	96700000	0	0.0	NA
chrX	96700000	96800000	0	0.0	NA
chrX	96800000	96900000	514	26.0	0.0505836575875
chrX	96900000	97000000	78326	3675.0	0.0469192860608
chrX	97000000	97100000	74973	3510.0	0.0468168540675
chrX	97100000	97200000	73996	3597.0	0.0486107357154
chrX	97200000	97300000	71859	3439.0	0.0478576100419
chrX	97300000	97400000	58812	2816.0	0.0478813847514
chrX	97400000	97500000	79882	3866.0	0.0483963846674
chrX	97500000	97600000	73768	3591.0	0.0486796442902
chrX	97600000	97700000	64459	3124.0	0.0484649156828
chrX	97700000	97800000	78186	4165.0	0.0532704064666
chrX	97800000	97900000	19501	1012.0	0.0518947746269
chrX	97900000	98000000	0	0.0	NA
chrX	98000000	98100000	0	0.0	NA
chrX	98100000	98200000	60554	3399.0	0.056131717145
chrX	98200000	98300000	88585	4657.0	0.0525709770277
chrX	98300000	98400000	73546	3819.0	0.0519266853398
chrX	98400000	98500000	56891	3076.0	0.054068306059
chrX	98500000	98600000	63626	3410.0	0.0535944425235
chrX	98600000	98700000	52231	2916.0	0.0558289138634
chrX	98700000	98800000	15030	721.0	0.0479707252162
chrX	98800000	98900000	0	0.0	NA
chrX	98900000	99000000	0	0.0	NA
chrX	99000000	99100000	0	0.0	NA
chrX	99100000	99200000	3581	195.0	0.0544540631109
chrX	99200000	99300000	82338	4064.0	0.0493575262941
chrX	99300000	99400000	68024	3208.0	0.0471598259438
chrX	99400000	99500000	65961	3235.0	0.0490441321387
chrX	99500000	99600000	27562	1294.0	0.046948697482
chrX	99600000	99700000	28558	1109.0	0.0388332516283
chrX	99700000	99800000	75390	3647.0	0.0483751160631
chrX	99800000	99900000	38241	1689.0	0.0441672550404
chrX	99900000	100000000	10117	503.0	0.0497182959375
chrX	100000000	100100000	26609	1241.0	0.0466383554436
chrX	100100000	100200000	36390	1642.0	0.0451222863424
chrX	100200000	100300000	28183	1283.0	0.0455238973849
chrX	100300000	100400000	1437	67.0	0.0466249130132
chrX	100400000	100500000	34648	1577.0	0.0455148926345
chrX	100500000	100600000	17241	843.0	0.0488950756917
chrX	100600000	100700000	4317	195.0	0.045170257123
chrX	100700000	100800000	1952	105.0	0.0537909836066
chrX	100800000	100900000	50777	2489.0	0.0490182562971
chrX	100900000	101000000	72521	3460.0	0.0477103183905
chrX	101000000	101100000	49712	2704.0	0.0543933054393
chrX	101100000	101200000	7725	407.0	0.0526860841424
chrX	101200000	101300000	1212	156.0	0.128712871287
chrX	101300000	101400000	16200	1094.0	0.0675308641975
chrX	101400000	101500000	25614	1499.0	0.0585226829078
chrX	101500000	101600000	3771	263.0	0.0697427738001
chrX	101600000	101700000	2445	240.0	0.0981595092025
chrX	101700000	101800000	31961	1756.0	0.0549419605144
chrX	101800000	101900000	18754	884.0	0.0471366108564
chrX	101900000	102000000	2371	100.0	0.0421762969211
chrX	102000000	102100000	13562	569.0	0.0419554637959
chrX	102100000	102200000	25186	1226.0	0.0486778368935
chrX	102200000	102300000	18354	1013.0	0.0551923286477
chrX	102300000	102400000	33489	1743.0	0.0520469407865
chrX	102400000	102500000	60747	3074.0	0.0506033219747
chrX	102500000	102600000	68662	3121.0	0.0454545454545
chrX	102600000	102700000	63383	2822.0	0.0445229793478
chrX	102700000	102800000	42282	2043.0	0.0483184333759
chrX	102800000	102900000	57605	2446.0	0.0424615918757
chrX	102900000	103000000	42544	2076.0	0.0487965400527
chrX	103000000	103100000	29056	1428.0	0.0491464757709
chrX	103100000	103200000	39110	2070.0	0.0529276399898
chrX	103200000	103300000	35829	2811.0	0.0784559993302
chrX	103300000	103400000	14088	1016.0	0.0721181147076
chrX	103400000	103500000	48620	2377.0	0.0488893459482
chrX	103500000	103600000	74966	3459.0	0.0461409172158
chrX	103600000	103700000	72945	3264.0	0.0447460415381
chrX	103700000	103800000	47737	2171.0	0.0454783501267
chrX	103800000	103900000	7479	350.0	0.0467977002273
chrX	103900000	104000000	0	0.0	NA
chrX	104000000	104100000	0	0.0	NA
chrX	104100000	104200000	0	0.0	NA
chrX	104200000	104300000	0	0.0	NA
chrX	104300000	104400000	0	0.0	NA
chrX	104400000	104500000	0	0.0	NA
chrX	104500000	104600000	0	0.0	NA
chrX	104600000	104700000	0	0.0	NA
chrX	104700000	104800000	0	0.0	NA
chrX	104800000	104900000	0	0.0	NA
chrX	104900000	105000000	0	0.0	NA
chrX	105000000	105100000	36552	1757.0	0.0480685051434
chrX	105100000	105200000	0	0.0	NA
chrX	105200000	105300000	59326	3176.0	0.0535347065368
chrX	105300000	105400000	56592	3068.0	0.0542126095561
chrX	105400000	105500000	37176	1915.0	0.0515117279966
chrX	105500000	105600000	58132	3031.0	0.0521399573385
chrX	105600000	105700000	71691	3867.0	0.0539398250826
chrX	105700000	105800000	64951	3303.0	0.050853720497
chrX	105800000	105900000	37456	1817.0	0.048510252029
chrX	105900000	106000000	8345	405.0	0.0485320551228
chrX	106000000	106100000	5306	248.0	0.0467395401432
chrX	106100000	106200000	0	0.0	NA
chrX	106200000	106300000	32600	1543.0	0.0473312883436
chrX	106300000	106400000	6600	285.0	0.0431818181818
chrX	106400000	106500000	6838	305.0	0.0446036852881
chrX	106500000	106600000	75935	3716.0	0.048936590505
chrX	106600000	106700000	71899	3517.0	0.0489158402759
chrX	106700000	106800000	46991	2155.0	0.0458598455023
chrX	106800000	106900000	16044	705.0	0.0439416604338
chrX	106900000	107000000	39755	1738.0	0.0437177713495
chrX	107000000	107100000	22571	1119.0	0.0495768907005
chrX	107100000	107200000	7800	421.0	0.0539743589744
chrX	107200000	107300000	57678	2977.0	0.0516141336385
chrX	107300000	107400000	4786	207.0	0.0432511491851
chrX	107400000	107500000	0	0.0	NA
chrX	107500000	107600000	0	0.0	NA
chrX	107600000	107700000	328	10.0	0.030487804878
chrX	107700000	107800000	0	0.0	NA
chrX	107800000	107900000	0	0.0	NA
chrX	107900000	108000000	28718	1421.0	0.0494811616408
chrX	108000000	108100000	53214	2990.0	0.0561882211448
chrX	108100000	108200000	57280	3169.0	0.0553247206704
chrX	108200000	108300000	47967	2669.0	0.055642420831
chrX	108300000	108400000	43137	2489.0	0.0576998864084
chrX	108400000	108500000	45276	2656.0	0.0586624260094
chrX	108500000	108600000	66947	3790.0	0.0566119467639
chrX	108600000	108700000	14547	657.0	0.0451639513302
chrX	108700000	108800000	27306	1392.0	0.0509778070754
chrX	108800000	108900000	65223	3112.0	0.0477132299956
chrX	108900000	109000000	14305	635.0	0.0443900734009
chrX	109000000	109100000	69270	3276.0	0.0472932005197
chrX	109100000	109200000	66479	3313.0	0.049835286331
chrX	109200000	109300000	33153	1644.0	0.0495882725545
chrX	109300000	109400000	0	0.0	NA
chrX	109400000	109500000	15164	659.0	0.0434581904511
chrX	109500000	109600000	0	0.0	NA
chrX	109600000	109700000	438	17.0	0.0388127853881
chrX	109700000	109800000	57861	2806.0	0.0484955323966
chrX	109800000	109900000	34144	1735.0	0.0508141986879
chrX	109900000	110000000	9986	472.0	0.0472661726417
chrX	110000000	110100000	46203	2317.0	0.0501482587711
chrX	110100000	110200000	51918	2679.0	0.0516006009476
chrX	110200000	110300000	0	0.0	NA
chrX	110300000	110400000	0	0.0	NA
chrX	110400000	110500000	12311	630.0	0.0511737470555
chrX	110500000	110600000	21554	1041.0	0.0482972998051
chrX	110600000	110700000	38605	1862.0	0.0482320942883
chrX	110700000	110800000	69355	3408.0	0.0491384903756
chrX	110800000	110900000	49121	2472.0	0.0503247083732
chrX	110900000	111000000	17617	856.0	0.0485894306636
chrX	111000000	111100000	11856	526.0	0.0443657219973
chrX	111100000	111200000	0	0.0	NA
chrX	111200000	111300000	0	0.0	NA
chrX	111300000	111400000	0	0.0	NA
chrX	111400000	111500000	0	0.0	NA
chrX	111500000	111600000	0	0.0	NA
chrX	111600000	111700000	0	0.0	NA
chrX	111700000	111800000	52637	3048.0	0.0579060356783
chrX	111800000	111900000	44340	2578.0	0.0581416328372
chrX	111900000	112000000	51124	2556.0	0.049996087943
chrX	112000000	112100000	27154	1210.0	0.0445606540473
chrX	112100000	112200000	70243	3248.0	0.0462394829378
chrX	112200000	112300000	58677	2973.0	0.0506672120252
chrX	112300000	112400000	0	0.0	NA
chrX	112400000	112500000	0	0.0	NA
chrX	112500000	112600000	0	0.0	NA
chrX	112600000	112700000	0	0.0	NA
chrX	112700000	112800000	25786	1316.0	0.0510354455906
chrX	112800000	112900000	47911	2597.0	0.0542046711611
chrX	112900000	113000000	0	0.0	NA
chrX	113000000	113100000	0	0.0	NA
chrX	113100000	113200000	14408	776.0	0.0538589672404
chrX	113200000	113300000	47672	2429.0	0.0509523409968
chrX	113300000	113400000	74680	3975.0	0.0532271023032
chrX	113400000	113500000	76211	4050.0	0.0531419348913
chrX	113500000	113600000	34648	1895.0	0.0546929115678
chrX	113600000	113700000	74686	3918.0	0.0524596309884
chrX	113700000	113800000	60688	3150.0	0.051904824677
chrX	113800000	113900000	15628	840.0	0.0537496800614
chrX	113900000	114000000	0	0.0	NA
chrX	114000000	114100000	0	0.0	NA
chrX	114100000	114200000	38210	2196.0	0.0574718660037
chrX	114200000	114300000	59741	3198.0	0.0535310758106
chrX	114300000	114400000	30766	1582.0	0.0514203991419
chrX	114400000	114500000	20854	999.0	0.0479044787571
chrX	114500000	114600000	57520	2928.0	0.0509040333797
chrX	114600000	114700000	76670	3773.0	0.0492109038737
chrX	114700000	114800000	21560	1139.0	0.0528293135436
chrX	114800000	114900000	7108	385.0	0.0541643218908
chrX	114900000	115000000	24046	1297.0	0.0539382849538
chrX	115000000	115100000	12392	717.0	0.0578599096191
chrX	115100000	115200000	45974	2918.0	0.0634706573281
chrX	115200000	115300000	46733	2778.0	0.0594440759207
chrX	115300000	115400000	51499	2886.0	0.0560399231053
chrX	115400000	115500000	57083	2979.0	0.0521871660564
chrX	115500000	115600000	61928	3186.0	0.0514468414933
chrX	115600000	115700000	36751	1894.0	0.0515360126255
chrX	115700000	115800000	36445	1941.0	0.0532583344766
chrX	115800000	115900000	43769	2468.0	0.0563869405287
chrX	115900000	116000000	26365	1500.0	0.0568936089513
chrX	116000000	116100000	40846	2368.0	0.0579738530089
chrX	116100000	116200000	48336	2782.0	0.0575554452168
chrX	116200000	116300000	59099	3530.0	0.0597302830843
chrX	116300000	116400000	55992	3285.0	0.0586690955851
chrX	116400000	116500000	58004	3187.0	0.0549444865871
chrX	116500000	116600000	63914	3468.0	0.0542604124292
chrX	116600000	116700000	61341	3021.0	0.0492492786228
chrX	116700000	116800000	60848	3040.0	0.0499605574546
chrX	116800000	116900000	64834	3178.0	0.0490174908227
chrX	116900000	117000000	52192	2800.0	0.0536480686695
chrX	117000000	117100000	20587	1089.0	0.0528974595619
chrX	117100000	117200000	0	0.0	NA
chrX	117200000	117300000	39929	1893.0	0.0474091512435
chrX	117300000	117400000	72066	3224.0	0.0447367690728
chrX	117400000	117500000	46110	2409.0	0.0522446324008
chrX	117500000	117600000	10323	510.0	0.0494042429526
chrX	117600000	117700000	11914	621.0	0.0521235521236
chrX	117700000	117800000	0	0.0	NA
chrX	117800000	117900000	25717	1207.0	0.0469339347513
chrX	117900000	118000000	24153	1221.0	0.0505527263694
chrX	118000000	118100000	21195	1023.0	0.0482661004954
chrX	118100000	118200000	34086	1643.0	0.0482016076982
chrX	118200000	118300000	17503	871.0	0.049762897789
chrX	118300000	118400000	68482	3225.0	0.0470926666861
chrX	118400000	118500000	7045	461.0	0.0654364797729
chrX	118500000	118600000	6891	329.0	0.0477434334639
chrX	118600000	118700000	36416	1722.0	0.0472869068541
chrX	118700000	118800000	9700	427.0	0.0440206185567
chrX	118800000	118900000	24431	1146.0	0.0469076173714
chrX	118900000	119000000	26833	1673.0	0.0623486006037
chrX	119000000	119100000	14159	707.0	0.0499329048662
chrX	119100000	119200000	26514	2093.0	0.0789394282266
chrX	119200000	119300000	1871	165.0	0.0881881346873
chrX	119300000	119400000	22664	1030.0	0.0454465231204
chrX	119400000	119500000	37124	1678.0	0.0451998707036
chrX	119500000	119600000	27715	1373.0	0.0495399603103
chrX	119600000	119700000	30023	1491.0	0.0496619258568
chrX	119700000	119800000	37871	1831.0	0.0483483404188
chrX	119800000	119900000	72368	3444.0	0.0475900950696
chrX	119900000	120000000	56187	2807.0	0.0499581753786
chrX	120000000	120100000	4611	228.0	0.0494469746259
chrX	120100000	120200000	50269	2632.0	0.0523583122799
chrX	120200000	120300000	69256	3312.0	0.0478225713296
chrX	120300000	120400000	59403	2864.0	0.0482130532128
chrX	120400000	120500000	56763	2695.0	0.0474781107412
chrX	120500000	120600000	35432	1884.0	0.0531722736509
chrX	120600000	120700000	68608	3880.0	0.0565531716418
chrX	120700000	120800000	73787	3817.0	0.0517299795357
chrX	120800000	120900000	57982	2968.0	0.0511882998172
chrX	120900000	121000000	62408	3170.0	0.0507947699013
chrX	121000000	121100000	74771	4034.0	0.0539513982694
chrX	121100000	121200000	67293	3736.0	0.0555184045889
chrX	121200000	121300000	55228	3112.0	0.0563482291591
chrX	121300000	121400000	64372	3557.0	0.0552569440129
chrX	121400000	121500000	57556	3324.0	0.057752449788
chrX	121500000	121600000	65727	3570.0	0.0543155780729
chrX	121600000	121700000	57707	3293.0	0.0570641343338
chrX	121700000	121800000	50665	2786.0	0.0549886509425
chrX	121800000	121900000	61141	3277.0	0.0535974223516
chrX	121900000	122000000	81640	4337.0	0.0531234688878
chrX	122000000	122100000	69039	3378.0	0.048928866293
chrX	122100000	122200000	69592	3431.0	0.0493016438671
chrX	122200000	122300000	72189	3467.0	0.0480267076701
chrX	122300000	122400000	17100	722.0	0.0422222222222
chrX	122400000	122500000	0	0.0	NA
chrX	122500000	122600000	0	0.0	NA
chrX	122600000	122700000	48649	2309.0	0.0474624349935
chrX	122700000	122800000	20470	971.0	0.0474352711285
chrX	122800000	122900000	9913	469.0	0.0473116110158
chrX	122900000	123000000	28765	1477.0	0.05134712324
chrX	123000000	123100000	20534	879.0	0.0428070517191
chrX	123100000	123200000	0	0.0	NA
chrX	123200000	123300000	31535	1541.0	0.0488663389884
chrX	123300000	123400000	68072	3161.0	0.0464361264543
chrX	123400000	123500000	61060	2781.0	0.0455453652145
chrX	123500000	123600000	2442	100.0	0.04095004095
chrX	123600000	123700000	0	0.0	NA
chrX	123700000	123800000	0	0.0	NA
chrX	123800000	123900000	0	0.0	NA
chrX	123900000	124000000	0	0.0	NA
chrX	124000000	124100000	1915	113.0	0.0590078328982
chrX	124100000	124200000	76019	3840.0	0.0505136873676
chrX	124200000	124300000	85632	4092.0	0.0477858744395
chrX	124300000	124400000	80157	3793.0	0.0473196352159
chrX	124400000	124500000	56973	3039.0	0.0533410562898
chrX	124500000	124600000	69629	3802.0	0.0546036852461
chrX	124600000	124700000	74298	4204.0	0.0565829497429
chrX	124700000	124800000	53694	3128.0	0.0582560435058
chrX	124800000	124900000	59556	3076.0	0.051648868292
chrX	124900000	125000000	58091	2957.0	0.0509028937357
chrX	125000000	125100000	46488	2708.0	0.0582515918086
chrX	125100000	125200000	49229	2633.0	0.0534847346076
chrX	125200000	125300000	57871	3349.0	0.0578700903734
chrX	125300000	125400000	69248	3627.0	0.0523769639556
chrX	125400000	125500000	66055	3803.0	0.0575732344259
chrX	125500000	125600000	54697	3110.0	0.0568586942611
chrX	125600000	125700000	70458	3908.0	0.0554656674899
chrX	125700000	125800000	78540	4197.0	0.0534377387319
chrX	125800000	125900000	79496	4273.0	0.0537511321324
chrX	125900000	126000000	48520	2697.0	0.0555853256389
chrX	126000000	126100000	34579	1871.0	0.0541079846149
chrX	126100000	126200000	76591	4425.0	0.0577744121372
chrX	126200000	126300000	48733	2907.0	0.0596515708042
chrX	126300000	126400000	54680	3190.0	0.0583394294075
chrX	126400000	126500000	64298	3834.0	0.0596286043112
chrX	126500000	126600000	47596	2724.0	0.0572317001429
chrX	126600000	126700000	56635	3364.0	0.0593978988258
chrX	126700000	126800000	62930	3745.0	0.059510567297
chrX	126800000	126900000	56270	3211.0	0.0570641549671
chrX	126900000	127000000	60455	3713.0	0.0614175833264
chrX	127000000	127100000	57194	3303.0	0.0577508130223
chrX	127100000	127200000	58963	3297.0	0.0559164221631
chrX	127200000	127300000	59052	3351.0	0.0567465962203
chrX	127300000	127400000	45981	2625.0	0.0570887975468
chrX	127400000	127500000	36477	1977.0	0.0541985360638
chrX	127500000	127600000	0	0.0	NA
chrX	127600000	127700000	0	0.0	NA
chrX	127700000	127800000	56046	2628.0	0.046890054598
chrX	127800000	127900000	67366	3266.0	0.0484814298014
chrX	127900000	128000000	68588	3428.0	0.0499795882662
chrX	128000000	128100000	79993	3893.0	0.0486667583414
chrX	128100000	128200000	73101	3622.0	0.0495478858018
chrX	128200000	128300000	81467	3544.0	0.0435022769956
chrX	128300000	128400000	70082	3316.0	0.0473160012557
chrX	128400000	128500000	47059	2263.0	0.0480885696679
chrX	128500000	128600000	52356	2442.0	0.0466422186569
chrX	128600000	128700000	12162	518.0	0.0425916790002
chrX	128700000	128800000	43611	2096.0	0.0480612689459
chrX	128800000	128900000	55456	2791.0	0.0503281881131
chrX	128900000	129000000	21425	980.0	0.0457409568261
chrX	129000000	129100000	7344	303.0	0.0412581699346
chrX	129100000	129200000	11607	478.0	0.0411820453175
chrX	129200000	129300000	11791	489.0	0.0414723093885
chrX	129300000	129400000	13619	737.0	0.0541155738307
chrX	129400000	129500000	43969	2255.0	0.0512861334122
chrX	129500000	129600000	53585	2579.0	0.0481291406177
chrX	129600000	129700000	35791	1898.0	0.0530300913638
chrX	129700000	129800000	41175	1976.0	0.0479902853673
chrX	129800000	129900000	0	0.0	NA
chrX	129900000	130000000	0	0.0	NA
chrX	130000000	130100000	37366	1824.0	0.0488144302307
chrX	130100000	130200000	14764	725.0	0.0491059333514
chrX	130200000	130300000	27637	1458.0	0.0527553641857
chrX	130300000	130400000	82535	3932.0	0.0476403949839
chrX	130400000	130500000	7275	328.0	0.0450859106529
chrX	130500000	130600000	0	0.0	NA
chrX	130600000	130700000	0	0.0	NA
chrX	130700000	130800000	60330	3207.0	0.0531576330184
chrX	130800000	130900000	8826	469.0	0.0531384545661
chrX	130900000	131000000	24267	1276.0	0.0525816953064
chrX	131000000	131100000	50012	2748.0	0.0549468127649
chrX	131100000	131200000	41551	2131.0	0.0512863709658
chrX	131200000	131300000	20769	1084.0	0.0521931725167
chrX	131300000	131400000	31160	1477.0	0.0474005134788
chrX	131400000	131500000	0	0.0	NA
chrX	131500000	131600000	0	0.0	NA
chrX	131600000	131700000	61548	2928.0	0.0475726262429
chrX	131700000	131800000	52831	2521.0	0.0477181957563
chrX	131800000	131900000	0	0.0	NA
chrX	131900000	132000000	0	0.0	NA
chrX	132000000	132100000	3571	177.0	0.0495659479137
chrX	132100000	132200000	44738	2112.0	0.0472081899057
chrX	132200000	132300000	38218	1931.0	0.05052593019
chrX	132300000	132400000	78579	3680.0	0.0468318507489
chrX	132400000	132500000	22784	1174.0	0.0515273876404
chrX	132500000	132600000	29529	1388.0	0.0470046395069
chrX	132600000	132700000	46966	2188.0	0.0465868926457
chrX	132700000	132800000	0	0.0	NA
chrX	132800000	132900000	0	0.0	NA
chrX	132900000	133000000	0	0.0	NA
chrX	133000000	133100000	0	0.0	NA
chrX	133100000	133200000	46208	2030.0	0.0439317867036
chrX	133200000	133300000	66793	3154.0	0.0472205171201
chrX	133300000	133400000	49672	2239.0	0.0450756965695
chrX	133400000	133500000	41014	2029.0	0.0494709123714
chrX	133500000	133600000	24654	1062.0	0.0430761742516
chrX	133600000	133700000	34544	1673.0	0.0484309865679
chrX	133700000	133800000	0	0.0	NA
chrX	133800000	133900000	777	34.0	0.043758043758
chrX	133900000	134000000	9031	406.0	0.044956261765
chrX	134000000	134100000	40075	1866.0	0.046562694947
chrX	134100000	134200000	63619	3029.0	0.0476115625835
chrX	134200000	134300000	28004	1440.0	0.0514212255392
chrX	134300000	134400000	30166	2702.0	0.089571040244
chrX	134400000	134500000	1556	59.0	0.0379177377892
chrX	134500000	134600000	58151	3081.0	0.0529827518013
chrX	134600000	134700000	44487	2291.0	0.0514981904826
chrX	134700000	134800000	25018	2661.0	0.106363418339
chrX	134800000	134900000	18000	1451.0	0.0806111111111
chrX	134900000	135000000	8868	640.0	0.0721695985566
chrX	135000000	135100000	19475	1342.0	0.0689088575096
chrX	135100000	135200000	42524	2263.0	0.0532170068667
chrX	135200000	135300000	20548	970.0	0.0472065407826
chrX	135300000	135400000	30080	1407.0	0.0467752659574
chrX	135400000	135500000	447	24.0	0.0536912751678
chrX	135500000	135600000	62547	2890.0	0.0462052536493
chrX	135600000	135700000	54302	2516.0	0.0463334683805
chrX	135700000	135800000	29108	1252.0	0.0430122303147
chrX	135800000	135900000	24918	1066.0	0.0427803194478
chrX	135900000	136000000	31039	1754.0	0.0565095524985
chrX	136000000	136100000	10945	516.0	0.047144814984
chrX	136100000	136200000	79037	3651.0	0.0461935549173
chrX	136200000	136300000	70408	3482.0	0.049454607431
chrX	136300000	136400000	85577	3994.0	0.0466714187223
chrX	136400000	136500000	75185	3717.0	0.0494380528031
chrX	136500000	136600000	73801	3538.0	0.047939729814
chrX	136600000	136700000	27303	1274.0	0.046661539025
chrX	136700000	136800000	0	0.0	NA
chrX	136800000	136900000	0	0.0	NA
chrX	136900000	137000000	0	0.0	NA
chrX	137000000	137100000	31757	1523.0	0.047957930535
chrX	137100000	137200000	52943	2687.0	0.050752696296
chrX	137200000	137300000	69910	3616.0	0.051723644686
chrX	137300000	137400000	68120	3584.0	0.0526130358191
chrX	137400000	137500000	68388	3559.0	0.0520412937942
chrX	137500000	137600000	67918	3661.0	0.0539032362555
chrX	137600000	137700000	78097	4106.0	0.0525756431105
chrX	137700000	137800000	0	0.0	NA
chrX	137800000	137900000	0	0.0	NA
chrX	137900000	138000000	0	0.0	NA
chrX	138000000	138100000	0	0.0	NA
chrX	138100000	138200000	0	0.0	NA
chrX	138200000	138300000	10013	544.0	0.0543293718166
chrX	138300000	138400000	75857	3835.0	0.0505556507639
chrX	138400000	138500000	70422	3413.0	0.0484649683338
chrX	138500000	138600000	66241	3177.0	0.0479612324693
chrX	138600000	138700000	20680	1052.0	0.0508704061896
chrX	138700000	138800000	7986	351.0	0.0439519158527
chrX	138800000	138900000	5121	260.0	0.0507713337239
chrX	138900000	139000000	0	0.0	NA
chrX	139000000	139100000	31264	1532.0	0.0490020470829
chrX	139100000	139200000	62626	2930.0	0.046785680069
chrX	139200000	139300000	73694	3514.0	0.0476836648845
chrX	139300000	139400000	50128	2446.0	0.0487950845835
chrX	139400000	139500000	55049	2438.0	0.0442878163091
chrX	139500000	139600000	67647	3068.0	0.0453530829157
chrX	139600000	139700000	81225	4260.0	0.0524469067405
chrX	139700000	139800000	56781	3028.0	0.0533276976453
chrX	139800000	139900000	17704	924.0	0.0521915951197
chrX	139900000	140000000	71379	4121.0	0.0577340674428
chrX	140000000	140100000	11118	612.0	0.0550458715596
chrX	140100000	140200000	0	0.0	NA
chrX	140200000	140300000	54392	2937.0	0.0539969113105
chrX	140300000	140400000	13669	750.0	0.0548686809569
chrX	140400000	140500000	0	0.0	NA
chrX	140500000	140600000	0	0.0	NA
chrX	140600000	140700000	0	0.0	NA
chrX	140700000	140800000	28356	1595.0	0.0562491183524
chrX	140800000	140900000	68308	3785.0	0.0554107864379
chrX	140900000	141000000	22123	1288.0	0.0582199520861
chrX	141000000	141100000	69414	3912.0	0.0563575071311
chrX	141100000	141200000	75735	4374.0	0.0577540106952
chrX	141200000	141300000	50810	3453.0	0.0679590631765
chrX	141300000	141400000	68049	3810.0	0.0559890667019
chrX	141400000	141500000	68372	3913.0	0.0572310302463
chrX	141500000	141600000	66868	3850.0	0.0575761201172
chrX	141600000	141700000	63869	3722.0	0.0582755327311
chrX	141700000	141800000	73905	4149.0	0.0561396387254
chrX	141800000	141900000	57233	3270.0	0.057134869743
chrX	141900000	142000000	69627	4042.0	0.0580521923966
chrX	142000000	142100000	77408	4508.0	0.0582368747416
chrX	142100000	142200000	73061	4303.0	0.0588959910212
chrX	142200000	142300000	73224	4223.0	0.0576723478641
chrX	142300000	142400000	51163	2977.0	0.0581865801458
chrX	142400000	142500000	0	0.0	NA
chrX	142500000	142600000	0	0.0	NA
chrX	142600000	142700000	66085	4333.0	0.0655670727094
chrX	142700000	142800000	61140	3374.0	0.0551848217206
chrX	142800000	142900000	26934	1500.0	0.0556916907997
chrX	142900000	143000000	65373	3695.0	0.0565218056384
chrX	143000000	143100000	63040	3618.0	0.0573921319797
chrX	143100000	143200000	44693	2662.0	0.0595619000738
chrX	143200000	143300000	3310	181.0	0.0546827794562
chrX	143300000	143400000	72970	4168.0	0.0571193641222
chrX	143400000	143500000	58915	3103.0	0.0526690995502
chrX	143500000	143600000	34648	1943.0	0.0560782729162
chrX	143600000	143700000	75996	4439.0	0.0584109689984
chrX	143700000	143800000	71889	4197.0	0.0583816717439
chrX	143800000	143900000	55894	3175.0	0.0568039503346
chrX	143900000	144000000	41840	2502.0	0.0597992351816
chrX	144000000	144100000	69924	4063.0	0.0581059435959
chrX	144100000	144200000	65950	3742.0	0.056739954511
chrX	144200000	144300000	76329	4211.0	0.0551690707333
chrX	144300000	144400000	51172	2999.0	0.0586062690534
chrX	144400000	144500000	62016	3273.0	0.0527767027864
chrX	144500000	144600000	70193	3858.0	0.0549627455729
chrX	144600000	144700000	67477	3591.0	0.0532181335863
chrX	144700000	144800000	78653	4303.0	0.0547086570124
chrX	144800000	144900000	68404	3605.0	0.0527015963979
chrX	144900000	145000000	61576	3421.0	0.0555573600104
chrX	145000000	145100000	55389	3315.0	0.0598494285869
chrX	145100000	145200000	76716	4482.0	0.0584232754575
chrX	145200000	145300000	78154	4363.0	0.0558256775085
chrX	145300000	145400000	62326	3735.0	0.0599268363123
chrX	145400000	145500000	72932	4200.0	0.0575878900894
chrX	145500000	145600000	60743	3595.0	0.0591837742621
chrX	145600000	145700000	83096	4844.0	0.0582940213729
chrX	145700000	145800000	67558	3773.0	0.0558483081204
chrX	145800000	145900000	57885	3389.0	0.0585471192882
chrX	145900000	146000000	63759	3589.0	0.0562900923791
chrX	146000000	146100000	64148	3943.0	0.0614672320259
chrX	146100000	146200000	69597	4273.0	0.0613963245542
chrX	146200000	146300000	27027	1605.0	0.0593850593851
chrX	146300000	146400000	23701	1325.0	0.0559048141429
chrX	146400000	146500000	73297	4249.0	0.0579696304078
chrX	146500000	146600000	67778	4049.0	0.0597391483962
chrX	146600000	146700000	80317	4501.0	0.0560404397575
chrX	146700000	146800000	74240	4528.0	0.0609913793103
chrX	146800000	146900000	82627	4203.0	0.0508671499631
chrX	146900000	147000000	60020	3012.0	0.0501832722426
chrX	147000000	147100000	20260	1000.0	0.0493583415597
chrX	147100000	147200000	66242	3287.0	0.0496210863199
chrX	147200000	147300000	68200	3227.0	0.0473167155425
chrX	147300000	147400000	73258	3717.0	0.0507384858992
chrX	147400000	147500000	55745	2714.0	0.0486859808055
chrX	147500000	147600000	42115	2016.0	0.0478689303099
chrX	147600000	147700000	0	0.0	NA
chrX	147700000	147800000	0	0.0	NA
chrX	147800000	147900000	0	0.0	NA
chrX	147900000	148000000	0	0.0	NA
chrX	148000000	148100000	16215	744.0	0.0458834412581
chrX	148100000	148200000	69233	3634.0	0.0524894197854
chrX	148200000	148300000	54476	2860.0	0.0525001835671
chrX	148300000	148400000	78520	3921.0	0.0499363219562
chrX	148400000	148500000	78183	3962.0	0.0506759781538
chrX	148500000	148600000	34476	1747.0	0.0506729318947
chrX	148600000	148700000	3776	532.0	0.140889830508
chrX	148700000	148800000	23035	1293.0	0.0561319730844
chrX	148800000	148900000	26928	1893.0	0.070298573975
chrX	148900000	149000000	702	84.0	0.119658119658
chrX	149000000	149100000	2642	177.0	0.0669947009841
chrX	149100000	149200000	0	0.0	NA
chrX	149200000	149300000	0	0.0	NA
chrX	149300000	149400000	6147	309.0	0.0502684236213
chrX	149400000	149500000	70662	3311.0	0.0468568679064
chrX	149500000	149600000	25607	1216.0	0.0474870152693
chrX	149600000	149700000	12773	708.0	0.0554294214358
chrX	149700000	149800000	23553	1134.0	0.0481467329003
chrX	149800000	149900000	12669	558.0	0.0440445181151
chrX	149900000	150000000	1006	88.0	0.0874751491054
chrX	150000000	150100000	18732	931.0	0.0497010463378
chrX	150100000	150200000	54900	2828.0	0.0515118397086
chrX	150200000	150300000	42268	2046.0	0.0484054130785
chrX	150300000	150400000	47664	2336.0	0.0490097348103
chrX	150400000	150500000	72104	3543.0	0.0491373571508
chrX	150500000	150600000	66396	3016.0	0.045424423158
chrX	150600000	150700000	40453	1889.0	0.0466961659209
chrX	150700000	150800000	10826	578.0	0.0533899870682
chrX	150800000	150900000	30562	1629.0	0.0533014855049
chrX	150900000	151000000	78931	4217.0	0.0534264104091
chrX	151000000	151100000	51292	2760.0	0.0538095609452
chrX	151100000	151200000	55907	2963.0	0.0529987300338
chrX	151200000	151300000	50267	2729.0	0.0542900909145
chrX	151300000	151400000	24	0.0	0.0
chrX	151400000	151500000	0	0.0	NA
chrX	151500000	151600000	0	0.0	NA
chrX	151600000	151700000	45537	2334.0	0.0512550233876
chrX	151700000	151800000	70682	3356.0	0.0474802637164
chrX	151800000	151900000	20344	1079.0	0.0530377506882
chrX	151900000	152000000	29852	1578.0	0.0528607798472
chrX	152000000	152100000	38696	1995.0	0.0515557163531
chrX	152100000	152200000	10736	658.0	0.0612891207154
chrX	152200000	152300000	20048	953.0	0.0475359138069
chrX	152300000	152400000	3	0.0	0.0
chrX	152400000	152500000	39966	3016.0	0.0754641445228
chrX	152500000	152600000	32913	2324.0	0.0706103971075
chrX	152600000	152700000	42536	2223.0	0.0522616136919
chrX	152700000	152800000	12046	691.0	0.0573634401461
chrX	152800000	152900000	22777	1359.0	0.059665451991
chrX	152900000	153000000	19992	1178.0	0.0589235694278
chrX	153000000	153100000	4699	293.0	0.062353692275
chrX	153100000	153200000	20113	1117.0	0.055536220355
chrX	153200000	153300000	12827	757.0	0.0590161378343
chrX	153300000	153400000	23489	1222.0	0.0520243518243
chrX	153400000	153500000	7769	502.0	0.0646157806668
chrX	153500000	153600000	3797	241.0	0.0634711614432
chrX	153600000	153700000	8628	433.0	0.0501854427446
chrX	153700000	153800000	8661	578.0	0.0667359427318
chrX	153800000	153900000	15009	861.0	0.0573655806516
chrX	153900000	154000000	9076	383.0	0.042199206699
chrX	154000000	154100000	7433	351.0	0.0472218485134
chrX	154100000	154200000	0	0.0	NA
chrX	154200000	154300000	974	42.0	0.0431211498973
chrX	154300000	154400000	9666	487.0	0.0503827850197
chrX	154400000	154500000	26173	1216.0	0.0464600924617
chrX	154500000	154600000	1947	98.0	0.050333846944
chrX	154600000	154700000	9583	416.0	0.0434102055724
chrX	154700000	154800000	0	0.0	NA
chrX	154800000	154900000	0	0.0	NA
chrX	154900000	155000000	0	0.0	NA
chrX	155000000	155100000	33915	1755.0	0.0517470145953
chrX	155100000	155200000	14953	726.0	0.0485521300074
chrX	155200000	155270560	5473	445.0	0.0813082404531
