chrY	0	100000	0	0.0	NA
chrY	100000	200000	0	0.0	NA
chrY	200000	300000	0	0.0	NA
chrY	300000	400000	0	0.0	NA
chrY	400000	500000	0	0.0	NA
chrY	500000	600000	0	0.0	NA
chrY	600000	700000	0	0.0	NA
chrY	700000	800000	0	0.0	NA
chrY	800000	900000	0	0.0	NA
chrY	900000	1000000	0	0.0	NA
chrY	1000000	1100000	0	0.0	NA
chrY	1100000	1200000	0	0.0	NA
chrY	1200000	1300000	0	0.0	NA
chrY	1300000	1400000	0	0.0	NA
chrY	1400000	1500000	0	0.0	NA
chrY	1500000	1600000	0	0.0	NA
chrY	1600000	1700000	0	0.0	NA
chrY	1700000	1800000	0	0.0	NA
chrY	1800000	1900000	0	0.0	NA
chrY	1900000	2000000	0	0.0	NA
chrY	2000000	2100000	0	0.0	NA
chrY	2100000	2200000	0	0.0	NA
chrY	2200000	2300000	0	0.0	NA
chrY	2300000	2400000	0	0.0	NA
chrY	2400000	2500000	0	0.0	NA
chrY	2500000	2600000	0	0.0	NA
chrY	2600000	2700000	0	0.0	NA
chrY	2700000	2800000	0	0.0	NA
chrY	2800000	2900000	0	0.0	NA
chrY	2900000	3000000	0	0.0	NA
chrY	3000000	3100000	611	67.0	0.109656301146
chrY	3100000	3200000	130	19.0	0.146153846154
chrY	3200000	3300000	19	0.0	0.0
chrY	3300000	3400000	18	2.0	0.111111111111
chrY	3400000	3500000	0	0.0	NA
chrY	3500000	3600000	12	1.0	0.0833333333333
chrY	3600000	3700000	167	17.0	0.101796407186
chrY	3700000	3800000	0	0.0	NA
chrY	3800000	3900000	60	8.0	0.133333333333
chrY	3900000	4000000	25	7.0	0.28
chrY	4000000	4100000	1	0.0	0.0
chrY	4100000	4200000	88	14.0	0.159090909091
chrY	4200000	4300000	208	21.0	0.100961538462
chrY	4300000	4400000	1640	149.0	0.0908536585366
chrY	4400000	4500000	14	2.0	0.142857142857
chrY	4500000	4600000	121	14.0	0.115702479339
chrY	4600000	4700000	140	21.0	0.15
chrY	4700000	4800000	129	20.0	0.15503875969
chrY	4800000	4900000	97	11.0	0.113402061856
chrY	4900000	5000000	0	0.0	NA
chrY	5000000	5100000	0	0.0	NA
chrY	5100000	5200000	0	0.0	NA
chrY	5200000	5300000	0	0.0	NA
chrY	5300000	5400000	0	0.0	NA
chrY	5400000	5500000	0	0.0	NA
chrY	5500000	5600000	0	0.0	NA
chrY	5600000	5700000	106	6.0	0.0566037735849
chrY	5700000	5800000	13	5.0	0.384615384615
chrY	5800000	5900000	282	42.0	0.148936170213
chrY	5900000	6000000	605	94.0	0.155371900826
chrY	6000000	6100000	1230	171.0	0.139024390244
chrY	6100000	6200000	0	0.0	NA
chrY	6200000	6300000	0	0.0	NA
chrY	6300000	6400000	0	0.0	NA
chrY	6400000	6500000	1393	156.0	0.111988513999
chrY	6500000	6600000	40	2.0	0.05
chrY	6600000	6700000	1105	146.0	0.132126696833
chrY	6700000	6800000	10236	1466.0	0.143220007816
chrY	6800000	6900000	0	0.0	NA
chrY	6900000	7000000	3006	465.0	0.154690618762
chrY	7000000	7100000	21887	2979.0	0.136108192077
chrY	7100000	7200000	7652	1070.0	0.139832723471
chrY	7200000	7300000	2955	409.0	0.138409475465
chrY	7300000	7400000	36064	4683.0	0.129852484472
chrY	7400000	7500000	20870	2693.0	0.129036895065
chrY	7500000	7600000	22336	3143.0	0.140714541547
chrY	7600000	7700000	550	75.0	0.136363636364
chrY	7700000	7800000	0	0.0	NA
chrY	7800000	7900000	0	0.0	NA
chrY	7900000	8000000	0	0.0	NA
chrY	8000000	8100000	17561	2894.0	0.164796993338
chrY	8100000	8200000	5545	919.0	0.165734896303
chrY	8200000	8300000	0	0.0	NA
chrY	8300000	8400000	0	0.0	NA
chrY	8400000	8500000	0	0.0	NA
chrY	8500000	8600000	0	0.0	NA
chrY	8600000	8700000	1575	208.0	0.132063492063
chrY	8700000	8800000	26601	3390.0	0.12743881809
chrY	8800000	8900000	9342	1510.0	0.161635624063
chrY	8900000	9000000	0	0.0	NA
chrY	9000000	9100000	0	0.0	NA
chrY	9100000	9200000	0	0.0	NA
chrY	9200000	9300000	0	0.0	NA
chrY	9300000	9400000	336	44.0	0.130952380952
chrY	9400000	9500000	11103	1369.0	0.123300009007
chrY	9500000	9600000	0	0.0	NA
chrY	9600000	9700000	0	0.0	NA
chrY	9700000	9800000	0	0.0	NA
chrY	9800000	9900000	8936	1482.0	0.165846016115
chrY	9900000	10000000	1491	273.0	0.183098591549
chrY	10000000	10100000	0	0.0	NA
chrY	10100000	10200000	0	0.0	NA
chrY	10200000	10300000	0	0.0	NA
chrY	10300000	10400000	0	0.0	NA
chrY	10400000	10500000	0	0.0	NA
chrY	10500000	10600000	0	0.0	NA
chrY	10600000	10700000	0	0.0	NA
chrY	10700000	10800000	0	0.0	NA
chrY	10800000	10900000	0	0.0	NA
chrY	10900000	11000000	0	0.0	NA
chrY	11000000	11100000	0	0.0	NA
chrY	11100000	11200000	0	0.0	NA
chrY	11200000	11300000	0	0.0	NA
chrY	11300000	11400000	0	0.0	NA
chrY	11400000	11500000	0	0.0	NA
chrY	11500000	11600000	0	0.0	NA
chrY	11600000	11700000	0	0.0	NA
chrY	11700000	11800000	0	0.0	NA
chrY	11800000	11900000	0	0.0	NA
chrY	11900000	12000000	0	0.0	NA
chrY	12000000	12100000	0	0.0	NA
chrY	12100000	12200000	0	0.0	NA
chrY	12200000	12300000	0	0.0	NA
chrY	12300000	12400000	0	0.0	NA
chrY	12400000	12500000	0	0.0	NA
chrY	12500000	12600000	0	0.0	NA
chrY	12600000	12700000	0	0.0	NA
chrY	12700000	12800000	0	0.0	NA
chrY	12800000	12900000	0	0.0	NA
chrY	12900000	13000000	0	0.0	NA
chrY	13000000	13100000	0	0.0	NA
chrY	13100000	13200000	1396	236.0	0.169054441261
chrY	13200000	13300000	10349	1778.0	0.171804039038
chrY	13300000	13400000	7	1.0	0.142857142857
chrY	13400000	13500000	326	49.0	0.150306748466
chrY	13500000	13600000	686	120.0	0.174927113703
chrY	13600000	13700000	0	0.0	NA
chrY	13700000	13800000	0	0.0	NA
chrY	13800000	13900000	3228	472.0	0.146220570012
chrY	13900000	14000000	7043	999.0	0.141842964646
chrY	14000000	14100000	47066	6105.0	0.129711469001
chrY	14100000	14200000	31191	4120.0	0.132089384758
chrY	14200000	14300000	38427	5263.0	0.13696099097
chrY	14300000	14400000	27999	3938.0	0.140647880281
chrY	14400000	14500000	11418	1589.0	0.139166228762
chrY	14500000	14600000	10002	1434.0	0.143371325735
chrY	14600000	14700000	22112	3399.0	0.153717438495
chrY	14700000	14800000	0	0.0	NA
chrY	14800000	14900000	0	0.0	NA
chrY	14900000	15000000	0	0.0	NA
chrY	15000000	15100000	0	0.0	NA
chrY	15100000	15200000	0	0.0	NA
chrY	15200000	15300000	0	0.0	NA
chrY	15300000	15400000	0	0.0	NA
chrY	15400000	15500000	0	0.0	NA
chrY	15500000	15600000	0	0.0	NA
chrY	15600000	15700000	0	0.0	NA
chrY	15700000	15800000	0	0.0	NA
chrY	15800000	15900000	25431	3441.0	0.135307302112
chrY	15900000	16000000	54016	7069.0	0.130868631517
chrY	16000000	16100000	22055	2655.0	0.120380866017
chrY	16100000	16200000	15395	2064.0	0.134069503085
chrY	16200000	16300000	46117	6429.0	0.13940629269
chrY	16300000	16400000	28864	4201.0	0.14554462306
chrY	16400000	16500000	46358	6330.0	0.136546011476
chrY	16500000	16600000	55147	8135.0	0.147514824016
chrY	16600000	16700000	9828	1488.0	0.151404151404
chrY	16700000	16800000	0	0.0	NA
chrY	16800000	16900000	0	0.0	NA
chrY	16900000	17000000	5063	696.0	0.137467904405
chrY	17000000	17100000	31659	4648.0	0.14681449193
chrY	17100000	17200000	42689	6450.0	0.151092787369
chrY	17200000	17300000	28371	4129.0	0.145535934581
chrY	17300000	17400000	53408	7721.0	0.1445663571
chrY	17400000	17500000	49119	6891.0	0.140291944054
chrY	17500000	17600000	47480	6599.0	0.13898483572
chrY	17600000	17700000	42019	5718.0	0.136081296556
chrY	17700000	17800000	42381	6145.0	0.144994219108
chrY	17800000	17900000	33912	4860.0	0.143312101911
chrY	17900000	18000000	49174	7122.0	0.144832635132
chrY	18000000	18100000	41105	6073.0	0.147743583506
chrY	18100000	18200000	25882	4021.0	0.155358936713
chrY	18200000	18300000	22133	3389.0	0.1531197759
chrY	18300000	18400000	1203	180.0	0.149625935162
chrY	18400000	18500000	9801	1575.0	0.160697887971
chrY	18500000	18600000	20791	3159.0	0.151940743591
chrY	18600000	18700000	45961	7216.0	0.157002676182
chrY	18700000	18800000	35703	5402.0	0.151303812005
chrY	18800000	18900000	41006	6098.0	0.148709944886
chrY	18900000	19000000	36436	5506.0	0.151114282578
chrY	19000000	19100000	27056	4245.0	0.156896806623
chrY	19100000	19200000	49148	7209.0	0.14667941727
chrY	19200000	19300000	40813	5921.0	0.14507632372
chrY	19300000	19400000	51058	7103.0	0.139116299111
chrY	19400000	19500000	42991	6170.0	0.14351841083
chrY	19500000	19600000	17150	2545.0	0.148396501458
chrY	19600000	19700000	0	0.0	NA
chrY	19700000	19800000	0	0.0	NA
chrY	19800000	19900000	0	0.0	NA
chrY	19900000	20000000	0	0.0	NA
chrY	20000000	20100000	0	0.0	NA
chrY	20100000	20200000	0	0.0	NA
chrY	20200000	20300000	0	0.0	NA
chrY	20300000	20400000	0	0.0	NA
chrY	20400000	20500000	0	0.0	NA
chrY	20500000	20600000	0	0.0	NA
chrY	20600000	20700000	0	0.0	NA
chrY	20700000	20800000	0	0.0	NA
chrY	20800000	20900000	12227	2014.0	0.164717428642
chrY	20900000	21000000	0	0.0	NA
chrY	21000000	21100000	0	0.0	NA
chrY	21100000	21200000	0	0.0	NA
chrY	21200000	21300000	3992	711.0	0.178106212425
chrY	21300000	21400000	12006	2036.0	0.169581875729
chrY	21400000	21500000	0	0.0	NA
chrY	21500000	21600000	0	0.0	NA
chrY	21600000	21700000	0	0.0	NA
chrY	21700000	21800000	0	0.0	NA
chrY	21800000	21900000	0	0.0	NA
chrY	21900000	22000000	0	0.0	NA
chrY	22000000	22100000	0	0.0	NA
chrY	22100000	22200000	0	0.0	NA
chrY	22200000	22300000	0	0.0	NA
chrY	22300000	22400000	0	0.0	NA
chrY	22400000	22500000	0	0.0	NA
chrY	22500000	22600000	0	0.0	NA
chrY	22600000	22700000	0	0.0	NA
chrY	22700000	22800000	0	0.0	NA
chrY	22800000	22900000	5305	859.0	0.16192271442
chrY	22900000	23000000	3027	450.0	0.148662041625
chrY	23000000	23100000	0	0.0	NA
chrY	23100000	23200000	0	0.0	NA
chrY	23200000	23300000	0	0.0	NA
chrY	23300000	23400000	0	0.0	NA
chrY	23400000	23500000	1916	310.0	0.161795407098
chrY	23500000	23600000	10590	1709.0	0.161378659112
chrY	23600000	23700000	0	0.0	NA
chrY	23700000	23800000	6494	837.0	0.128888204496
chrY	23800000	23900000	0	0.0	NA
chrY	23900000	24000000	0	0.0	NA
chrY	24000000	24100000	0	0.0	NA
chrY	24100000	24200000	0	0.0	NA
chrY	24200000	24300000	0	0.0	NA
chrY	24300000	24400000	3663	578.0	0.157794157794
chrY	24400000	24500000	11511	1922.0	0.166970723656
chrY	24500000	24600000	0	0.0	NA
chrY	24600000	24700000	0	0.0	NA
chrY	24700000	24800000	0	0.0	NA
chrY	24800000	24900000	0	0.0	NA
chrY	24900000	25000000	0	0.0	NA
chrY	25000000	25100000	0	0.0	NA
chrY	25100000	25200000	0	0.0	NA
chrY	25200000	25300000	0	0.0	NA
chrY	25300000	25400000	0	0.0	NA
chrY	25400000	25500000	0	0.0	NA
chrY	25500000	25600000	0	0.0	NA
chrY	25600000	25700000	0	0.0	NA
chrY	25700000	25800000	0	0.0	NA
chrY	25800000	25900000	0	0.0	NA
chrY	25900000	26000000	0	0.0	NA
chrY	26000000	26100000	0	0.0	NA
chrY	26100000	26200000	0	0.0	NA
chrY	26200000	26300000	0	0.0	NA
chrY	26300000	26400000	0	0.0	NA
chrY	26400000	26500000	0	0.0	NA
chrY	26500000	26600000	0	0.0	NA
chrY	26600000	26700000	0	0.0	NA
chrY	26700000	26800000	0	0.0	NA
chrY	26800000	26900000	0	0.0	NA
chrY	26900000	27000000	0	0.0	NA
chrY	27000000	27100000	0	0.0	NA
chrY	27100000	27200000	0	0.0	NA
chrY	27200000	27300000	0	0.0	NA
chrY	27300000	27400000	0	0.0	NA
chrY	27400000	27500000	0	0.0	NA
chrY	27500000	27600000	0	0.0	NA
chrY	27600000	27700000	0	0.0	NA
chrY	27700000	27800000	0	0.0	NA
chrY	27800000	27900000	0	0.0	NA
chrY	27900000	28000000	0	0.0	NA
chrY	28000000	28100000	0	0.0	NA
chrY	28100000	28200000	0	0.0	NA
chrY	28200000	28300000	0	0.0	NA
chrY	28300000	28400000	0	0.0	NA
chrY	28400000	28500000	4084	477.0	0.116797257591
chrY	28500000	28600000	6522	889.0	0.136307881018
chrY	28600000	28700000	6965	1039.0	0.149174443647
chrY	28700000	28800000	11871	1806.0	0.152135456154
chrY	28800000	28900000	0	0.0	NA
chrY	28900000	29000000	0	0.0	NA
chrY	29000000	29100000	0	0.0	NA
chrY	29100000	29200000	0	0.0	NA
chrY	29200000	29300000	0	0.0	NA
chrY	29300000	29400000	0	0.0	NA
chrY	29400000	29500000	0	0.0	NA
chrY	29500000	29600000	0	0.0	NA
chrY	29600000	29700000	0	0.0	NA
chrY	29700000	29800000	0	0.0	NA
chrY	29800000	29900000	0	0.0	NA
chrY	29900000	30000000	0	0.0	NA
chrY	30000000	30100000	0	0.0	NA
chrY	30100000	30200000	0	0.0	NA
chrY	30200000	30300000	0	0.0	NA
chrY	30300000	30400000	0	0.0	NA
chrY	30400000	30500000	0	0.0	NA
chrY	30500000	30600000	0	0.0	NA
chrY	30600000	30700000	0	0.0	NA
chrY	30700000	30800000	0	0.0	NA
chrY	30800000	30900000	0	0.0	NA
chrY	30900000	31000000	0	0.0	NA
chrY	31000000	31100000	0	0.0	NA
chrY	31100000	31200000	0	0.0	NA
chrY	31200000	31300000	0	0.0	NA
chrY	31300000	31400000	0	0.0	NA
chrY	31400000	31500000	0	0.0	NA
chrY	31500000	31600000	0	0.0	NA
chrY	31600000	31700000	0	0.0	NA
chrY	31700000	31800000	0	0.0	NA
chrY	31800000	31900000	0	0.0	NA
chrY	31900000	32000000	0	0.0	NA
chrY	32000000	32100000	0	0.0	NA
chrY	32100000	32200000	0	0.0	NA
chrY	32200000	32300000	0	0.0	NA
chrY	32300000	32400000	0	0.0	NA
chrY	32400000	32500000	0	0.0	NA
chrY	32500000	32600000	0	0.0	NA
chrY	32600000	32700000	0	0.0	NA
chrY	32700000	32800000	0	0.0	NA
chrY	32800000	32900000	0	0.0	NA
chrY	32900000	33000000	0	0.0	NA
chrY	33000000	33100000	0	0.0	NA
chrY	33100000	33200000	0	0.0	NA
chrY	33200000	33300000	0	0.0	NA
chrY	33300000	33400000	0	0.0	NA
chrY	33400000	33500000	0	0.0	NA
chrY	33500000	33600000	0	0.0	NA
chrY	33600000	33700000	0	0.0	NA
chrY	33700000	33800000	0	0.0	NA
chrY	33800000	33900000	0	0.0	NA
chrY	33900000	34000000	0	0.0	NA
chrY	34000000	34100000	0	0.0	NA
chrY	34100000	34200000	0	0.0	NA
chrY	34200000	34300000	0	0.0	NA
chrY	34300000	34400000	0	0.0	NA
chrY	34400000	34500000	0	0.0	NA
chrY	34500000	34600000	0	0.0	NA
chrY	34600000	34700000	0	0.0	NA
chrY	34700000	34800000	0	0.0	NA
chrY	34800000	34900000	0	0.0	NA
chrY	34900000	35000000	0	0.0	NA
chrY	35000000	35100000	0	0.0	NA
chrY	35100000	35200000	0	0.0	NA
chrY	35200000	35300000	0	0.0	NA
chrY	35300000	35400000	0	0.0	NA
chrY	35400000	35500000	0	0.0	NA
chrY	35500000	35600000	0	0.0	NA
chrY	35600000	35700000	0	0.0	NA
chrY	35700000	35800000	0	0.0	NA
chrY	35800000	35900000	0	0.0	NA
chrY	35900000	36000000	0	0.0	NA
chrY	36000000	36100000	0	0.0	NA
chrY	36100000	36200000	0	0.0	NA
chrY	36200000	36300000	0	0.0	NA
chrY	36300000	36400000	0	0.0	NA
chrY	36400000	36500000	0	0.0	NA
chrY	36500000	36600000	0	0.0	NA
chrY	36600000	36700000	0	0.0	NA
chrY	36700000	36800000	0	0.0	NA
chrY	36800000	36900000	0	0.0	NA
chrY	36900000	37000000	0	0.0	NA
chrY	37000000	37100000	0	0.0	NA
chrY	37100000	37200000	0	0.0	NA
chrY	37200000	37300000	0	0.0	NA
chrY	37300000	37400000	0	0.0	NA
chrY	37400000	37500000	0	0.0	NA
chrY	37500000	37600000	0	0.0	NA
chrY	37600000	37700000	0	0.0	NA
chrY	37700000	37800000	0	0.0	NA
chrY	37800000	37900000	0	0.0	NA
chrY	37900000	38000000	0	0.0	NA
chrY	38000000	38100000	0	0.0	NA
chrY	38100000	38200000	0	0.0	NA
chrY	38200000	38300000	0	0.0	NA
chrY	38300000	38400000	0	0.0	NA
chrY	38400000	38500000	0	0.0	NA
chrY	38500000	38600000	0	0.0	NA
chrY	38600000	38700000	0	0.0	NA
chrY	38700000	38800000	0	0.0	NA
chrY	38800000	38900000	0	0.0	NA
chrY	38900000	39000000	0	0.0	NA
chrY	39000000	39100000	0	0.0	NA
chrY	39100000	39200000	0	0.0	NA
chrY	39200000	39300000	0	0.0	NA
chrY	39300000	39400000	0	0.0	NA
chrY	39400000	39500000	0	0.0	NA
chrY	39500000	39600000	0	0.0	NA
chrY	39600000	39700000	0	0.0	NA
chrY	39700000	39800000	0	0.0	NA
chrY	39800000	39900000	0	0.0	NA
chrY	39900000	40000000	0	0.0	NA
chrY	40000000	40100000	0	0.0	NA
chrY	40100000	40200000	0	0.0	NA
chrY	40200000	40300000	0	0.0	NA
chrY	40300000	40400000	0	0.0	NA
chrY	40400000	40500000	0	0.0	NA
chrY	40500000	40600000	0	0.0	NA
chrY	40600000	40700000	0	0.0	NA
chrY	40700000	40800000	0	0.0	NA
chrY	40800000	40900000	0	0.0	NA
chrY	40900000	41000000	0	0.0	NA
chrY	41000000	41100000	0	0.0	NA
chrY	41100000	41200000	0	0.0	NA
chrY	41200000	41300000	0	0.0	NA
chrY	41300000	41400000	0	0.0	NA
chrY	41400000	41500000	0	0.0	NA
chrY	41500000	41600000	0	0.0	NA
chrY	41600000	41700000	0	0.0	NA
chrY	41700000	41800000	0	0.0	NA
chrY	41800000	41900000	0	0.0	NA
chrY	41900000	42000000	0	0.0	NA
chrY	42000000	42100000	0	0.0	NA
chrY	42100000	42200000	0	0.0	NA
chrY	42200000	42300000	0	0.0	NA
chrY	42300000	42400000	0	0.0	NA
chrY	42400000	42500000	0	0.0	NA
chrY	42500000	42600000	0	0.0	NA
chrY	42600000	42700000	0	0.0	NA
chrY	42700000	42800000	0	0.0	NA
chrY	42800000	42900000	0	0.0	NA
chrY	42900000	43000000	0	0.0	NA
chrY	43000000	43100000	0	0.0	NA
chrY	43100000	43200000	0	0.0	NA
chrY	43200000	43300000	0	0.0	NA
chrY	43300000	43400000	0	0.0	NA
chrY	43400000	43500000	0	0.0	NA
chrY	43500000	43600000	0	0.0	NA
chrY	43600000	43700000	0	0.0	NA
chrY	43700000	43800000	0	0.0	NA
chrY	43800000	43900000	0	0.0	NA
chrY	43900000	44000000	0	0.0	NA
chrY	44000000	44100000	0	0.0	NA
chrY	44100000	44200000	0	0.0	NA
chrY	44200000	44300000	0	0.0	NA
chrY	44300000	44400000	0	0.0	NA
chrY	44400000	44500000	0	0.0	NA
chrY	44500000	44600000	0	0.0	NA
chrY	44600000	44700000	0	0.0	NA
chrY	44700000	44800000	0	0.0	NA
chrY	44800000	44900000	0	0.0	NA
chrY	44900000	45000000	0	0.0	NA
chrY	45000000	45100000	0	0.0	NA
chrY	45100000	45200000	0	0.0	NA
chrY	45200000	45300000	0	0.0	NA
chrY	45300000	45400000	0	0.0	NA
chrY	45400000	45500000	0	0.0	NA
chrY	45500000	45600000	0	0.0	NA
chrY	45600000	45700000	0	0.0	NA
chrY	45700000	45800000	0	0.0	NA
chrY	45800000	45900000	0	0.0	NA
chrY	45900000	46000000	0	0.0	NA
chrY	46000000	46100000	0	0.0	NA
chrY	46100000	46200000	0	0.0	NA
chrY	46200000	46300000	0	0.0	NA
chrY	46300000	46400000	0	0.0	NA
chrY	46400000	46500000	0	0.0	NA
chrY	46500000	46600000	0	0.0	NA
chrY	46600000	46700000	0	0.0	NA
chrY	46700000	46800000	0	0.0	NA
chrY	46800000	46900000	0	0.0	NA
chrY	46900000	47000000	0	0.0	NA
chrY	47000000	47100000	0	0.0	NA
chrY	47100000	47200000	0	0.0	NA
chrY	47200000	47300000	0	0.0	NA
chrY	47300000	47400000	0	0.0	NA
chrY	47400000	47500000	0	0.0	NA
chrY	47500000	47600000	0	0.0	NA
chrY	47600000	47700000	0	0.0	NA
chrY	47700000	47800000	0	0.0	NA
chrY	47800000	47900000	0	0.0	NA
chrY	47900000	48000000	0	0.0	NA
chrY	48000000	48100000	0	0.0	NA
chrY	48100000	48200000	0	0.0	NA
chrY	48200000	48300000	0	0.0	NA
chrY	48300000	48400000	0	0.0	NA
chrY	48400000	48500000	0	0.0	NA
chrY	48500000	48600000	0	0.0	NA
chrY	48600000	48700000	0	0.0	NA
chrY	48700000	48800000	0	0.0	NA
chrY	48800000	48900000	0	0.0	NA
chrY	48900000	49000000	0	0.0	NA
chrY	49000000	49100000	0	0.0	NA
chrY	49100000	49200000	0	0.0	NA
chrY	49200000	49300000	0	0.0	NA
chrY	49300000	49400000	0	0.0	NA
chrY	49400000	49500000	0	0.0	NA
chrY	49500000	49600000	0	0.0	NA
chrY	49600000	49700000	0	0.0	NA
chrY	49700000	49800000	0	0.0	NA
chrY	49800000	49900000	0	0.0	NA
chrY	49900000	50000000	0	0.0	NA
chrY	50000000	50100000	0	0.0	NA
chrY	50100000	50200000	0	0.0	NA
chrY	50200000	50300000	0	0.0	NA
chrY	50300000	50400000	0	0.0	NA
chrY	50400000	50500000	0	0.0	NA
chrY	50500000	50600000	0	0.0	NA
chrY	50600000	50700000	0	0.0	NA
chrY	50700000	50800000	0	0.0	NA
chrY	50800000	50900000	0	0.0	NA
chrY	50900000	51000000	0	0.0	NA
chrY	51000000	51100000	0	0.0	NA
chrY	51100000	51200000	0	0.0	NA
chrY	51200000	51300000	0	0.0	NA
chrY	51300000	51400000	0	0.0	NA
chrY	51400000	51500000	0	0.0	NA
chrY	51500000	51600000	0	0.0	NA
chrY	51600000	51700000	0	0.0	NA
chrY	51700000	51800000	0	0.0	NA
chrY	51800000	51900000	0	0.0	NA
chrY	51900000	52000000	0	0.0	NA
chrY	52000000	52100000	0	0.0	NA
chrY	52100000	52200000	0	0.0	NA
chrY	52200000	52300000	0	0.0	NA
chrY	52300000	52400000	0	0.0	NA
chrY	52400000	52500000	0	0.0	NA
chrY	52500000	52600000	0	0.0	NA
chrY	52600000	52700000	0	0.0	NA
chrY	52700000	52800000	0	0.0	NA
chrY	52800000	52900000	0	0.0	NA
chrY	52900000	53000000	0	0.0	NA
chrY	53000000	53100000	0	0.0	NA
chrY	53100000	53200000	0	0.0	NA
chrY	53200000	53300000	0	0.0	NA
chrY	53300000	53400000	0	0.0	NA
chrY	53400000	53500000	0	0.0	NA
chrY	53500000	53600000	0	0.0	NA
chrY	53600000	53700000	0	0.0	NA
chrY	53700000	53800000	0	0.0	NA
chrY	53800000	53900000	0	0.0	NA
chrY	53900000	54000000	0	0.0	NA
chrY	54000000	54100000	0	0.0	NA
chrY	54100000	54200000	0	0.0	NA
chrY	54200000	54300000	0	0.0	NA
chrY	54300000	54400000	0	0.0	NA
chrY	54400000	54500000	0	0.0	NA
chrY	54500000	54600000	0	0.0	NA
chrY	54600000	54700000	0	0.0	NA
chrY	54700000	54800000	0	0.0	NA
chrY	54800000	54900000	0	0.0	NA
chrY	54900000	55000000	0	0.0	NA
chrY	55000000	55100000	0	0.0	NA
chrY	55100000	55200000	0	0.0	NA
chrY	55200000	55300000	0	0.0	NA
chrY	55300000	55400000	0	0.0	NA
chrY	55400000	55500000	0	0.0	NA
chrY	55500000	55600000	0	0.0	NA
chrY	55600000	55700000	0	0.0	NA
chrY	55700000	55800000	0	0.0	NA
chrY	55800000	55900000	0	0.0	NA
chrY	55900000	56000000	0	0.0	NA
chrY	56000000	56100000	0	0.0	NA
chrY	56100000	56200000	0	0.0	NA
chrY	56200000	56300000	0	0.0	NA
chrY	56300000	56400000	0	0.0	NA
chrY	56400000	56500000	0	0.0	NA
chrY	56500000	56600000	0	0.0	NA
chrY	56600000	56700000	0	0.0	NA
chrY	56700000	56800000	0	0.0	NA
chrY	56800000	56900000	0	0.0	NA
chrY	56900000	57000000	0	0.0	NA
chrY	57000000	57100000	0	0.0	NA
chrY	57100000	57200000	0	0.0	NA
chrY	57200000	57300000	0	0.0	NA
chrY	57300000	57400000	0	0.0	NA
chrY	57400000	57500000	0	0.0	NA
chrY	57500000	57600000	0	0.0	NA
chrY	57600000	57700000	0	0.0	NA
chrY	57700000	57800000	0	0.0	NA
chrY	57800000	57900000	0	0.0	NA
chrY	57900000	58000000	0	0.0	NA
chrY	58000000	58100000	0	0.0	NA
chrY	58100000	58200000	0	0.0	NA
chrY	58200000	58300000	0	0.0	NA
chrY	58300000	58400000	0	0.0	NA
chrY	58400000	58500000	0	0.0	NA
chrY	58500000	58600000	0	0.0	NA
chrY	58600000	58700000	0	0.0	NA
chrY	58700000	58800000	0	0.0	NA
chrY	58800000	58900000	0	0.0	NA
chrY	58900000	59000000	0	0.0	NA
chrY	59000000	59100000	0	0.0	NA
chrY	59100000	59200000	0	0.0	NA
chrY	59200000	59300000	0	0.0	NA
chrY	59300000	59373566	0	0.0	NA
